#Insight Transform File V1.0
#Transform 0
Transform: AffineTransform_float_3_3
Parameters: 1 -9.56698e-05 0.000206923 9.58972e-05 0.999999 -0.000549827 -0.000206818 0.000549172 1 -0.0233638 -0.115942 -0.00548099
FixedParameters: 0 0 0

#Transform 1
Transform: AffineTransform_float_3_3
Parameters: 1 -0.000167787 0.00033412 0.000167787 1 5.60611e-08 -0.00033412 5.60611e-08 1 -0.0243744 -0.141495 0.0596274
FixedParameters: 0 0 0

#Transform 2
Transform: AffineTransform_float_3_3
Parameters: 1 -0.000243934 0.000103544 0.000243934 1 2.52578e-08 -0.000103544 2.52578e-08 1 -0.0139708 -0.124927 0.0531955
FixedParameters: 0 0 0

#Transform 3
Transform: AffineTransform_float_3_3
Parameters: 1 -0.000230435 0.000196727 0.000230504 1 -0.000173955 -0.000196647 0.000174045 1 -0.0190515 -0.0797839 0.0159925
FixedParameters: 0 0 0

#Transform 4
Transform: AffineTransform_float_3_3
Parameters: 1 0 0 0 1 -0.00015 0 0.00015 1 0 -0.0167015 -0.054038
FixedParameters: 0 0 0

#Transform 5
Transform: AffineTransform_float_3_3
Parameters: 1 6.06152e-05 0.000142656 -6.05114e-05 1 -0.000364009 -0.0001427 0.000363991 1 -0.00754184 -0.0304416 -0.0818051
FixedParameters: 0 0 0

#Transform 6
Transform: AffineTransform_float_3_3
Parameters: 1 -0.000272445 0.000115714 0.000272494 1 -0.000211968 -0.000115599 0.000212031 1 -0.0236209 -0.0948754 0.0311656
FixedParameters: 0 0 0

#Transform 7
Transform: AffineTransform_float_3_3
Parameters: 1 0 0 0 1 -2.5e-05 0 2.5e-05 1 -0.006251 -0.103343 0.021156
FixedParameters: 0 0 0

#Transform 8
Transform: AffineTransform_float_3_3
Parameters: 1 5.19493e-05 0.000122435 -5.19851e-05 1 0.000145994 -0.00012242 -0.000146006 1 -0.0104925 -0.0654413 0.0131641
FixedParameters: 0 0 0

#Transform 9
Transform: AffineTransform_float_3_3
Parameters: 1 4.22078e-05 9.94108e-05 -4.21901e-05 1 -8.90042e-05 -9.94183e-05 8.89958e-05 1 -0.00188362 -0.0375102 0.00472286
FixedParameters: 0 0 0

#Transform 10
Transform: AffineTransform_float_3_3
Parameters: 1 6.68543e-05 0.00015739 -6.67756e-05 1 -0.00025001 -0.000157423 0.000249989 1 -0.0030273 0.00932762 -0.0574411
FixedParameters: 0 0 0

#Transform 11
Transform: AffineTransform_float_3_3
Parameters: 1 -3.30137e-05 0.000259634 3.33891e-05 0.999999 -0.000722991 -0.000259586 0.000723008 0.999999 -0.00573465 0.0375525 -0.110368
FixedParameters: 0 0 0

#Transform 12
Transform: AffineTransform_float_3_3
Parameters: 1 0 0 0 1 -0.000553 0 0.000553 1 -0.005082 -0.0805665 0.0275797
FixedParameters: 0 0 0

#Transform 13
Transform: AffineTransform_float_3_3
Parameters: 1 0 0 0 1 -1e-05 0 1e-05 1 0 -0.0777002 0.0379446
FixedParameters: 0 0 0

#Transform 14
Transform: AffineTransform_float_3_3
Parameters: 1 -0.000158346 6.71606e-05 0.000158308 1 0.000285011 -6.72508e-05 -0.000284989 1 -0.00236321 -0.0418178 0.0148724
FixedParameters: 0 0 0

#Transform 15
Transform: AffineTransform_float_3_3
Parameters: 1 0 0 0 1 -0.000444 0 0.000444 1 0 -0.0180323 -0.00921331
FixedParameters: 0 0 0

#Transform 16
Transform: AffineTransform_float_3_3
Parameters: 1 -1.99298e-05 -4.69447e-05 1.99247e-05 1 -5.40009e-05 4.69468e-05 5.39991e-05 1 0.00415032 -0.0712456 0.0491546
FixedParameters: 0 0 0

#Transform 17
Transform: AffineTransform_float_3_3
Parameters: 1 2.49819e-05 5.89229e-05 -2.50316e-05 1 0.000421998 -5.89018e-05 -0.000422001 1 -0.0010978 -0.0661819 0.0352595
FixedParameters: 0 0 0

#Transform 18
Transform: AffineTransform_float_3_3
Parameters: 1 0 0 0 1 9.6e-05 0 -9.6e-05 1 0.004056 -0.0480089 0.0166157
FixedParameters: 0 0 0

#Transform 19
Transform: AffineTransform_float_3_3
Parameters: 1 0 0 0 1 -3.9e-05 0 3.9e-05 1 0.008862 -0.00826202 -0.0136127
FixedParameters: 0 0 0

#Transform 20
Transform: AffineTransform_float_3_3
Parameters: 1 1.82633e-05 -0.000192433 -1.8261e-05 1 6.00351e-06 0.000192433 -5.99649e-06 1 0.00428281 -0.0433226 0.0162869
FixedParameters: 0 0 0

#Transform 21
Transform: AffineTransform_float_3_3
Parameters: 1 0 0 0 1 0.000177 0 -0.000177 1 0.010874 -0.0664727 0.0232008
FixedParameters: 0 0 0

#Transform 22
Transform: AffineTransform_float_3_3
Parameters: 1 0 0 0 1 0.000151 0 -0.000151 1 0 -0.0253088 -0.00688569
FixedParameters: 0 0 0

#Transform 23
Transform: AffineTransform_float_3_3
Parameters: 1 0 0 0 1 0.000199 0 -0.000199 1 0.008979 0.00162009 -0.0463893
FixedParameters: 0 0 0

#Transform 24
Transform: AffineTransform_float_3_3
Parameters: 1 0 0 0 1 0.000325 0 -0.000325 1 0.005905 -0.0274707 0.00452887
FixedParameters: 0 0 0

#Transform 25
Transform: AffineTransform_float_3_3
Parameters: 1 -3.51347e-05 -8.28586e-05 3.51968e-05 1 0.000374997 8.28322e-05 -0.000375003 1 0.00157989 -0.0756807 0.024413
FixedParameters: 0 0 0

#Transform 26
Transform: AffineTransform_float_3_3
Parameters: 1 0 0 0 0.999999 0.000714 0 -0.000714 0.999999 0.004044 -0.0539164 0.00774847
FixedParameters: 0 0 0

#Transform 27
Transform: AffineTransform_float_3_3
Parameters: 1 0.000110466 -4.68757e-05 -0.000110455 1 0.000109005 4.68998e-05 -0.000108995 1 0.0145538 0.00112873 -0.0202132
FixedParameters: 0 0 0

#Transform 28
Transform: AffineTransform_float_3_3
Parameters: 1 0 0 0 1 -0.00014 0 0.00014 1 0.010928 -0.00601564 0.00530623
FixedParameters: 0 0 0

#Transform 29
Transform: AffineTransform_float_3_3
Parameters: 1 0 0 0 1 0.000142 0 -0.000142 1 0 -0.0624908 0.0529924
FixedParameters: 0 0 0

#Transform 30
Transform: AffineTransform_float_3_3
Parameters: 1 0 0 0 1 0.000324 0 -0.000324 1 0 -0.0400468 0.0342208
FixedParameters: 0 0 0

#Transform 31
Transform: AffineTransform_float_3_3
Parameters: 1 0 0 0 1 -0.0002 0 0.0002 1 0 0.0115396 -0.00315011
FixedParameters: 0 0 0

#Transform 32
Transform: AffineTransform_float_3_3
Parameters: 1 0.000123337 -5.23826e-05 -0.000123358 1 -0.000199994 5.23333e-05 0.000200006 1 0.0205113 0.00341475 -0.00427641
FixedParameters: 0 0 0

#Transform 33
Transform: AffineTransform_float_3_3
Parameters: 1 0 0 0 0.999999 0.000834999 0 -0.000834999 0.999999 0.015823 -0.0565381 0.057393
FixedParameters: 0 0 0

#Transform 34
Transform: AffineTransform_float_3_3
Parameters: 1 0 0 0 1 0.00058 0 -0.00058 1 0.016328 -0.0389163 0.052917
FixedParameters: 0 0 0

#Transform 35
Transform: AffineTransform_float_3_3
Parameters: 1 0 0 0 1 0.000433 0 -0.000433 1 0.016334 -0.0168505 0.0342028
FixedParameters: 0 0 0

#Transform 36
Transform: AffineTransform_float_3_3
Parameters: 1 0 0 0 1 -1.9e-05 0 1.9e-05 1 0.016334 0.0335946 -0.015653
FixedParameters: 0 0 0

#Transform 37
Transform: AffineTransform_float_3_3
Parameters: 1 6.99717e-05 -2.96641e-05 -6.9945e-05 1 0.000449002 2.9727e-05 -0.000448998 1 0.017373 -0.0223641 0.0559956
FixedParameters: 0 0 0

#Transform 38
Transform: AffineTransform_float_3_3
Parameters: 1 2.14521e-05 5.06439e-05 -2.15283e-05 0.999999 0.000751998 -5.06116e-05 -0.000752001 0.999999 0.0153684 -0.0584181 0.0835801
FixedParameters: 0 0 0

#Transform 39
Transform: AffineTransform_float_3_3
Parameters: 1 0.000115074 -4.88157e-05 -0.000115052 1 0.000223006 4.8867e-05 -0.000222994 1 0.0314392 -0.0039557 0.0439764
FixedParameters: 0 0 0

#Transform 40
Transform: AffineTransform_float_3_3
Parameters: 1 0.00013075 -5.53934e-05 -0.000130673 1 0.000691007 5.55741e-05 -0.000690992 1 0.0290619 0.0239773 0.0118873
FixedParameters: 0 0 0

#Transform 41
Transform: AffineTransform_float_3_3
Parameters: 1 0 0 0 0.999999 0.000810999 0 -0.000810999 0.999999 0.025701 -0.0399359 0.0836028
FixedParameters: 0 0 0

#Transform 42
Transform: AffineTransform_float_3_3
Parameters: 1 8.28771e-05 -3.5091e-05 -8.28137e-05 0.999999 0.000902002 3.52405e-05 -0.000901996 0.999999 0.0320677 -0.0635555 0.094834
FixedParameters: 0 0 0

#Transform 43
Transform: AffineTransform_float_3_3
Parameters: 1 9.75943e-05 -4.13684e-05 -9.75527e-05 1 0.000503004 4.14666e-05 -0.000502996 1 0.0288519 0.020218 0.0422067
FixedParameters: 0 0 0

#Transform 44
Transform: AffineTransform_float_3_3
Parameters: 1 0.000228607 -3.72648e-05 -0.0002286 1 9.60085e-05 3.73086e-05 -9.59915e-05 1 0.0368901 0.0226363 0.0176722
FixedParameters: 0 0 0

#Transform 45
Transform: AffineTransform_float_3_3
Parameters: 1 -3.00554e-05 -7.0892e-05 3.01172e-05 1 0.000435998 7.08657e-05 -0.000436002 1 0.0361235 -0.0328712 0.0952821
FixedParameters: 0 0 0

#Transform 46
Transform: AffineTransform_float_3_3
Parameters: 1 0 0 0 1 0.001099 0 -0.001099 1 0.034806 -0.037572 0.088341
FixedParameters: 0 0 0

#Transform 47
Transform: AffineTransform_float_3_3
Parameters: 1 0.000255945 -0.000108519 -0.000255856 1 0.000407028 0.000108727 -0.000406972 1 0.0328157 0.016406 0.0465785
FixedParameters: 0 0 0

#Transform 48
Transform: AffineTransform_float_3_3
Parameters: 1 0.000298248 -0.000126586 -0.000298239 1 3.70378e-05 0.000126608 -3.69622e-05 1 0.0358798 0.044699 0.0228935
FixedParameters: 0 0 0

#Transform 49
Transform: AffineTransform_float_3_3
Parameters: 1 0.000343479 -0.000145434 -0.000343217 0.999999 0.000898049 0.000146051 -0.000897949 0.999999 0.0397975 -0.0279972 0.0601467
FixedParameters: 0 0 0

#Transform 50
Transform: AffineTransform_float_3_3
Parameters: 1 0.000155607 -6.59358e-05 -0.000155524 1 0.00062801 6.61312e-05 -0.000627989 1 0.0371001 -0.0245239 0.0805707
FixedParameters: 0 0 0

#Transform 51
Transform: AffineTransform_float_3_3
Parameters: 1 0.000361847 -0.000153348 -0.000361669 1 0.000578055 0.000153766 -0.000577944 1 0.040103 0.0163405 0.0460847
FixedParameters: 0 0 0

#Transform 52
Transform: AffineTransform_float_3_3
Parameters: 1 0.00036175 -0.000153578 -0.000361767 1 -5.69444e-05 0.000153537 5.70555e-05 1 0.0401275 0.0620595 0.000862433
FixedParameters: 0 0 0

#Transform 53
Transform: AffineTransform_float_3_3
Parameters: 1 0.000348993 -0.0001478 -0.000348749 0.999999 0.000821051 0.000148373 -0.000820948 0.999999 0.039927 -0.0131804 0.0644449
FixedParameters: 0 0 0

#Transform 54
Transform: AffineTransform_float_3_3
Parameters: 1 0.000121551 -0.000279582 -0.000121205 1 0.000619034 0.000279733 -0.000618966 1 0.0414725 -0.0397784 0.0890772
FixedParameters: 0 0 0

#Transform 55
Transform: AffineTransform_float_3_3
Parameters: 1 0.000241216 -0.000102268 -0.000241128 1 0.000428025 0.000102475 -0.000427975 1 0.0383472 -0.0268012 0.091775
FixedParameters: 0 0 0

#Transform 56
Transform: AffineTransform_float_3_3
Parameters: 1 0.000331592 -0.000234999 -0.000331302 1 0.000617078 0.000235409 -0.000616922 1 0.0382362 0.0309754 0.0588207
FixedParameters: 0 0 0

#Transform 57
Transform: AffineTransform_float_3_3
Parameters: 1 0.000413043 -0.000480604 -0.000413059 1 -1.68015e-05 0.00048059 1.71985e-05 1 0.0441889 0.0584428 -0.01055
FixedParameters: 0 0 0

#Transform 58
Transform: AffineTransform_float_3_3
Parameters: 1 0.000552399 -0.000234211 -0.000552206 1 0.000411129 0.000234665 -0.00041087 1 0.0429079 -0.00278898 0.0597535
FixedParameters: 0 0 0

#Transform 59
Transform: AffineTransform_float_3_3
Parameters: 1 0.000528849 -7.95711e-05 -0.000528728 0.999999 0.000757042 8.03717e-05 -0.000756957 0.999999 0.0394956 -0.0318996 0.0970997
FixedParameters: 0 0 0

#Transform 60
Transform: AffineTransform_float_3_3
Parameters: 1 0.000510092 -0.000123916 -0.000509975 1 0.000470063 0.000124395 -0.000469936 1 0.0403849 -0.0125524 0.0931653
FixedParameters: 0 0 0

#Transform 61
Transform: AffineTransform_float_3_3
Parameters: 1 0.000458369 -0.000194683 -0.000458453 1 -0.000214911 0.000194485 0.000215089 1 0.041567 0.0409686 0.0483282
FixedParameters: 0 0 0

#Transform 62
Transform: AffineTransform_float_3_3
Parameters: 0.999999 0.000669297 -0.000283848 -0.000669116 0.999999 0.00031819 0.000284274 -0.00031781 1 0.0412138 0.0272313 0.0497401
FixedParameters: 0 0 0

#Transform 63
Transform: AffineTransform_float_3_3
Parameters: 1 0.000573515 -0.000148478 -0.000573303 0.999999 0.000709085 0.000149291 -0.000708914 0.999999 0.041253 -0.0135623 0.114263
FixedParameters: 0 0 0

#Transform 64
Transform: AffineTransform_float_3_3
Parameters: 1 0.000546996 -0.000118789 -0.000547222 0.999999 0.000696065 0.00011863 -0.000695935 1 0.0403618 -0.0110873 0.132301
FixedParameters: 0 0 0

#Transform 65
Transform: AffineTransform_float_3_3
Parameters: 1 0.000585478 -0.000248416 -0.000585403 1 0.000151145 0.000248593 -0.000150854 1 0.0433211 0.0329877 0.090219
FixedParameters: 0 0 0

#Transform 66
Transform: AffineTransform_float_3_3
Parameters: 1 0.000642608 -0.000272505 -0.000642416 0.999999 0.000351175 0.000272956 -0.000350825 1 0.0442333 0.0399089 0.0215113
FixedParameters: 0 0 0

#Transform 67
Transform: AffineTransform_float_3_3
Parameters: 1 0.000619528 -0.000262894 -0.000619471 1 0.000110163 0.00026303 -0.000109837 1 0.0438348 0.0141379 0.0991631
FixedParameters: 0 0 0

#Transform 68
Transform: AffineTransform_float_3_3
Parameters: 1 0.000565327 -0.000239584 -0.000565052 0.999999 0.000574135 0.000240233 -0.000573864 1 0.0430884 -0.0162365 0.132949
FixedParameters: 0 0 0

#Transform 69
Transform: AffineTransform_float_3_3
Parameters: 1 0.00060192 -0.000317214 -0.000601741 1 0.000282191 0.000317554 -0.000281809 1 0.0417109 0.0148474 0.111856
FixedParameters: 0 0 0

#Transform 70
Transform: AffineTransform_float_3_3
Parameters: 0.999999 0.00075121 -0.000318652 -0.000751053 0.999999 0.000245239 0.00031902 -0.00024476 1 0.0458201 0.0809197 0.0545795
FixedParameters: 0 0 0

#Transform 71
Transform: AffineTransform_float_3_3
Parameters: 1 0.000668024 -0.000207509 -0.000668021 1 7.13862e-06 0.000207518 -6.86137e-06 1 0.0429148 0.0469401 0.0594396
FixedParameters: 0 0 0

#Transform 72
Transform: AffineTransform_float_3_3
Parameters: 1 0.000663899 -0.000112241 -0.000663869 1 0.000134075 0.000112419 -0.000133925 1 0.0409 -0.0204612 0.16446
FixedParameters: 0 0 0

#Transform 73
Transform: AffineTransform_float_3_3
Parameters: 0.999999 0.000716475 -0.000133955 -0.000716623 1 0.000902736 0.000134329 -0.000903264 0.999999 0.0317086 -0.00935865 0.148385
FixedParameters: 0 0 0

#Transform 74
Transform: AffineTransform_float_3_3
Parameters: 0.999999 0.000717262 -0.000319305 -0.000716989 0.999999 0.000426229 0.000319916 -0.00042577 1 0.0349493 0.0262101 0.123489
FixedParameters: 0 0 0

#Transform 75
Transform: AffineTransform_float_3_3
Parameters: 0.999999 0.000681886 -0.000494765 -0.000681886 1 3.37374e-07 0.000494765 3.37374e-07 1 0.0372741 0.0748419 0.0422464
FixedParameters: 0 0 0

#Transform 76
Transform: AffineTransform_float_3_3
Parameters: 0.999999 0.000691945 -0.000217705 -0.000691966 1 -4.68494e-05 0.00021764 4.71506e-05 1 0.0313818 0.038892 0.0846912
FixedParameters: 0 0 0

#Transform 77
Transform: AffineTransform_float_3_3
Parameters: 0.999999 0.000725639 -0.000138083 -0.000725868 0.999999 0.0005871 0.000138015 -0.0005869 1 0.0225078 -0.0240218 0.145796
FixedParameters: 0 0 0

#Transform 78
Transform: AffineTransform_float_3_3
Parameters: 0.999999 0.000725639 -0.000138085 -0.000725868 0.999999 0.0005841 0.000138012 -0.0005839 1 0.0336165 0.00765244 0.140429
FixedParameters: 0 0 0

#Transform 79
Transform: AffineTransform_float_3_3
Parameters: 0.999999 0.000725582 -0.000138383 -0.000725534 0.999999 0.0001741 0.000138635 -0.000173899 1 0.0418228 0.0603896 0.0827351
FixedParameters: 0 0 0

#Transform 80
Transform: AffineTransform_float_3_3
Parameters: 1 0.000558961 -6.76671e-05 -0.000558932 1 0.000214038 6.79063e-05 -0.000213962 1 0.0394936 0.109122 -0.0142648
FixedParameters: 0 0 0

#Transform 81
Transform: AffineTransform_float_3_3
Parameters: 0.999999 0.000695109 -0.000210215 -0.000695053 0.999999 0.000134146 0.000210401 -0.000133854 1 0.0367305 0.048773 0.0472716
FixedParameters: 0 0 0

#Transform 82
Transform: AffineTransform_float_3_3
Parameters: 0.999999 0.000725663 -0.000137961 -0.000725845 1 0.000755741 0.000138137 -0.00075626 1 0.0333963 -0.017076 0.156921
FixedParameters: 0 0 0

#Transform 83
Transform: AffineTransform_float_3_3
Parameters: 1 0.000674073 -0.000116265 -0.000673418 0.999999 0.000539078 0.00011568 -0.000538922 1 0.0332619 0.0215328 0.146246
FixedParameters: 0 0 0

#Transform 84
Transform: AffineTransform_float_3_3
Parameters: 0.999999 0.000725673 -0.000137909 -0.000725835 1 0.000826741 0.000138189 -0.00082726 0.999999 0.0168611 0.0390828 0.1278
FixedParameters: 0 0 0

#Transform 85
Transform: AffineTransform_float_3_3
Parameters: 0.999999 0.000725578 -0.000138407 -0.000725539 0.999999 0.0001411 0.000138611 -0.000140899 1 0.0308133 0.113753 0.0624764
FixedParameters: 0 0 0

#Transform 86
Transform: AffineTransform_float_3_3
Parameters: 1 0.000577353 -0.000282934 -0.000577223 1 0.000230163 0.0002832 -0.000229836 1 0.0364941 0.0782898 0.0681184
FixedParameters: 0 0 0

#Transform 87
Transform: AffineTransform_float_3_3
Parameters: 0.999999 0.000725702 -0.000137753 -0.000725805 0.999999 0.0010421 0.000138345 -0.0010419 1 0.029003 0.00403237 0.168717
FixedParameters: 0 0 0

#Transform 88
Transform: AffineTransform_float_3_3
Parameters: 0.999999 0.000773517 -0.000158376 -0.000773723 0.999999 0.000583122 0.000158357 -0.000582877 1 0.0268733 0.0196722 0.148123
FixedParameters: 0 0 0

#Transform 89
Transform: AffineTransform_float_3_3
Parameters: 0.999999 0.000889625 -0.00020713 -0.000888662 0.999999 0.00104419 0.000207676 -0.00104382 1 0.0249574 0.032688 0.135872
FixedParameters: 0 0 0

#Transform 90
Transform: AffineTransform_float_3_3
Parameters: 0.999999 0.000969264 -0.000129827 -0.000969205 0.999999 0.000228126 0.000130269 -0.000227874 1 0.0177457 0.124968 0.0380713
FixedParameters: 0 0 0

#Transform 91
Transform: AffineTransform_float_3_3
Parameters: 1 0.00107366 -0.000285661 -0.00107376 0.999999 0.000506947 0.00028583 -0.000507053 1 0.0185466 0.0667248 0.0608286
FixedParameters: 0 0 0

#Transform 92
Transform: AffineTransform_float_3_3
Parameters: 1 0.000933782 -0.000226037 -0.000933796 1 0.000832699 0.000226671 -0.000832301 0.999999 0.0110436 0.0190084 0.136545
FixedParameters: 0 0 0

#Transform 93
Transform: AffineTransform_float_3_3
Parameters: 0.999999 0.000991732 -0.000150847 -0.000991922 0.999999 0.00066379 0.000151244 -0.00066421 1 0.00968667 0.0380614 0.112926
FixedParameters: 0 0 0

#Transform 94
Transform: AffineTransform_float_3_3
Parameters: 1 0.00115431 -0.000128691 -0.00115418 1 0.000506637 0.00012986 -0.000506363 1 0.00829125 0.10246 0.0625182
FixedParameters: 0 0 0

#Transform 95
Transform: AffineTransform_float_3_3
Parameters: 0.999999 0.00107667 -9.16879e-05 -0.00107662 1 0.000281587 9.2294e-05 -0.000281413 1 0.00888848 0.103681 -0.00653357
FixedParameters: 0 0 0

#Transform 96
Transform: AffineTransform_float_3_3
Parameters: 0.999999 0.00131257 -0.000165183 -0.00131275 0.999999 0.000636858 0.000165935 -0.000637142 1 0.0118163 0.0305004 0.110263
FixedParameters: 0 0 0

#Transform 97
Transform: AffineTransform_float_3_3
Parameters: 1 0.00106719 -0.000282996 -0.00106733 1 0.000444943 0.000283025 -0.000445058 1 0.0129982 0.0211757 0.134976
FixedParameters: 0 0 0

#Transform 98
Transform: AffineTransform_float_3_3
Parameters: 1 0.00110771 -8.29868e-07 -0.00110771 0.999999 5.20009e-05 9.45081e-07 -5.1999e-05 1 0.00712487 0.0718031 0.103355
FixedParameters: 0 0 0

#Transform 99
Transform: AffineTransform_float_3_3
Parameters: 1 0.00114533 -0.000249824 -0.00114509 0.999999 0.000478927 0.000250921 -0.000479073 1 0.0128471 0.106902 -0.0274162
FixedParameters: 0 0 0

#Transform 100
Transform: AffineTransform_float_3_3
Parameters: 0.999999 0.00124427 3.67541e-05 -0.00124427 0.999999 6.5946e-06 -3.67366e-05 -7.40539e-06 1 0.00716676 0.132609 0.0032085
FixedParameters: 0 0 0

#Transform 101
Transform: AffineTransform_float_3_3
Parameters: 1 0.00121927 -2.21732e-05 -0.00121927 1 -5.48531e-06 2.21598e-05 5.51468e-06 1 0.00813183 0.0274821 0.159672
FixedParameters: 0 0 0

#Transform 102
Transform: AffineTransform_float_3_3
Parameters: 1 0.00110217 -0.000297855 -0.00110231 0.999999 0.000419969 0.000297861 -0.000420032 1 0.0134194 0.0512602 0.127807
FixedParameters: 0 0 0

#Transform 103
Transform: AffineTransform_float_3_3
Parameters: 0.999999 0.00136639 -0.000409914 -0.00136646 0.999999 0.000398201 0.000410081 -0.0003978 1 0.0172947 0.0761021 0.113956
FixedParameters: 0 0 0

#Transform 104
Transform: AffineTransform_float_3_3
Parameters: 0.999999 0.00183562 -9.80218e-05 -0.00183562 0.999998 2.66759e-06 9.8031e-05 -2.3324e-06 1 0.00319247 0.132878 0.0639971
FixedParameters: 0 0 0

#Transform 105
Transform: AffineTransform_float_3_3
Parameters: 0.999998 0.00190229 -0.000672955 -0.00190202 0.999998 -8.64395e-05 0.000673545 8.75621e-05 1 -0.0132379 0.0971586 0.096586
FixedParameters: 0 0 0

#Transform 106
Transform: AffineTransform_float_3_3
Parameters: 0.999998 0.00210741 -0.000816769 -0.0021077 0.999998 -0.000181511 0.000816 0.000183489 0.999999 -0.014269 0.0532621 0.135924
FixedParameters: 0 0 0

#Transform 107
Transform: AffineTransform_float_3_3
Parameters: 0.999997 0.00218536 -0.000878786 -0.00218539 0.999998 -1.61586e-05 0.000878712 1.78413e-05 1 -0.012386 0.0613389 0.11633
FixedParameters: 0 0 0

#Transform 108
Transform: AffineTransform_float_3_3
Parameters: 0.999998 0.0022076 -0.000703869 -0.00220802 0.999997 -0.000579526 0.000702228 0.000580473 1 -0.0159505 0.118441 0.0711241
FixedParameters: 0 0 0

#Transform 109
Transform: AffineTransform_float_3_3
Parameters: 0.999997 0.00211741 -0.000496628 -0.0021174 0.999997 -0.000376821 0.00049595 0.000378179 1 -0.0208043 0.16421 -0.00290351
FixedParameters: 0 0 0

#Transform 110
Transform: AffineTransform_float_3_3
Parameters: 0.999996 0.00246868 -0.000843632 -0.00246893 0.999996 -0.000373997 0.000842701 0.000376002 1 -0.0141239 0.080933 0.0697049
FixedParameters: 0 0 0

#Transform 111
Transform: AffineTransform_float_3_3
Parameters: 0.999997 0.0022048 -0.000802281 -0.00220481 0.999998 -8.31016e-06 0.000802241 9.6898e-06 1 -0.0141152 0.0163131 0.110536
FixedParameters: 0 0 0

#Transform 112
Transform: AffineTransform_float_3_3
Parameters: 0.999997 0.0023012 -0.00102043 -0.00230175 0.999997 -0.000461732 0.00101922 0.000464268 0.999999 -0.0126969 0.0950253 0.106577
FixedParameters: 0 0 0

#Transform 113
Transform: AffineTransform_float_3_3
Parameters: 0.999997 0.00252846 -0.000789967 -0.00252841 0.999997 -0.000462596 0.000789464 0.000464407 0.999999 -0.0181337 0.115836 0.0520425
FixedParameters: 0 0 0

#Transform 114
Transform: AffineTransform_float_3_3
Parameters: 0.999997 0.00258338 -0.000844819 -0.00258377 0.999997 -0.00046241 0.000843345 0.000464589 0.999999 -0.0209897 0.0793413 0.0831511
FixedParameters: 0 0 0

#Transform 115
Transform: AffineTransform_float_3_3
Parameters: 0.999997 0.00237386 -0.000818792 -0.00237423 0.999997 -0.000462289 0.000817512 0.00046471 0.999999 -0.0265711 0.0507511 0.114565
FixedParameters: 0 0 0

#Transform 116
Transform: AffineTransform_float_3_3
Parameters: 0.999996 0.00260634 -0.000926292 -0.00260681 0.999997 -0.000462178 0.000924796 0.000464821 0.999999 -0.0232103 0.0763977 0.0844978
FixedParameters: 0 0 0

#Transform 117
Transform: AffineTransform_float_3_3
Parameters: 0.999996 0.00266801 -0.000988383 -0.00266938 0.999996 -0.000820803 0.000987148 0.000823198 0.999999 -0.0328627 0.117578 0.0199136
FixedParameters: 0 0 0

#Transform 118
Transform: AffineTransform_float_3_3
Parameters: 0.999995 0.00289632 -0.000815223 -0.00289787 0.999995 -0.0015856 0.000811023 0.00158741 0.999998 -0.0350701 0.114351 0.0225085
FixedParameters: 0 0 0

#Transform 119
Transform: AffineTransform_float_3_3
Parameters: 0.999994 0.00302247 -0.00133019 -0.0030245 0.999994 -0.00135378 0.00132567 0.00135822 0.999998 -0.0477987 0.0519642 0.0654193
FixedParameters: 0 0 0

#Transform 120
Transform: AffineTransform_float_3_3
Parameters: 0.999994 0.00320291 -0.00140424 -0.00320384 0.999994 -0.000606662 0.00140218 0.000611336 0.999999 -0.0364167 0.0584405 0.0517975
FixedParameters: 0 0 0

#Transform 121
Transform: AffineTransform_float_3_3
Parameters: 0.999995 0.00318771 -0.00105216 -0.00318981 0.999994 -0.00148696 0.00104766 0.00149004 0.999998 -0.0387235 0.103392 0.00519623
FixedParameters: 0 0 0

#Transform 122
Transform: AffineTransform_float_3_3
Parameters: 0.999995 0.00302449 -0.00088217 -0.0030266 0.999993 -0.00200629 0.000875937 0.00200871 0.999998 -0.0383804 0.152557 -0.0431226
FixedParameters: 0 0 0

#Transform 123
Transform: AffineTransform_float_3_3
Parameters: 0.999995 0.00307032 -0.00135053 -0.00307238 0.999994 -0.00133966 0.00134597 0.00134434 0.999998 -0.0283656 0.0720433 0.0260163
FixedParameters: 0 0 0

#Transform 124
Transform: AffineTransform_float_3_3
Parameters: 0.999995 0.00322366 -0.000822189 -0.00322514 0.999994 -0.00128946 0.000817937 0.00129254 0.999999 -0.0388477 0.0359458 0.0794401
FixedParameters: 0 0 0

#Transform 125
Transform: AffineTransform_float_3_3
Parameters: 0.999994 0.00316047 -0.000899294 -0.00316214 0.999994 -0.00150427 0.000894765 0.00150773 0.999998 -0.0375504 0.0676269 0.0594089
FixedParameters: 0 0 0

#Transform 126
Transform: AffineTransform_float_3_3
Parameters: 0.999994 0.00337503 -0.000765731 -0.0033763 0.999993 -0.00150504 0.000760553 0.00150796 0.999998 -0.0420598 0.0990445 0.0047918
FixedParameters: 0 0 0

#Transform 127
Transform: AffineTransform_float_3_3
Parameters: 0.999993 0.00327657 -0.00144043 -0.00327919 0.999993 -0.00185845 0.00143467 0.00186355 0.999997 -0.0285809 0.141899 -0.0351535
FixedParameters: 0 0 0

#Transform 128
Transform: AffineTransform_float_3_3
Parameters: 0.999993 0.00329868 -0.00144976 -0.00330126 0.999993 -0.00183238 0.00144409 0.00183762 0.999997 -0.0251351 0.0526187 0.0604929
FixedParameters: 0 0 0

#Transform 129
Transform: AffineTransform_float_3_3
Parameters: 0.999993 0.00338579 -0.00120456 -0.0033871 0.999993 -0.00135609 0.00119997 0.00135991 0.999999 -0.0342757 0.0600887 0.0496908
FixedParameters: 0 0 0

#Transform 130
Transform: AffineTransform_float_3_3
Parameters: 0.999994 0.00342148 -0.00124058 -0.00342362 0.999993 -0.00112007 0.00123697 0.00112493 0.999999 -0.0389742 0.0740049 0.0403367
FixedParameters: 0 0 0

#Transform 131
Transform: AffineTransform_float_3_3
Parameters: 0.999993 0.00348523 -0.000890276 -0.00348677 0.999992 -0.00188737 0.00088394 0.00189063 0.999998 -0.0446662 0.123332 -0.0224456
FixedParameters: 0 0 0

#Transform 132
Transform: AffineTransform_float_3_3
Parameters: 0.999994 0.00332049 -0.00110029 -0.00332194 0.999993 -0.00154966 0.00109459 0.00155333 0.999998 -0.0443468 0.137062 -0.0385779
FixedParameters: 0 0 0

#Transform 133
Transform: AffineTransform_float_3_3
Parameters: 0.999994 0.00330914 -0.00115251 -0.0033116 0.999993 -0.00168986 0.00114723 0.00169314 0.999998 -0.0397559 0.0453706 0.0661843
FixedParameters: 0 0 0

#Transform 134
Transform: AffineTransform_float_3_3
Parameters: 0.999993 0.00327687 -0.00143974 -0.00327928 0.999993 -0.00165081 0.00143443 0.00165519 0.999997 -0.0405709 0.0554477 0.0620437
FixedParameters: 0 0 0

#Transform 135
Transform: AffineTransform_float_3_3
Parameters: 0.999994 0.00344084 -0.00120049 -0.00344258 0.999993 -0.0015424 0.00119446 0.0015456 0.999998 -0.0455696 0.086274 0.0421096
FixedParameters: 0 0 0

#Transform 136
Transform: AffineTransform_float_3_3
Parameters: 0.999992 0.00364782 -0.0011561 -0.00364942 0.999992 -0.00154246 0.00114944 0.00154653 0.999998 -0.046201 0.103402 0.0181122
FixedParameters: 0 0 0

#Transform 137
Transform: AffineTransform_float_3_3
Parameters: 0.999993 0.0034516 -0.00151438 -0.00345435 0.999993 -0.00168166 0.00150827 0.00168634 0.999997 -0.0427211 0.130313 -0.0416716
FixedParameters: 0 0 0

#Transform 138
Transform: AffineTransform_float_3_3
Parameters: 0.999992 0.00345386 -0.00166695 -0.0034576 0.999991 -0.00206162 0.00166005 0.00206738 0.999996 -0.0486466 0.0955256 0.0240137
FixedParameters: 0 0 0

#Transform 139
Transform: AffineTransform_float_3_3
Parameters: 0.999993 0.00345423 -0.00147507 -0.00345748 0.999991 -0.00216443 0.00146746 0.00216956 0.999996 -0.0452894 0.0509174 0.0902661
FixedParameters: 0 0 0

#Transform 140
Transform: AffineTransform_float_3_3
Parameters: 0.999993 0.00341446 -0.00106191 -0.00341704 0.999991 -0.0026297 0.00105353 0.00263331 0.999997 -0.0472434 0.0954267 0.0691842
FixedParameters: 0 0 0

#Transform 141
Transform: AffineTransform_float_3_3
Parameters: 0.999992 0.00373101 -0.00144579 -0.00373526 0.99999 -0.00250765 0.00143665 0.00251335 0.999995 -0.0516977 0.139471 0.0142789
FixedParameters: 0 0 0

#Transform 142
Transform: AffineTransform_float_3_3
Parameters: 0.999993 0.00353827 -0.0016244 -0.00354293 0.99999 -0.00276078 0.00161495 0.00276722 0.999995 -0.0377513 0.158528 -0.023236
FixedParameters: 0 0 0

#Transform 143
Transform: AffineTransform_float_3_3
Parameters: 0.999992 0.00348523 -0.0016875 -0.00348912 0.99999 -0.00247049 0.00167815 0.0024765 0.999995 -0.0482936 0.0904268 0.0621261
FixedParameters: 0 0 0

#Transform 144
Transform: AffineTransform_float_3_3
Parameters: 0.999993 0.0035155 -0.0017718 -0.00351958 0.99999 -0.00262715 0.00176303 0.00263385 0.999995 -0.0462153 0.0914434 0.0581248
FixedParameters: 0 0 0

#Transform 145
Transform: AffineTransform_float_3_3
Parameters: 0.999992 0.00367948 -0.00170112 -0.00368364 0.999989 -0.00276248 0.0016905 0.00276852 0.999995 -0.0466809 0.138019 0.0117505
FixedParameters: 0 0 0

#Transform 146
Transform: AffineTransform_float_3_3
Parameters: 0.999992 0.00389274 -0.00148752 -0.00389801 0.999988 -0.00318162 0.00147507 0.00318738 0.999994 -0.0498242 0.173021 -0.0427143
FixedParameters: 0 0 0

#Transform 147
Transform: AffineTransform_float_3_3
Parameters: 0.999991 0.00379597 -0.00151796 -0.00380091 0.999987 -0.00344329 0.00150466 0.00344971 0.999993 -0.0499003 0.141296 0.00764784
FixedParameters: 0 0 0

#Transform 148
Transform: AffineTransform_float_3_3
Parameters: 0.999992 0.00362643 -0.00172089 -0.00363035 0.99999 -0.0027725 0.00171141 0.0027785 0.999995 -0.0466785 0.0662299 0.0746922
FixedParameters: 0 0 0

#Transform 149
Transform: AffineTransform_float_3_3
Parameters: 0.999991 0.00385539 -0.00150346 -0.00385944 0.999988 -0.00278325 0.00149209 0.00278975 0.999995 -0.0500506 0.0970508 0.0508816
FixedParameters: 0 0 0

#Transform 150
Transform: AffineTransform_float_3_3
Parameters: 0.999992 0.00384991 -0.0015215 -0.00385454 0.999988 -0.0032034 0.00150876 0.0032086 0.999994 -0.0495067 0.12093 0.0327272
FixedParameters: 0 0 0

#Transform 151
Transform: AffineTransform_float_3_3
Parameters: 0.999992 0.00385132 -0.00161982 -0.00385683 0.999987 -0.00340181 0.00160646 0.00340919 0.999993 -0.0472557 0.157769 -0.0431013
FixedParameters: 0 0 0

#Transform 152
Transform: AffineTransform_float_3_3
Parameters: 0.999991 0.00392456 -0.0015529 -0.00392994 0.999988 -0.00307932 0.00154105 0.00308569 0.999994 -0.0618862 0.149459 -0.0478131
FixedParameters: 0 0 0

#Transform 153
Transform: AffineTransform_float_3_3
Parameters: 0.999991 0.00395847 -0.00149396 -0.00396311 0.999988 -0.00295549 0.00148288 0.0029615 0.999994 -0.0495293 0.073915 0.0479694
FixedParameters: 0 0 0

#Transform 154
Transform: AffineTransform_float_3_3
Parameters: 0.999991 0.00376886 -0.00162691 -0.00377402 0.999988 -0.00315576 0.00161505 0.00316223 0.999994 -0.0649545 0.0973805 0.0252062
FixedParameters: 0 0 0

#Transform 155
Transform: AffineTransform_float_3_3
Parameters: 0.999991 0.00398519 -0.00161713 -0.00399054 0.999986 -0.00335382 0.00160324 0.00336018 0.999994 -0.0523182 0.141778 -0.01243
FixedParameters: 0 0 0

#Transform 156
Transform: AffineTransform_float_3_3
Parameters: 0.999991 0.00403637 -0.00145786 -0.0040442 0.999981 -0.00462654 0.00143873 0.00463246 0.999988 -0.0492707 0.239104 -0.143576
FixedParameters: 0 0 0

#Transform 157
Transform: AffineTransform_float_3_3
Parameters: 0.999989 0.00452997 -0.00165117 -0.00453637 0.999982 -0.00392382 0.00163344 0.00393218 0.999991 -0.0591549 0.173192 -0.135983
FixedParameters: 0 0 0

#Transform 158
Transform: AffineTransform_float_3_3
Parameters: 0.99999 0.00416329 -0.00156206 -0.00416896 0.999986 -0.00340827 0.00154783 0.00341473 0.999993 -0.0679709 0.0745076 0.0124113
FixedParameters: 0 0 0

#Transform 159
Transform: AffineTransform_float_3_3
Parameters: 0.99999 0.00421123 -0.0016051 -0.00421729 0.999984 -0.00355901 0.00159019 0.00356598 0.999992 -0.0685999 0.0989797 0.00442449
FixedParameters: 0 0 0

#Transform 160
Transform: AffineTransform_float_3_3
Parameters: 0.99999 0.00412608 -0.00177074 -0.00413262 0.999985 -0.00351231 0.00175551 0.00351968 0.999992 -0.0683226 0.116241 -0.00600265
FixedParameters: 0 0 0

#Transform 161
Transform: AffineTransform_float_3_3
Parameters: 0.99999 0.00430061 -0.00172161 -0.00430809 0.999983 -0.00396374 0.00170442 0.00397127 0.999991 -0.0639028 0.161816 -0.0720024
FixedParameters: 0 0 0

#Transform 162
Transform: AffineTransform_float_3_3
Parameters: 0.999989 0.00430482 -0.00216811 -0.0043138 0.999982 -0.0040957 0.00215079 0.00410429 0.999989 -0.0589765 0.16746 -0.107167
FixedParameters: 0 0 0

#Transform 163
Transform: AffineTransform_float_3_3
Parameters: 0.999987 0.00464745 -0.00172456 -0.00465298 0.999983 -0.00354285 0.00170722 0.00355015 0.999992 -0.0651324 0.0982405 -0.00608231
FixedParameters: 0 0 0

#Transform 164
Transform: AffineTransform_float_3_3
Parameters: 0.999989 0.00450433 -0.00175884 -0.00451063 0.999984 -0.00331442 0.00174405 0.00332158 0.999993 -0.0602149 0.102856 0.00687889
FixedParameters: 0 0 0

#Transform 165
Transform: AffineTransform_float_3_3
Parameters: 0.999989 0.00447527 -0.00173286 -0.00448081 0.999983 -0.00363939 0.00171679 0.00364762 0.999992 -0.0651974 0.167303 -0.0602583
FixedParameters: 0 0 0

#Transform 166
Transform: AffineTransform_float_3_3
Parameters: 0.999987 0.00461542 -0.00180205 -0.00462238 0.999981 -0.0041174 0.00178239 0.0041246 0.99999 -0.0653803 0.19341 -0.146777
FixedParameters: 0 0 0

#Transform 167
Transform: AffineTransform_float_3_3
Parameters: 0.999988 0.00452667 -0.0019378 -0.00453285 0.999983 -0.00365958 0.00192078 0.00366842 0.999992 -0.0657823 0.125469 -0.0617847
FixedParameters: 0 0 0

#Transform 168
Transform: AffineTransform_float_3_3
Parameters: 0.999988 0.0044126 -0.00221151 -0.00442036 0.999984 -0.00356164 0.00219619 0.00357036 0.999991 -0.0640994 0.126177 -0.0434276
FixedParameters: 0 0 0

#Transform 169
Transform: AffineTransform_float_3_3
Parameters: 0.999989 0.00442327 -0.00184906 -0.00442988 0.999983 -0.00369981 0.00183284 0.00370819 0.999992 -0.081197 0.153288 -0.0652165
FixedParameters: 0 0 0

#Transform 170
Transform: AffineTransform_float_3_3
Parameters: 0.999987 0.00461482 -0.0018134 -0.00462189 0.999983 -0.00364598 0.00179665 0.00365402 0.999992 -0.0767093 0.159651 -0.106465
FixedParameters: 0 0 0

#Transform 171
Transform: AffineTransform_float_3_3
Parameters: 0.999987 0.00460869 -0.00208637 -0.00461835 0.99998 -0.00429694 0.00206601 0.00430605 0.999989 -0.0859067 0.211524 -0.183627
FixedParameters: 0 0 0

#Transform 172
Transform: AffineTransform_float_3_3
Parameters: 0.999986 0.0047705 -0.00202636 -0.00477809 0.999981 -0.00371704 0.00200831 0.00372695 0.999991 -0.0748533 0.153258 -0.118847
FixedParameters: 0 0 0

#Transform 173
Transform: AffineTransform_float_3_3
Parameters: 0.999987 0.00486038 -0.00161891 -0.00486593 0.999981 -0.00373915 0.00160038 0.00374685 0.999992 -0.0748354 0.117427 -0.0659474
FixedParameters: 0 0 0

#Transform 174
Transform: AffineTransform_float_3_3
Parameters: 0.999988 0.0046841 -0.00175871 -0.00469037 0.999981 -0.00413243 0.00173926 0.00414158 0.99999 -0.0722628 0.144667 -0.119438
FixedParameters: 0 0 0

#Transform 175
Transform: AffineTransform_float_3_3
Parameters: 0.999989 0.00434829 -0.00170189 -0.00435599 0.999982 -0.00419259 0.00168324 0.00419941 0.99999 -0.0774592 0.23705 -0.249202
FixedParameters: 0 0 0

#Transform 176
Transform: AffineTransform_float_3_3
Parameters: 0.999989 0.00440664 -0.00193346 -0.00441387 0.999982 -0.00414147 0.00191491 0.00415053 0.99999 -0.0767364 0.176499 -0.20294
FixedParameters: 0 0 0

#Transform 177
Transform: AffineTransform_float_3_3
Parameters: 0.999989 0.00431783 -0.00211237 -0.00432691 0.999981 -0.00423171 0.00209377 0.00424128 0.999989 -0.0737779 0.117068 -0.0647082
FixedParameters: 0 0 0

#Transform 178
Transform: AffineTransform_float_3_3
Parameters: 0.999988 0.00431668 -0.0023259 -0.00432483 0.999984 -0.003751 0.00231015 0.00376101 0.99999 -0.0760571 0.13523 -0.0665158
FixedParameters: 0 0 0

#Transform 179
Transform: AffineTransform_float_3_3
Parameters: 0.999988 0.00451634 -0.00199222 -0.00452556 0.99998 -0.00448835 0.00197185 0.00449764 0.999988 -0.0758815 0.202278 -0.148198
FixedParameters: 0 0 0

#Transform 180
Transform: AffineTransform_float_3_3
Parameters: 0.999988 0.00456155 -0.00190224 -0.00457032 0.999979 -0.00458468 0.00188058 0.00459332 0.999988 -0.0697818 0.216346 -0.197558
FixedParameters: 0 0 0

#Transform 181
Transform: AffineTransform_float_3_3
Parameters: 0.999989 0.00447111 -0.00180112 -0.00447978 0.999981 -0.00434045 0.00178103 0.00434854 0.999988 -0.069348 0.122798 -0.0718788
FixedParameters: 0 0 0

#Transform 182
Transform: AffineTransform_float_3_3
Parameters: 0.999989 0.00441942 -0.00158905 -0.00442511 0.999984 -0.00360612 0.00157316 0.00361289 0.999993 -0.0749917 0.126062 -0.0504832
FixedParameters: 0 0 0

#Transform 183
Transform: AffineTransform_float_3_3
Parameters: 0.999989 0.00432608 -0.00212618 -0.00433518 0.999982 -0.00411464 0.0021076 0.00412436 0.99999 -0.0675956 0.170914 -0.0844951
FixedParameters: 0 0 0

#Transform 184
Transform: AffineTransform_float_3_3
Parameters: 0.999988 0.00444436 -0.00181283 -0.00445277 0.999978 -0.00482394 0.00179105 0.00483206 0.999987 -0.0605449 0.230935 -0.171826
FixedParameters: 0 0 0

#Transform 185
Transform: AffineTransform_float_3_3
Parameters: 0.999989 0.0044723 -0.00179325 -0.00447946 0.999981 -0.00419497 0.00177407 0.00420303 0.99999 -0.0629525 0.156288 -0.104062
FixedParameters: 0 0 0

#Transform 186
Transform: AffineTransform_float_3_3
Parameters: 0.99999 0.00425846 -0.00178433 -0.00426532 0.999983 -0.00401839 0.00176753 0.00402561 0.99999 -0.0647561 0.116091 -0.0416068
FixedParameters: 0 0 0

#Transform 187
Transform: AffineTransform_float_3_3
Parameters: 0.999989 0.00428551 -0.00187851 -0.00429171 0.999984 -0.00377893 0.00186224 0.00378706 0.999991 -0.0714553 0.143369 -0.0502939
FixedParameters: 0 0 0

#Transform 188
Transform: AffineTransform_float_3_3
Parameters: 0.999989 0.00429018 -0.00181183 -0.00429708 0.999983 -0.00396722 0.00179522 0.00397479 0.999991 -0.0514753 0.175952 -0.078432
FixedParameters: 0 0 0

#Transform 189
Transform: AffineTransform_float_3_3
Parameters: 0.999991 0.00402488 -0.00178084 -0.00403326 0.999982 -0.00445746 0.00176239 0.00446454 0.999988 -0.0534797 0.222249 -0.12099
FixedParameters: 0 0 0

#Transform 190
Transform: AffineTransform_float_3_3
Parameters: 0.999989 0.00430271 -0.00197029 -0.00431007 0.999983 -0.00389836 0.00195286 0.00390664 0.999991 -0.0482605 0.160901 -0.050579
FixedParameters: 0 0 0

#Transform 191
Transform: AffineTransform_float_3_3
Parameters: 0.999989 0.00445264 -0.00177295 -0.00445961 0.999983 -0.00359245 0.00175695 0.00359955 0.999992 -0.0570382 0.106877 -0.0329284
FixedParameters: 0 0 0

#Transform 192
Transform: AffineTransform_float_3_3
Parameters: 0.999989 0.00433254 -0.00191853 -0.00434015 0.999983 -0.00382888 0.00190186 0.00383612 0.999991 -0.0492315 0.125681 -0.0369813
FixedParameters: 0 0 0

#Transform 193
Transform: AffineTransform_float_3_3
Parameters: 0.999988 0.00440375 -0.00194526 -0.00441198 0.999982 -0.00413842 0.00192715 0.00414758 0.99999 -0.0478707 0.199161 -0.134881
FixedParameters: 0 0 0

#Transform 194
Transform: AffineTransform_float_3_3
Parameters: 0.999989 0.00425445 -0.00206479 -0.00426338 0.999981 -0.00429405 0.00204619 0.00430295 0.999988 -0.0458766 0.253999 -0.213381
FixedParameters: 0 0 0

#Transform 195
Transform: AffineTransform_float_3_3
Parameters: 0.999989 0.00424121 -0.00188281 -0.00424911 0.999983 -0.004083 0.0018656 0.004091 0.999989 -0.050412 0.148348 -0.085936
FixedParameters: 0 0 0

#Transform 196
Transform: AffineTransform_float_3_3
Parameters: 0.99999 0.00425087 -0.00138099 -0.00425541 0.999983 -0.0038747 0.00136496 0.0038813 0.999992 -0.0612464 0.129827 -0.0265893
FixedParameters: 0 0 0

#Transform 197
Transform: AffineTransform_float_3_3
Parameters: 0.99999 0.00408983 -0.00176649 -0.00409507 0.999987 -0.00314739 0.00175451 0.00315461 0.999993 -0.0537881 0.152827 -0.03004
