# transform file /out/sourcedata/freesurfer/sub-v2s5x29571_ses-1/mri/transforms/cc_up.lta
# created by oesteban on Fri Mar 13 10:53:19 2026

type      = 0 # LINEAR_VOX_TO_VOX
nxforms   = 1
mean      = 157.0000 112.0000 136.0000
sigma     = 10000.0000
1 4 4
9.997069835662842e-01 -2.128660492599010e-02 1.152470428496599e-02 -2.733520698547363e+01 
2.128518931567669e-02 9.997733831405640e-01 2.453774213790894e-04 3.765168380737305e+01 
-1.152731571346521e-02 -2.910383045673370e-11 9.999336004257202e-01 2.281689262390137e+01 
0.000000000000000e+00 0.000000000000000e+00 0.000000000000000e+00 1.000000000000000e+00 
src volume info
valid = 1  # volume info valid
filename = /out/sourcedata/freesurfer/sub-v2s5x29571_ses-1/mri/norm.mgz
volume = 320 320 320
voxelsize = 6.999999880790710e-01 6.999999880790710e-01 6.999999880790710e-01
xras   = -1.000000000000000e+00 0.000000000000000e+00 0.000000000000000e+00
yras   = 0.000000000000000e+00 0.000000000000000e+00 -1.000000000000000e+00
zras   = 0.000000000000000e+00 1.000000000000000e+00 0.000000000000000e+00
cras   = -9.798049926757812e-01 2.670199584960938e+01 -1.763259887695312e+01
dst volume info
valid = 1  # volume info valid
filename = /out/sourcedata/freesurfer/sub-v2s5x29571_ses-1/mri/norm.mgz
volume = 320 320 320
voxelsize = 6.999999880790710e-01 6.999999880790710e-01 6.999999880790710e-01
xras   = -1.000000000000000e+00 0.000000000000000e+00 0.000000000000000e+00
yras   = 0.000000000000000e+00 0.000000000000000e+00 -1.000000000000000e+00
zras   = 0.000000000000000e+00 1.000000000000000e+00 0.000000000000000e+00
cras   = -9.798049926757812e-01 2.670199584960938e+01 -1.763259887695312e+01
