# transform file transforms/talairach.lta
# created by oesteban on Fri Mar 13 08:35:32 2026

type      = 0 # LINEAR_VOX_TO_VOX
nxforms   = 1
mean      = 157.0000 116.0000 136.0000
sigma     = 10000.0000
1 4 4
7.515188455581665e-01 2.422550693154335e-03 2.549869753420353e-02 5.034358978271484e+00 
-6.154825445264578e-03 7.967916131019592e-01 1.281389445066452e-01 1.518823432922363e+01 
-2.448914572596550e-02 -1.166530251502991e-01 6.977774500846863e-01 3.483636093139648e+01 
0.000000000000000e+00 0.000000000000000e+00 0.000000000000000e+00 1.000000000000000e+00 
src volume info
valid = 1  # volume info valid
filename = nu.mgz
volume = 320 320 320
voxelsize = 6.999999880790710e-01 6.999999880790710e-01 6.999999880790710e-01
xras   = -1.000000000000000e+00 0.000000000000000e+00 0.000000000000000e+00
yras   = 0.000000000000000e+00 0.000000000000000e+00 -1.000000000000000e+00
zras   = 0.000000000000000e+00 1.000000000000000e+00 0.000000000000000e+00
cras   = -9.798049926757812e-01 2.670199584960938e+01 -1.763259887695312e+01
dst volume info
valid = 1  # volume info valid
filename = /opt/freesurfer/average/RB_all_2020-01-02.gca
volume = 256 256 256
voxelsize = 1.000000000000000e+00 1.000000000000000e+00 1.000000000000000e+00
xras   = -1.000000000000000e+00 0.000000000000000e+00 0.000000000000000e+00
yras   = 0.000000000000000e+00 0.000000000000000e+00 -1.000000000000000e+00
zras   = 0.000000000000000e+00 1.000000000000000e+00 0.000000000000000e+00
cras   = 0.000000000000000e+00 0.000000000000000e+00 0.000000000000000e+00
