#Insight Transform File V1.0
#Transform 0
Transform: AffineTransform_float_3_3
Parameters: 0.999999 0.000928326 0.000242612 -0.000928248 0.999999 -0.00124938 -0.00024362 0.00124962 0.999999 -0.0528653 -0.00652563 -0.0266964
FixedParameters: 0 0 0

#Transform 1
Transform: AffineTransform_float_3_3
Parameters: 0.999999 0.000701205 0.000168679 -0.000700767 0.999999 -0.00129027 -0.000170488 0.00129073 0.999999 -0.0673779 0.0171759 -0.0319897
FixedParameters: 0 0 0

#Transform 2
Transform: AffineTransform_float_3_3
Parameters: 0.999999 0.00096709 0.000239066 -0.000966978 0.999999 -0.00133838 -0.000240344 0.00133862 0.999999 -0.0509447 0.0366891 -0.0459558
FixedParameters: 0 0 0

#Transform 3
Transform: AffineTransform_float_3_3
Parameters: 1 0.00115758 0.000252529 -0.00115706 0.999998 -0.00128845 -0.00025328 0.00128855 0.999999 -0.0438898 0.0514563 -0.0457564
FixedParameters: 0 0 0

#Transform 4
Transform: AffineTransform_float_3_3
Parameters: 1 0.00109217 0.000244664 -0.00109121 0.999998 -0.00114627 -0.000246245 0.00114573 1 -0.0488155 0.070635 -0.113057
FixedParameters: 0 0 0

#Transform 5
Transform: AffineTransform_float_3_3
Parameters: 1 0.00098813 0.000289181 -0.00098853 1 -0.00089844 -0.000290566 0.000898561 1 -0.0458589 0.0603522 -0.112513
FixedParameters: 0 0 0

#Transform 6
Transform: AffineTransform_float_3_3
Parameters: 1 0.000988174 0.000289032 -0.000988097 0.999999 -0.00104844 -0.000289793 0.00104856 0.999999 -0.0407333 0.0404475 -0.0807785
FixedParameters: 0 0 0

#Transform 7
Transform: AffineTransform_float_3_3
Parameters: 0.999999 0.000742552 0.00039353 -0.000742556 0.999999 -0.00116229 -0.000394865 0.00116171 0.999999 -0.0371072 0.0163896 -0.0486609
FixedParameters: 0 0 0

#Transform 8
Transform: AffineTransform_float_3_3
Parameters: 0.999999 0.000692664 0.00041503 -0.000692109 0.999999 -0.000668287 -0.000415955 0.000667712 0.999999 -0.0337436 0.0674141 -0.0538697
FixedParameters: 0 0 0

#Transform 9
Transform: AffineTransform_float_3_3
Parameters: 0.999999 0.000675296 0.00042228 -0.00067542 1 -0.000942439 -0.000423162 0.000942563 1 -0.0341219 0.106047 -0.0778956
FixedParameters: 0 0 0

#Transform 10
Transform: AffineTransform_float_3_3
Parameters: 0.999999 0.000857043 0.000264465 -0.000857434 0.999999 -0.000999228 -0.000265788 0.000998773 1 -0.0284183 0.0884086 -0.0556205
FixedParameters: 0 0 0

#Transform 11
Transform: AffineTransform_float_3_3
Parameters: 0.999999 0.000655088 0.000430841 -0.000655125 1 -0.00102528 -0.000431793 0.00102472 1 -0.0284114 0.104631 -0.0616415
FixedParameters: 0 0 0

#Transform 12
Transform: AffineTransform_float_3_3
Parameters: 1 0.00065925 0.000231272 -0.0006597 1 -0.00101415 -0.000232219 0.00101385 1 -0.0255592 0.121879 -0.0929477
FixedParameters: 0 0 0

#Transform 13
Transform: AffineTransform_float_3_3
Parameters: 0.999999 0.000710293 2.72368e-05 -0.000709868 0.999999 -0.000614019 -2.71883e-05 0.00061398 1 -0.0120182 0.124012 -0.104387
FixedParameters: 0 0 0

#Transform 14
Transform: AffineTransform_float_3_3
Parameters: 1 0.000673545 0.000214834 -0.00067349 1 -0.000129145 -0.000215008 0.000128855 1 -0.0144167 0.0426852 -0.0720177
FixedParameters: 0 0 0

#Transform 15
Transform: AffineTransform_float_3_3
Parameters: 1 0.000613253 7.50086e-05 -0.000613158 0.999999 -0.000630046 -7.57812e-05 0.000629953 1 -0.00949848 0.076787 -0.0840693
FixedParameters: 0 0 0

#Transform 16
Transform: AffineTransform_float_3_3
Parameters: 1 0.000398938 0.000540283 -0.000399474 0.999999 0.00134878 -0.000539597 -0.00134922 0.999999 -0.0193965 -0.06084 -0.0190672
FixedParameters: 0 0 0

#Transform 17
Transform: AffineTransform_float_3_3
Parameters: 1 0.000346765 0.000417719 -0.000346792 1 3.18551e-05 -0.000417697 -3.21448e-05 1 -0.0385155 -0.0247721 -0.0718148
FixedParameters: 0 0 0

#Transform 18
Transform: AffineTransform_float_3_3
Parameters: 1 0.000272096 0.000593882 -0.000271337 1 -0.000639161 -0.00059423 0.000638838 0.999999 -0.0316205 -0.00664829 -0.0440416
FixedParameters: 0 0 0

#Transform 19
Transform: AffineTransform_float_3_3
Parameters: 1 0.000130113 0.000327168 -0.000130234 1 0.000184957 -0.000327119 -0.000185043 1 -0.00693675 -0.0390553 0.0161973
FixedParameters: 0 0 0

#Transform 20
Transform: AffineTransform_float_3_3
Parameters: 1 -2.76461e-05 -5.23612e-05 2.76652e-05 1 0.000182999 5.23511e-05 -0.000183001 1 0.00468928 -0.0401763 0.0154937
FixedParameters: 0 0 0

#Transform 21
Transform: AffineTransform_float_3_3
Parameters: 1 -0.000254547 -0.000208077 0.000254533 1 -3.3053e-05 0.000208093 3.2947e-05 1 0.0166375 0.112459 -0.0446349
FixedParameters: 0 0 0

#Transform 22
Transform: AffineTransform_float_3_3
Parameters: 1 -0.000274866 -0.000199385 0.000274716 1 -0.000377055 0.000199593 0.000376945 1 0.0241923 0.119229 -0.0502892
FixedParameters: 0 0 0

#Transform 23
Transform: AffineTransform_float_3_3
Parameters: 1 -0.00020215 -0.000230288 0.000201993 1 -0.000341046 0.000230426 0.000340953 1 0.028645 0.0369159 -0.0205844
FixedParameters: 0 0 0

#Transform 24
Transform: AffineTransform_float_3_3
Parameters: 1 -0.000187664 -0.000247304 0.000187473 1 -0.000386046 0.000247449 0.000385954 1 0.0333895 0.0388993 -0.0366039
FixedParameters: 0 0 0

#Transform 25
Transform: AffineTransform_float_3_3
Parameters: 1 -0.000461979 -7.20662e-05 0.000461923 1 -0.000386033 7.24228e-05 0.000385966 1 0.0256299 0.0356915 -0.0338857
FixedParameters: 0 0 0

#Transform 26
Transform: AffineTransform_float_3_3
Parameters: 1 -0.000238729 -0.000523315 0.000238227 1 -0.000480125 0.000523544 0.000479875 0.999999 0.036437 0.0335825 -0.0489955
FixedParameters: 0 0 0

#Transform 27
Transform: AffineTransform_float_3_3
Parameters: 1 -0.00024609 -0.000504977 0.0002457 1 -0.000386124 0.000505167 0.000385876 1 0.0408479 0.0649786 -0.0961634
FixedParameters: 0 0 0

#Transform 28
Transform: AffineTransform_float_3_3
Parameters: 1 -0.000136741 -0.00038085 0.000136626 1 -0.000151052 0.000380891 0.000150948 1 0.0363252 0.029951 -0.0604192
FixedParameters: 0 0 0

#Transform 29
Transform: AffineTransform_float_3_3
Parameters: 1 -0.000271112 -0.000459607 0.000271152 1 4.28754e-05 0.000459584 -4.31246e-05 1 0.0584475 -0.0218381 -0.00400573
FixedParameters: 0 0 0

#Transform 30
Transform: AffineTransform_float_3_3
Parameters: 1 -0.000136857 -0.000444908 0.000136591 1 -0.000299061 0.00044499 0.000298939 1 0.0607643 0.0328512 -0.0113396
FixedParameters: 0 0 0

#Transform 31
Transform: AffineTransform_float_3_3
Parameters: 1 -0.000280141 -0.000411186 0.00027979 1 -0.000427115 0.000411425 0.000426885 1 0.0576016 0.0750129 -0.0742644
FixedParameters: 0 0 0

#Transform 32
Transform: AffineTransform_float_3_3
Parameters: 1 -0.000303497 -0.000417557 0.000302745 1 -0.000434126 0.0004169 0.000433873 1 0.0465737 0.0681443 -0.0704313
FixedParameters: 0 0 0

#Transform 33
Transform: AffineTransform_float_3_3
Parameters: 1 -0.00026787 -0.000435956 0.000267466 1 -0.000464116 0.000436204 0.000463883 1 0.041157 0.0332338 -0.0495335
FixedParameters: 0 0 0

#Transform 34
Transform: AffineTransform_float_3_3
Parameters: 1 -0.000109907 -0.000330323 0.000109712 1 -0.000294036 0.000330388 0.000293964 1 0.0350239 0.0109403 -0.0352261
FixedParameters: 0 0 0

#Transform 35
Transform: AffineTransform_float_3_3
Parameters: 1 -0.000145798 -0.000156438 0.000145669 1 -0.000412023 0.000156558 0.000411977 1 0.0342285 0.0124066 -0.0278328
FixedParameters: 0 0 0

#Transform 36
Transform: AffineTransform_float_3_3
Parameters: 1 -0.000208587 -0.00028074 0.000208072 0.999999 -0.000917058 0.000281122 0.000916941 0.999999 0.040342 0.0255523 -0.0344811
FixedParameters: 0 0 0

#Transform 37
Transform: AffineTransform_float_3_3
Parameters: 1 -0.000215694 -0.000480942 0.000214546 1 -0.0011931 0.000481455 0.0011929 0.999999 0.0381693 0.071364 -0.0604611
FixedParameters: 0 0 0

#Transform 38
Transform: AffineTransform_float_3_3
Parameters: 1 -0.000185195 -0.000623293 0.000184315 0.999999 -0.00144411 0.000623436 0.00144388 0.999999 0.0411955 0.131864 -0.136795
FixedParameters: 0 0 0

#Transform 39
Transform: AffineTransform_float_3_3
Parameters: 1 -0.000252711 -0.000570609 0.00025149 1 -0.00106914 0.000571148 0.00106886 1 0.0374063 0.0783588 -0.097373
FixedParameters: 0 0 0

#Transform 40
Transform: AffineTransform_float_3_3
Parameters: 1 -5.05666e-05 -0.000389311 5.05998e-05 1 -0.00114002 0.000389036 0.00113998 1 0.0265073 0.0466402 -0.0736144
FixedParameters: 0 0 0

#Transform 41
Transform: AffineTransform_float_3_3
Parameters: 1 -0.000276396 -0.000455094 0.000276272 1 -0.00114813 0.000455337 0.00114787 0.999999 0.0294403 0.043858 -0.0726426
FixedParameters: 0 0 0

#Transform 42
Transform: AffineTransform_float_3_3
Parameters: 1 -0.000231982 -0.000312009 0.000231863 0.999998 -0.00166407 0.00031239 0.00166393 0.999998 0.0335144 0.0703312 -0.0798062
FixedParameters: 0 0 0

#Transform 43
Transform: AffineTransform_float_3_3
Parameters: 0.999999 -0.000340901 -0.000702588 0.000339518 0.999998 -0.00163888 0.000703313 0.00163912 0.999999 0.0355215 0.116967 -0.149014
FixedParameters: 0 0 0

#Transform 44
Transform: AffineTransform_float_3_3
Parameters: 1 -0.00011506 -0.000295551 0.000114254 0.999999 -0.00136303 0.000295863 0.00136297 0.999999 0.0340667 0.113127 -0.149568
FixedParameters: 0 0 0

#Transform 45
Transform: AffineTransform_float_3_3
Parameters: 1 -0.000132536 -0.000397887 0.000132441 0.999999 -0.00127605 0.000397835 0.00127595 0.999999 0.0316701 0.0479785 -0.0860908
FixedParameters: 0 0 0

#Transform 46
Transform: AffineTransform_float_3_3
Parameters: 1 6.48116e-06 -0.000347291 -7.21879e-06 1 -0.001062 0.000347276 0.001062 1 0.0329895 0.0592945 -0.0748133
FixedParameters: 0 0 0

#Transform 47
Transform: AffineTransform_float_3_3
Parameters: 1 -0.000360779 -0.000190726 0.000360082 0.999999 -0.00182107 0.000192038 0.00182093 0.999999 0.0228287 0.0886056 -0.107305
FixedParameters: 0 0 0

#Transform 48
Transform: AffineTransform_float_3_3
Parameters: 0.999999 -0.000153839 -0.00071717 0.000151993 0.999998 -0.00192811 0.000717369 0.00192789 0.999998 0.0220015 0.154372 -0.164635
FixedParameters: 0 0 0

#Transform 49
Transform: AffineTransform_float_3_3
Parameters: 0.999999 -0.000192403 -0.000805082 0.00019029 0.999998 -0.00188415 0.000805412 0.00188385 0.999998 0.0152738 0.162764 -0.15772
FixedParameters: 0 0 0

#Transform 50
Transform: AffineTransform_float_3_3
Parameters: 0.999999 -0.000228027 -0.000789848 0.000226466 0.999999 -0.00157082 0.000790171 0.00157118 0.999999 0.0148295 0.101757 -0.13004
FixedParameters: 0 0 0

#Transform 51
Transform: AffineTransform_float_3_3
Parameters: 0.999999 -7.96171e-05 -0.000770521 7.79943e-05 0.999998 -0.00165055 0.00077039 0.00165045 0.999999 0.0121813 0.107107 -0.114909
FixedParameters: 0 0 0

#Transform 52
Transform: AffineTransform_float_3_3
Parameters: 0.999999 -0.000181187 -0.000809832 0.000179415 0.999998 -0.00166179 0.000810041 0.00166221 0.999998 0.0155155 0.131213 -0.10202
FixedParameters: 0 0 0

#Transform 53
Transform: AffineTransform_float_3_3
Parameters: 0.999999 -0.000178673 -0.000792519 0.000176929 0.999998 -0.00226214 0.000792541 0.00226186 0.999997 0.0160561 0.132577 -0.107996
FixedParameters: 0 0 0

#Transform 54
Transform: AffineTransform_float_3_3
Parameters: 1 -0.000122978 -0.00107823 0.00012126 0.999999 -0.00183113 0.00107881 0.00183087 0.999997 0.0159802 0.166554 -0.136819
FixedParameters: 0 0 0

#Transform 55
Transform: AffineTransform_float_3_3
Parameters: 1 -2.3062e-05 -0.0010883 2.09967e-05 0.999998 -0.00197367 0.00108853 0.00197434 0.999998 0.011481 0.223264 -0.165498
FixedParameters: 0 0 0

#Transform 56
Transform: AffineTransform_float_3_3
Parameters: 1 -3.92305e-05 -0.00116279 3.72737e-05 0.999998 -0.00163353 0.00116214 0.00163347 0.999998 0.0080479 0.153255 -0.12584
FixedParameters: 0 0 0

#Transform 57
Transform: AffineTransform_float_3_3
Parameters: 0.999999 2.73658e-05 -0.000871562 -2.79162e-05 0.999999 -0.00159562 0.000871613 0.00159638 0.999999 0.00768462 0.116165 -0.0760007
FixedParameters: 0 0 0

#Transform 58
Transform: AffineTransform_float_3_3
Parameters: 0.999999 0.000171635 -0.000703774 -0.000172804 0.999999 -0.00176188 0.000703696 0.00176212 0.999998 0.00749125 0.135267 -0.079341
FixedParameters: 0 0 0

#Transform 59
Transform: AffineTransform_float_3_3
Parameters: 1 9.2202e-05 -0.00102758 -9.36302e-05 0.999999 -0.00178091 0.00102739 0.0017811 0.999998 0.0100555 0.177788 -0.109847
FixedParameters: 0 0 0

#Transform 60
Transform: AffineTransform_float_3_3
Parameters: 0.999999 0.000258971 -0.000741063 -0.000260364 0.999999 -0.00182481 0.000740645 0.00182519 0.999998 0.00209833 0.220208 -0.178025
FixedParameters: 0 0 0

#Transform 61
Transform: AffineTransform_float_3_3
Parameters: 0.999999 0.000263388 -0.00074309 -0.000265152 0.999997 -0.00206965 0.000742526 0.00206935 0.999998 0.00178754 0.197944 -0.164782
FixedParameters: 0 0 0

#Transform 62
Transform: AffineTransform_float_3_3
Parameters: 0.999999 0.000126319 -0.000784476 -0.000127816 0.999999 -0.0017899 0.000784551 0.0017901 0.999998 -0.00221292 0.145739 -0.116355
FixedParameters: 0 0 0

#Transform 63
Transform: AffineTransform_float_3_3
Parameters: 1 2.39058e-06 -0.000631581 -3.69318e-06 0.999999 -0.00176085 0.00063118 0.00176016 0.999999 0.00474805 0.149233 -0.0940171
FixedParameters: 0 0 0

#Transform 64
Transform: AffineTransform_float_3_3
Parameters: 0.999999 -5.34534e-05 -0.000762185 5.18196e-05 0.999998 -0.00193104 0.000762918 0.00193096 0.999998 1.41241e-05 0.168459 -0.10096
FixedParameters: 0 0 0

#Transform 65
Transform: AffineTransform_float_3_3
Parameters: 0.999999 -8.11012e-05 -0.000826551 7.97951e-05 0.999997 -0.00213955 0.000827034 0.00213945 0.999998 -0.00247326 0.213547 -0.114839
FixedParameters: 0 0 0

#Transform 66
Transform: AffineTransform_float_3_3
Parameters: 0.999999 -7.89811e-05 -0.00082101 7.72264e-05 0.999997 -0.00242706 0.000821528 0.00242694 0.999996 -0.00328992 0.203924 -0.143026
FixedParameters: 0 0 0

#Transform 67
Transform: AffineTransform_float_3_3
Parameters: 1 0.000117392 -0.00113228 -0.000120511 0.999996 -0.00253435 0.00113274 0.00253465 0.999997 -0.0156239 0.244245 -0.206115
FixedParameters: 0 0 0

#Transform 68
Transform: AffineTransform_float_3_3
Parameters: 1 0.000123568 -0.00113769 -0.000126188 0.999999 -0.00172771 0.00113779 0.0017273 0.999998 -0.00873021 0.188041 -0.16619
FixedParameters: 0 0 0

#Transform 69
Transform: AffineTransform_float_3_3
Parameters: 1 0.000158551 -0.000959035 -0.000159425 0.999998 -0.00161934 0.000958659 0.00161966 0.999999 -0.00998739 0.142905 -0.123159
FixedParameters: 0 0 0

#Transform 70
Transform: AffineTransform_float_3_3
Parameters: 1 0.00013717 -0.0011436 -0.00013928 0.999998 -0.00189869 0.00114321 0.00189831 0.999997 -0.00976276 0.15644 -0.128171
FixedParameters: 0 0 0

#Transform 71
Transform: AffineTransform_float_3_3
Parameters: 1 0.000119623 -0.000980684 -0.000121295 0.999998 -0.00199088 0.000980343 0.00199112 0.999997 -0.0145077 0.167648 -0.120084
FixedParameters: 0 0 0

#Transform 72
Transform: AffineTransform_float_3_3
Parameters: 0.999999 0.000460118 -0.000778433 -0.000461273 0.999997 -0.00242849 0.000777255 0.00242851 0.999997 -0.0107193 0.181319 -0.118337
FixedParameters: 0 0 0

#Transform 73
Transform: AffineTransform_float_3_3
Parameters: 0.999999 0.000295486 -0.000952682 -0.000297274 0.999997 -0.00231557 0.00095237 0.00231544 0.999997 -0.0128216 0.21896 -0.142614
FixedParameters: 0 0 0

#Transform 74
Transform: AffineTransform_float_3_3
Parameters: 1 0.00037452 -0.0009682 -0.000376964 0.999997 -0.00261749 0.000967292 0.00261752 0.999997 -0.019655 0.232993 -0.178649
FixedParameters: 0 0 0

#Transform 75
Transform: AffineTransform_float_3_3
Parameters: 1 0.000235579 -0.00114356 -0.000238879 0.999997 -0.00241957 0.00114256 0.00241942 0.999996 -0.0240381 0.262452 -0.20069
FixedParameters: 0 0 0

#Transform 76
Transform: AffineTransform_float_3_3
Parameters: 0.999999 0.000247088 -0.000975216 -0.000248137 0.999998 -0.00188176 0.000975343 0.00188224 0.999998 -0.0224674 0.19973 -0.14107
FixedParameters: 0 0 0

#Transform 77
Transform: AffineTransform_float_3_3
Parameters: 1 0.00010856 -0.00106513 -0.000111543 0.999998 -0.00201588 0.00106522 0.00201612 0.999997 -0.0185869 0.182026 -0.123624
FixedParameters: 0 0 0

#Transform 78
Transform: AffineTransform_float_3_3
Parameters: 1 -1.70717e-05 -0.00117259 1.37965e-05 0.999997 -0.00234802 0.0011728 0.00234798 0.999996 -0.0229326 0.203058 -0.124627
FixedParameters: 0 0 0

#Transform 79
Transform: AffineTransform_float_3_3
Parameters: 0.999999 0.00017458 -0.00125426 -0.000177481 0.999998 -0.00204627 0.00125367 0.00204673 0.999997 -0.00852121 0.202171 -0.110587
FixedParameters: 0 0 0

#Transform 80
Transform: AffineTransform_float_3_3
Parameters: 0.999999 0.000160549 -0.0012484 -0.000163898 0.999998 -0.00223564 0.00124781 0.00223536 0.999997 -0.0127306 0.22659 -0.148905
FixedParameters: 0 0 0

#Transform 81
Transform: AffineTransform_float_3_3
Parameters: 0.999999 0.00011753 -0.00122992 -0.000120388 0.999997 -0.00206934 0.00122956 0.00206966 0.999997 -0.0163725 0.267742 -0.203744
FixedParameters: 0 0 0

#Transform 82
Transform: AffineTransform_float_3_3
Parameters: 1 4.45523e-05 -0.00119891 -4.79277e-05 0.999997 -0.00233879 0.00119883 0.00233821 0.999996 -0.00813414 0.226241 -0.141744
FixedParameters: 0 0 0

#Transform 83
Transform: AffineTransform_float_3_3
Parameters: 0.999999 0.000162937 -0.00124911 -0.000165191 0.999999 -0.0017958 0.00124866 0.0017962 0.999997 -0.00304431 0.16757 -0.105712
FixedParameters: 0 0 0

#Transform 84
Transform: AffineTransform_float_3_3
Parameters: 0.999999 0.000107783 -0.00122556 -0.000109885 0.999999 -0.00176787 0.00122532 0.00176813 0.999997 -0.00658625 0.209481 -0.127912
FixedParameters: 0 0 0

#Transform 85
Transform: AffineTransform_float_3_3
Parameters: 1 -3.13465e-05 -0.00116631 2.85889e-05 0.999998 -0.00197203 0.00116565 0.00197196 0.999997 -0.00528831 0.219529 -0.127178
FixedParameters: 0 0 0

#Transform 86
Transform: AffineTransform_float_3_3
Parameters: 0.999999 0.000228938 -0.0012774 -0.000231742 0.999998 -0.0019717 0.00127663 0.00197229 0.999996 6.24405e-05 0.242833 -0.109341
FixedParameters: 0 0 0

#Transform 87
Transform: AffineTransform_float_3_3
Parameters: 0.999999 0.000202086 -0.00126605 -0.000205203 0.999998 -0.00211238 0.00126533 0.00211362 0.999997 0.00172402 0.249008 -0.108416
FixedParameters: 0 0 0

#Transform 88
Transform: AffineTransform_float_3_3
Parameters: 0.999999 0.00018565 -0.00125896 -0.000188502 0.999998 -0.00201925 0.00125835 0.00201975 0.999998 -0.00458659 0.275017 -0.156317
FixedParameters: 0 0 0

#Transform 89
Transform: AffineTransform_float_3_3
Parameters: 1 6.04044e-05 -0.00120558 -6.24495e-05 0.999998 -0.00215557 0.00120506 0.00215643 0.999997 0.00217202 0.274293 -0.150413
FixedParameters: 0 0 0

#Transform 90
Transform: AffineTransform_float_3_3
Parameters: 1 -2.27987e-05 -0.00116985 2.05675e-05 0.999999 -0.00174103 0.00116914 0.00174098 0.999998 -0.00440638 0.208123 -0.115195
FixedParameters: 0 0 0

#Transform 91
Transform: AffineTransform_float_3_3
Parameters: 1 -9.26568e-05 -0.00114004 9.06258e-05 0.999998 -0.00169859 0.00113957 0.00169841 0.999998 0.0118982 0.207122 -0.105453
FixedParameters: 0 0 0

#Transform 92
Transform: AffineTransform_float_3_3
Parameters: 1 -4.69492e-06 -0.0011777 1.85138e-06 0.999998 -0.00198949 0.00117693 0.00198951 0.999998 0.0141384 0.233339 -0.0980143
FixedParameters: 0 0 0

#Transform 93
Transform: AffineTransform_float_3_3
Parameters: 0.999999 -0.000134587 -0.00124194 0.000132284 0.999998 -0.00219617 0.00124227 0.00219584 0.999997 0.012652 0.265077 -0.134636
FixedParameters: 0 0 0

#Transform 94
Transform: AffineTransform_float_3_3
Parameters: 0.999999 3.01046e-05 -0.00141977 -3.25214e-05 0.999998 -0.00196144 0.0014194 0.00196156 0.999997 0.0182833 0.299807 -0.171138
FixedParameters: 0 0 0

#Transform 95
Transform: AffineTransform_float_3_3
Parameters: 1 -0.000195799 -0.00109608 0.000193676 0.999998 -0.00180906 0.001096 0.00180794 0.999998 0.0113877 0.252415 -0.102373
FixedParameters: 0 0 0

#Transform 96
Transform: AffineTransform_float_3_3
Parameters: 0.999999 -6.86551e-05 -0.0014948 6.59483e-05 0.999998 -0.00152159 0.00149422 0.00152141 0.999998 0.0263382 0.212886 -0.0701477
FixedParameters: 0 0 0

#Transform 97
Transform: AffineTransform_float_3_3
Parameters: 0.999999 -0.000106226 -0.00147683 0.000103607 0.999998 -0.0019538 0.00147699 0.00195421 0.999997 0.0254032 0.243095 -0.0882509
FixedParameters: 0 0 0

#Transform 98
Transform: AffineTransform_float_3_3
Parameters: 0.999999 1.93343e-05 -0.00141191 -2.1702e-05 0.999998 -0.00195461 0.00141158 0.00195539 0.999997 0.0135849 0.298044 -0.164939
FixedParameters: 0 0 0

#Transform 99
Transform: AffineTransform_float_3_3
Parameters: 1 8.94049e-05 -0.00121772 -9.14434e-05 0.999999 -0.00175374 0.00121754 0.00175326 0.999998 0.0164858 0.292424 -0.157983
FixedParameters: 0 0 0

#Transform 100
Transform: AffineTransform_float_3_3
Parameters: 1 7.66702e-05 -0.00121221 -7.97126e-05 0.999998 -0.00163454 0.00121157 0.00163545 0.999998 0.0161327 0.228077 -0.096631
FixedParameters: 0 0 0

#Transform 101
Transform: AffineTransform_float_3_3
Parameters: 0.999999 1.23121e-05 -0.00134784 -1.44961e-05 0.999999 -0.00163798 0.00134794 0.00163802 0.999998 0.0169145 0.21729 -0.0784308
FixedParameters: 0 0 0

#Transform 102
Transform: AffineTransform_float_3_3
Parameters: 0.999999 4.45589e-05 -0.00125313 -4.61973e-05 0.999998 -0.00206658 0.00125361 0.00206742 0.999997 0.0111656 0.264634 -0.075358
FixedParameters: 0 0 0

#Transform 103
Transform: AffineTransform_float_3_3
Parameters: 0.999999 4.80841e-05 -0.00148276 -5.1091e-05 0.999999 -0.00176677 0.00148273 0.00176623 0.999997 0.0154121 0.304242 -0.133435
FixedParameters: 0 0 0

#Transform 104
Transform: AffineTransform_float_3_3
Parameters: 1 -0.000195332 -0.00109616 0.000194144 0.999999 -0.00138185 0.00109592 0.00138215 0.999999 0.00932933 0.266998 -0.126473
FixedParameters: 0 0 0

#Transform 105
Transform: AffineTransform_float_3_3
Parameters: 0.999999 -1.61686e-05 -0.00134422 1.39021e-05 0.999999 -0.00133051 0.00134479 0.00133049 0.999999 0.00993514 0.219041 -0.0789796
FixedParameters: 0 0 0

#Transform 106
Transform: AffineTransform_float_3_3
Parameters: 1 -0.000195348 -0.00109616 0.000194129 0.999999 -0.00139585 0.00109592 0.00139615 0.999999 0.00927365 0.228382 -0.0715951
FixedParameters: 0 0 0

#Transform 107
Transform: AffineTransform_float_3_3
Parameters: 1 -0.00011313 -0.00119961 0.00011241 0.999999 -0.00123014 0.00120003 0.00122986 0.999998 0.0123181 0.216048 -0.0706912
FixedParameters: 0 0 0

#Transform 108
Transform: AffineTransform_float_3_3
Parameters: 1 -0.000190865 -0.0010981 0.000189406 0.999999 -0.00150285 0.00109789 0.00150315 0.999998 0.0220538 0.260594 -0.0993062
FixedParameters: 0 0 0

#Transform 109
Transform: AffineTransform_float_3_3
Parameters: 1 -0.000174341 -0.00110515 0.000172792 0.999999 -0.00153383 0.0011049 0.00153417 0.999998 0.0277452 0.314057 -0.159636
FixedParameters: 0 0 0

#Transform 110
Transform: AffineTransform_float_3_3
Parameters: 1 -0.000172186 -0.00110598 0.000170343 0.999999 -0.00124919 0.00110602 0.00124881 0.999998 0.0278323 0.283976 -0.154081
FixedParameters: 0 0 0

#Transform 111
Transform: AffineTransform_float_3_3
Parameters: 1 -0.000168404 -0.00110757 0.000167682 1 -0.00115719 0.00110718 0.00115681 0.999998 0.0141968 0.219398 -0.0914045
FixedParameters: 0 0 0

#Transform 112
Transform: AffineTransform_float_3_3
Parameters: 1 -0.000298552 -0.00113374 0.000295893 0.999999 -0.00157798 0.00113429 0.00157802 0.999998 0.0198101 0.230099 -0.112505
FixedParameters: 0 0 0

#Transform 113
Transform: AffineTransform_float_3_3
Parameters: 1 -0.000212186 -0.00108905 0.000210429 0.999998 -0.00165187 0.00108897 0.00165213 0.999998 0.0267916 0.243609 -0.103082
FixedParameters: 0 0 0

#Transform 114
Transform: AffineTransform_float_3_3
Parameters: 0.999999 -0.000298287 -0.00129366 0.000296359 0.999998 -0.00160702 0.00129476 0.00160697 0.999998 0.0253896 0.269922 -0.0904076
FixedParameters: 0 0 0

#Transform 115
Transform: AffineTransform_float_3_3
Parameters: 0.999999 -0.000214025 -0.00130685 0.000211939 0.999999 -0.00185492 0.00130646 0.00185508 0.999998 0.0299292 0.306452 -0.152173
FixedParameters: 0 0 0

#Transform 116
Transform: AffineTransform_float_3_3
Parameters: 0.999999 -0.000210107 -0.0014116 0.000208171 0.999999 -0.00133794 0.00141138 0.00133806 0.999998 0.0413279 0.339995 -0.193393
FixedParameters: 0 0 0

#Transform 117
Transform: AffineTransform_float_3_3
Parameters: 1 -7.2568e-05 -0.00114832 7.11323e-05 1 -0.00102608 0.00114808 0.00102592 0.999999 0.0528089 0.297499 -0.16836
FixedParameters: 0 0 0

#Transform 118
Transform: AffineTransform_float_3_3
Parameters: 1 8.64083e-06 -0.00118279 -9.66688e-06 0.999999 -0.000822629 0.00118238 0.00082337 0.999999 0.0417217 0.232004 -0.113756
FixedParameters: 0 0 0

#Transform 119
Transform: AffineTransform_float_3_3
Parameters: 1 -0.000117595 -0.00106283 0.000116513 0.999999 -0.000941764 0.00106266 0.000942235 0.999999 0.0242869 0.220243 -0.10565
FixedParameters: 0 0 0

#Transform 120
Transform: AffineTransform_float_3_3
Parameters: 1 -0.000331818 -0.000955374 0.000330568 1 -0.00113632 0.000955736 0.00113568 0.999999 0.0328554 0.212952 -0.0977439
FixedParameters: 0 0 0

#Transform 121
Transform: AffineTransform_float_3_3
Parameters: 1 -0.000237392 -0.000995646 0.00023576 0.999999 -0.00147688 0.000996875 0.00147712 0.999999 0.0406456 0.252054 -0.0840629
FixedParameters: 0 0 0

#Transform 122
Transform: AffineTransform_float_3_3
Parameters: 1 -0.000332006 -0.000955309 0.00033038 0.999999 -0.00133232 0.0009558 0.00133168 0.999998 0.0451332 0.275314 -0.108608
FixedParameters: 0 0 0

#Transform 123
Transform: AffineTransform_float_3_3
Parameters: 0.999999 -0.000135915 -0.000951878 0.000134414 0.999999 -0.00127213 0.000951831 0.00127187 0.999998 0.0415878 0.300133 -0.140733
FixedParameters: 0 0 0

#Transform 124
Transform: AffineTransform_float_3_3
Parameters: 0.999999 -0.000114888 -0.000951046 0.000113428 0.999999 -0.00125211 0.000950941 0.00125189 0.999999 0.0311428 0.253355 -0.127093
FixedParameters: 0 0 0

#Transform 125
Transform: AffineTransform_float_3_3
Parameters: 0.999999 5.44399e-05 -0.000941606 -5.56874e-05 0.999999 -0.0011518 0.000941089 0.0011512 0.999999 0.0264089 0.22161 -0.114228
FixedParameters: 0 0 0

#Transform 126
Transform: AffineTransform_float_3_3
Parameters: 0.999999 2.27002e-05 -0.00094626 -2.25943e-05 0.999999 -0.000430826 0.00094585 0.000430174 0.999999 0.0178651 0.200407 -0.123417
FixedParameters: 0 0 0

#Transform 127
Transform: AffineTransform_float_3_3
Parameters: 1 -0.000147676 -0.00114298 0.000149034 1 0.00059419 0.0011428 -0.000593809 0.999999 -0.0107645 0.105799 -0.0057266
FixedParameters: 0 0 0

#Transform 128
Transform: AffineTransform_float_3_3
Parameters: 1 -7.78233e-05 -0.000999422 7.6753e-05 1 -0.00119108 0.00100014 0.00119092 0.999999 -0.00810297 0.231846 -0.0910492
FixedParameters: 0 0 0

#Transform 129
Transform: AffineTransform_float_3_3
Parameters: 1 -0.000313343 -0.001085 0.000312689 0.999999 -0.00132898 0.00108597 0.00132902 0.999999 0.0156881 0.233947 -0.0711175
FixedParameters: 0 0 0

#Transform 130
Transform: AffineTransform_float_3_3
Parameters: 1 -0.000318529 -0.000982774 0.000317142 0.999999 -0.00117416 0.000983129 0.00117284 0.999999 0.0140775 0.218736 -0.0495046
FixedParameters: 0 0 0

#Transform 131
Transform: AffineTransform_float_3_3
Parameters: 1 -0.000231057 -0.00102001 0.000229719 1 -0.00110724 0.00102013 0.00110677 0.999999 0.0163113 0.250435 -0.0788802
FixedParameters: 0 0 0

#Transform 132
Transform: AffineTransform_float_3_3
Parameters: 1 0.00016761 -0.0011896 -0.000168382 1 -0.000875648 0.00118984 0.000875353 0.999999 0.00652873 0.288469 -0.106157
FixedParameters: 0 0 0

#Transform 133
Transform: AffineTransform_float_3_3
Parameters: 0.999999 0.000240927 -0.000788045 -0.000241316 0.999999 -0.000494657 0.000788727 0.000494343 0.999999 0.00199816 0.282189 -0.111911
FixedParameters: 0 0 0

#Transform 134
Transform: AffineTransform_float_3_3
Parameters: 0.999999 9.1681e-05 -0.00134615 -9.21563e-05 1 -0.000518364 0.00134567 0.000518636 0.999999 0.0107142 0.227823 -0.0407245
FixedParameters: 0 0 0

#Transform 135
Transform: AffineTransform_float_3_3
Parameters: 1 0.000110041 -0.00107035 -0.000110756 1 -0.000515522 0.00107116 0.000516478 0.999999 0.012438 0.212049 -0.031652
FixedParameters: 0 0 0

#Transform 136
Transform: AffineTransform_float_3_3
Parameters: 0.999999 1.29764e-05 -0.00152798 -1.42895e-05 1 -0.000730619 0.00152757 0.00073138 0.999998 0.0181803 0.258349 -0.055205
FixedParameters: 0 0 0

#Transform 137
Transform: AffineTransform_float_3_3
Parameters: 1 6.4793e-05 -0.00105164 -6.5794e-05 0.999999 -0.00153657 0.00105158 0.00153743 0.999998 0.0222669 0.272112 -0.0576437
FixedParameters: 0 0 0

#Transform 138
Transform: AffineTransform_float_3_3
Parameters: 0.999998 2.58023e-05 -0.00171665 -2.81136e-05 0.999998 -0.00159108 0.00171632 0.00159192 0.999998 0.0194871 0.303919 -0.097409
FixedParameters: 0 0 0

#Transform 139
Transform: AffineTransform_float_3_3
Parameters: 0.999998 0.000107702 -0.00168077 -0.000110232 0.999999 -0.0014163 0.0016806 0.00141669 0.999997 0.0171302 0.338888 -0.188592
FixedParameters: 0 0 0

#Transform 140
Transform: AffineTransform_float_3_3
Parameters: 0.999999 7.68857e-05 -0.00156974 -7.88278e-05 0.999999 -0.00132937 0.00156967 0.00132963 0.999998 0.00868274 0.261739 -0.128655
FixedParameters: 0 0 0

#Transform 141
Transform: AffineTransform_float_3_3
Parameters: 0.999998 9.02195e-05 -0.00160253 -9.19827e-05 0.999999 -0.00124634 0.00160244 0.00124666 0.999998 0.0188809 0.255764 -0.101754
FixedParameters: 0 0 0

#Transform 142
Transform: AffineTransform_float_3_3
Parameters: 0.999998 0.00013709 -0.00169378 -0.000140287 0.999998 -0.00198925 0.0016939 0.00198975 0.999996 0.00549065 0.289972 -0.153128
FixedParameters: 0 0 0

#Transform 143
Transform: AffineTransform_float_3_3
Parameters: 0.999997 0.000134677 -0.00214106 -0.00013923 0.999997 -0.00232068 0.00214031 0.00232132 0.999995 0.0185869 0.353555 -0.27972
FixedParameters: 0 0 0

#Transform 144
Transform: AffineTransform_float_3_3
Parameters: 0.999998 5.04717e-05 -0.00193421 -5.52487e-05 0.999998 -0.00215039 0.00193465 0.00215062 0.999996 0.017006 0.294736 -0.215831
FixedParameters: 0 0 0

#Transform 145
Transform: AffineTransform_float_3_3
Parameters: 0.999998 7.41939e-05 -0.00187993 -7.80227e-05 0.999998 -0.00185719 0.00187939 0.00185681 0.999997 0.0102 0.257689 -0.186268
FixedParameters: 0 0 0

#Transform 146
Transform: AffineTransform_float_3_3
Parameters: 0.999998 -0.000308827 -0.00198727 0.000304253 0.999998 -0.00194374 0.00198821 0.00194326 0.999996 -0.00540925 0.265584 -0.163755
FixedParameters: 0 0 0

#Transform 147
Transform: AffineTransform_float_3_3
Parameters: 0.999998 -0.000167742 -0.00199754 0.000163086 0.999998 -0.00205146 0.00199889 0.00205154 0.999996 -0.00238284 0.304815 -0.20868
FixedParameters: 0 0 0

#Transform 148
Transform: AffineTransform_float_3_3
Parameters: 0.999997 -0.000102286 -0.00221135 9.79885e-05 0.999998 -0.00198035 0.00221203 0.00198065 0.999995 -0.00325005 0.331807 -0.234137
FixedParameters: 0 0 0

#Transform 149
Transform: AffineTransform_float_3_3
Parameters: 0.999998 -4.66828e-05 -0.00204899 4.29709e-05 0.999998 -0.00177043 0.00204981 0.00176957 0.999996 -0.0107223 0.260888 -0.156108
FixedParameters: 0 0 0

#Transform 150
Transform: AffineTransform_float_3_3
Parameters: 0.999998 -0.000113422 -0.00202037 0.000110627 0.999998 -0.0015682 0.00202139 0.0015678 0.999997 -0.0123966 0.25702 -0.146502
FixedParameters: 0 0 0

#Transform 151
Transform: AffineTransform_float_3_3
Parameters: 0.999998 -0.00020893 -0.00197989 0.000204743 0.999998 -0.00195154 0.00198137 0.00195146 0.999996 -0.0146994 0.275441 -0.164257
FixedParameters: 0 0 0

#Transform 152
Transform: AffineTransform_float_3_3
Parameters: 0.999998 -0.00020079 -0.00232513 0.000194999 0.999997 -0.00240259 0.00232596 0.00240241 0.999994 -0.00726751 0.306059 -0.205341
FixedParameters: 0 0 0

#Transform 153
Transform: AffineTransform_float_3_3
Parameters: 0.999998 -0.00013066 -0.00201327 0.000126528 0.999998 -0.00190539 0.00201442 0.00190561 0.999996 -0.0105315 0.272033 -0.155576
FixedParameters: 0 0 0

#Transform 154
Transform: AffineTransform_float_3_3
Parameters: 0.999998 -8.83933e-05 -0.00203097 8.50286e-05 0.999999 -0.0014733 0.00203228 0.0014737 0.999997 -0.00481002 0.257693 -0.117142
FixedParameters: 0 0 0

#Transform 155
Transform: AffineTransform_float_3_3
Parameters: 0.999998 -7.22192e-05 -0.00203801 6.89842e-05 0.999999 -0.00166263 0.00203891 0.00166237 0.999996 -0.00122195 0.291096 -0.126646
FixedParameters: 0 0 0

#Transform 156
Transform: AffineTransform_float_3_3
Parameters: 0.999997 -0.000203898 -0.00249367 0.000200048 0.999999 -0.00140412 0.00249399 0.00140388 0.999996 0.00741193 0.34422 -0.190916
FixedParameters: 0 0 0

#Transform 157
Transform: AffineTransform_float_3_3
Parameters: 0.999997 -0.000187704 -0.00245279 0.000184622 0.999999 -0.00145823 0.00245269 0.00145878 0.999996 0.00489837 0.307667 -0.172845
FixedParameters: 0 0 0

#Transform 158
Transform: AffineTransform_float_3_3
Parameters: 0.999998 -5.1727e-05 -0.00229536 4.89619e-05 0.999999 -0.00128909 0.00229523 0.00128891 0.999996 -0.00740213 0.238882 -0.118061
FixedParameters: 0 0 0

#Transform 159
Transform: AffineTransform_float_3_3
Parameters: 0.999998 5.53344e-05 -0.00209213 -5.75204e-05 0.999999 -0.00136886 0.00209264 0.00136914 0.999997 -0.00617896 0.253104 -0.102495
FixedParameters: 0 0 0

#Transform 160
Transform: AffineTransform_float_3_3
Parameters: 0.999997 0.000257005 -0.00217845 -0.000260872 0.999998 -0.00170077 0.00217824 0.00170123 0.999996 -0.00325784 0.275789 -0.105898
FixedParameters: 0 0 0

#Transform 161
Transform: AffineTransform_float_3_3
Parameters: 0.999997 8.3743e-05 -0.00271358 -8.8564e-05 0.999998 -0.00188023 0.00271315 0.00188077 0.999995 -0.00707989 0.321071 -0.168747
FixedParameters: 0 0 0

#Transform 162
Transform: AffineTransform_float_3_3
Parameters: 0.999996 0.000139869 -0.00273978 -0.000142785 0.999999 -0.00110708 0.00273922 0.00110792 0.999996 -0.0121023 0.270902 -0.122854
FixedParameters: 0 0 0

#Transform 163
Transform: AffineTransform_float_3_3
Parameters: 0.999997 0.000225321 -0.00216418 -0.000227201 0.999999 -0.00103985 0.00216477 0.00104015 0.999997 -0.0088536 0.259784 -0.109746
FixedParameters: 0 0 0

#Transform 164
Transform: AffineTransform_float_3_3
Parameters: 0.999996 7.45057e-06 -0.00279353 -1.12575e-05 0.999999 -0.0014108 0.00279287 0.0014102 0.999995 -0.0118788 0.333341 -0.17835
FixedParameters: 0 0 0

#Transform 165
Transform: AffineTransform_float_3_3
Parameters: 0.999996 -3.28149e-05 -0.00275567 2.88338e-05 0.999999 -0.0013647 0.00275642 0.0013653 0.999995 -0.000169667 0.338291 -0.181455
FixedParameters: 0 0 0

#Transform 166
Transform: AffineTransform_float_3_3
Parameters: 0.999997 0.000124129 -0.00243831 -0.000126369 1 -0.00091667 0.00243822 0.00091733 0.999997 -0.00209121 0.282235 -0.120658
FixedParameters: 0 0 0

#Transform 167
Transform: AffineTransform_float_3_3
Parameters: 0.999997 -1.72145e-06 -0.00246529 -1.65131e-07 1 -0.00102198 0.00246504 0.00102202 0.999996 -0.00909536 0.282968 -0.118719
FixedParameters: 0 0 0

#Transform 168
Transform: AffineTransform_float_3_3
Parameters: 0.999997 2.181e-05 -0.00237779 -2.48729e-05 0.999999 -0.00130692 0.00237747 0.00130708 0.999996 -0.00482824 0.317933 -0.126122
FixedParameters: 0 0 0

#Transform 169
Transform: AffineTransform_float_3_3
Parameters: 0.999996 3.47922e-05 -0.00257682 -3.8481e-05 0.999999 -0.00132737 0.00257647 0.00132763 0.999996 -0.00174033 0.314106 -0.128817
FixedParameters: 0 0 0

#Transform 170
Transform: AffineTransform_float_3_3
Parameters: 0.999997 0.000554944 -0.00230496 -0.000557578 0.999999 -0.00133905 0.00230414 0.00134095 0.999996 -0.0102003 0.377311 -0.190971
FixedParameters: 0 0 0

#Transform 171
Transform: AffineTransform_float_3_3
Parameters: 0.999997 0.000380715 -0.00222984 -0.000382407 0.999999 -0.000673331 0.00222986 0.000673668 0.999998 -0.0224772 0.346145 -0.14858
FixedParameters: 0 0 0

#Transform 172
Transform: AffineTransform_float_3_3
Parameters: 0.999996 0.000177693 -0.0025542 -0.000178654 1 -0.000624521 0.00255412 0.000625481 0.999996 -0.0376346 0.296088 -0.101082
FixedParameters: 0 0 0

#Transform 173
Transform: AffineTransform_float_3_3
Parameters: 0.999997 2.7791e-05 -0.00254505 -2.99012e-05 1 -0.000852902 0.00254514 0.000853098 0.999996 -0.0262997 0.307185 -0.127538
FixedParameters: 0 0 0

#Transform 174
Transform: AffineTransform_float_3_3
Parameters: 0.999997 0.000379753 -0.00269507 -0.000382127 1 -0.00102516 0.00269403 0.00102584 0.999996 -0.014897 0.318761 -0.122827
FixedParameters: 0 0 0

#Transform 175
Transform: AffineTransform_float_3_3
Parameters: 0.999996 0.000233275 -0.0025584 -0.000234712 1 -0.000716377 0.0025582 0.000717624 0.999996 -0.0125416 0.343751 -0.110879
FixedParameters: 0 0 0

#Transform 176
Transform: AffineTransform_float_3_3
Parameters: 0.999997 0.000279116 -0.00265241 -0.000282092 0.999999 -0.00115508 0.00265151 0.00115592 0.999995 -0.00366515 0.35163 -0.109574
FixedParameters: 0 0 0

#Transform 177
Transform: AffineTransform_float_3_3
Parameters: 0.999996 6.47649e-05 -0.00256112 -6.74875e-05 0.999999 -0.00114681 0.00256071 0.00114719 0.999996 -0.0126461 0.383704 -0.147187
FixedParameters: 0 0 0

#Transform 178
Transform: AffineTransform_float_3_3
Parameters: 0.999997 -4.69562e-05 -0.00251333 4.44727e-05 1 -0.00093809 0.00251356 0.00093791 0.999996 -0.0181344 0.419458 -0.186543
FixedParameters: 0 0 0

#Transform 179
Transform: AffineTransform_float_3_3
Parameters: 0.999997 -4.55823e-05 -0.00251336 4.36168e-05 1 -0.000390726 0.00251339 0.000391271 0.999997 -0.0182686 0.326111 -0.13146
FixedParameters: 0 0 0

#Transform 180
Transform: AffineTransform_float_3_3
Parameters: 0.999997 -4.66069e-05 -0.00251334 4.39013e-05 1 -0.000799088 0.00251394 0.00079891 0.999996 -0.0183933 0.296796 -0.0845257
FixedParameters: 0 0 0

#Transform 181
Transform: AffineTransform_float_3_3
Parameters: 0.999996 6.23108e-05 -0.00255952 -6.44194e-05 1 -0.000667813 0.00255997 0.000668187 0.999996 -0.00920685 0.324026 -0.0829428
FixedParameters: 0 0 0

#Transform 182
Transform: AffineTransform_float_3_3
Parameters: 0.999997 -4.61243e-05 -0.00251335 4.4384e-05 1 -0.000607089 0.00251393 0.000606911 0.999997 -0.00488447 0.340269 -0.0860115
FixedParameters: 0 0 0

#Transform 183
Transform: AffineTransform_float_3_3
Parameters: 0.999997 -4.64134e-05 -0.00251334 4.40949e-05 1 -0.000722089 0.00251394 0.000721911 0.999997 -0.00571804 0.36225 -0.0722478
FixedParameters: 0 0 0

#Transform 184
Transform: AffineTransform_float_3_3
Parameters: 0.999997 2.87649e-05 -0.00266598 -3.05536e-05 1 -0.000753896 0.00266607 0.000754104 0.999996 -0.00200757 0.378533 -0.0808807
FixedParameters: 0 0 0

#Transform 185
Transform: AffineTransform_float_3_3
Parameters: 0.999996 0.000168026 -0.00260453 -0.0001695 1 -0.000711384 0.00260443 0.000711617 0.999996 -0.00731697 0.423451 -0.149184
FixedParameters: 0 0 0

#Transform 186
Transform: AffineTransform_float_3_3
Parameters: 0.999996 3.19813e-05 -0.0028347 -3.40215e-05 1 -0.00075337 0.00283479 0.000753631 0.999996 -0.0121391 0.399722 -0.154195
FixedParameters: 0 0 0

#Transform 187
Transform: AffineTransform_float_3_3
Parameters: 0.999996 7.29688e-05 -0.00256381 -7.44043e-05 1 -0.000459634 0.00256335 0.000459366 0.999997 -0.0154871 0.347026 -0.0894028
FixedParameters: 0 0 0

#Transform 188
Transform: AffineTransform_float_3_3
Parameters: 0.999996 8.65321e-05 -0.00256969 -8.71451e-05 1 -0.000553601 0.00256973 0.000553402 0.999997 -0.0116504 0.325169 -0.0740403
FixedParameters: 0 0 0

#Transform 189
Transform: AffineTransform_float_3_3
Parameters: 0.999997 2.19773e-05 -0.00268752 -2.34421e-05 1 -0.000272761 0.00268751 0.000272237 0.999996 -0.0145435 0.34157 -0.0851413
FixedParameters: 0 0 0

#Transform 190
Transform: AffineTransform_float_3_3
