# transform file /out/sourcedata/freesurfer/sub-v2s5x29557_ses-1/mri/transforms/cc_up.lta
# created by oesteban on Fri Mar 13 09:59:49 2026

type      = 0 # LINEAR_VOX_TO_VOX
nxforms   = 1
mean      = 162.0000 123.0000 153.0000
sigma     = 10000.0000
1 4 4
9.991157054901123e-01 1.102335471659899e-02 4.057475924491882e-02 -3.895360565185547e+01 
-1.101427618414164e-02 9.999392032623291e-01 -4.472971777431667e-04 2.985647583007812e+01 
-4.057722538709641e-02 2.910383045673370e-11 9.991764426231384e-01 -2.943058013916016e-01 
0.000000000000000e+00 0.000000000000000e+00 0.000000000000000e+00 1.000000000000000e+00 
src volume info
valid = 1  # volume info valid
filename = /out/sourcedata/freesurfer/sub-v2s5x29557_ses-1/mri/norm.mgz
volume = 320 320 320
voxelsize = 6.999999880790710e-01 6.999999880790710e-01 6.999999880790710e-01
xras   = -1.000000000000000e+00 0.000000000000000e+00 0.000000000000000e+00
yras   = 0.000000000000000e+00 0.000000000000000e+00 -1.000000000000000e+00
zras   = 0.000000000000000e+00 1.000000000000000e+00 0.000000000000000e+00
cras   = 2.046798706054688e+00 1.217399597167969e+01 -1.097399902343750e+01
dst volume info
valid = 1  # volume info valid
filename = /out/sourcedata/freesurfer/sub-v2s5x29557_ses-1/mri/norm.mgz
volume = 320 320 320
voxelsize = 6.999999880790710e-01 6.999999880790710e-01 6.999999880790710e-01
xras   = -1.000000000000000e+00 0.000000000000000e+00 0.000000000000000e+00
yras   = 0.000000000000000e+00 0.000000000000000e+00 -1.000000000000000e+00
zras   = 0.000000000000000e+00 1.000000000000000e+00 0.000000000000000e+00
cras   = 2.046798706054688e+00 1.217399597167969e+01 -1.097399902343750e+01
