# transform file /out/sourcedata/freesurfer/sub-v2s5x29541_ses-1/mri/transforms/cc_up.lta
# created by oesteban on Fri Mar 13 09:38:58 2026

type      = 0 # LINEAR_VOX_TO_VOX
nxforms   = 1
mean      = 164.0000 131.0000 141.0000
sigma     = 10000.0000
1 4 4
9.982268810272217e-01 -5.864571034908295e-02 1.018986292183399e-02 -2.706057929992676e+01 
5.864265561103821e-02 9.982789158821106e-01 5.986220785416663e-04 3.692409038543701e+00 
-1.020743045955896e-02 -5.820766091346741e-11 9.999479055404663e-01 2.264896392822266e+01 
0.000000000000000e+00 0.000000000000000e+00 0.000000000000000e+00 1.000000000000000e+00 
src volume info
valid = 1  # volume info valid
filename = /out/sourcedata/freesurfer/sub-v2s5x29541_ses-1/mri/norm.mgz
volume = 320 320 320
voxelsize = 6.999999880790710e-01 6.999999880790710e-01 6.999999880790710e-01
xras   = -1.000000000000000e+00 0.000000000000000e+00 0.000000000000000e+00
yras   = 0.000000000000000e+00 0.000000000000000e+00 -1.000000000000000e+00
zras   = 0.000000000000000e+00 1.000000000000000e+00 0.000000000000000e+00
cras   = 3.257499694824219e+00 2.064799499511719e+01 -2.973910522460938e+01
dst volume info
valid = 1  # volume info valid
filename = /out/sourcedata/freesurfer/sub-v2s5x29541_ses-1/mri/norm.mgz
volume = 320 320 320
voxelsize = 6.999999880790710e-01 6.999999880790710e-01 6.999999880790710e-01
xras   = -1.000000000000000e+00 0.000000000000000e+00 0.000000000000000e+00
yras   = 0.000000000000000e+00 0.000000000000000e+00 -1.000000000000000e+00
zras   = 0.000000000000000e+00 1.000000000000000e+00 0.000000000000000e+00
cras   = 3.257499694824219e+00 2.064799499511719e+01 -2.973910522460938e+01
