# transform file transforms/talairach.lta
# created by oesteban on Fri Mar 13 07:13:00 2026

type      = 0 # LINEAR_VOX_TO_VOX
nxforms   = 1
mean      = 164.0000 132.0000 142.0000
sigma     = 10000.0000
1 4 4
6.996501088142395e-01 -5.177925154566765e-02 1.461492199450731e-02 1.645267677307129e+01 
3.967573866248131e-02 7.734022140502930e-01 2.187853753566742e-01 -1.585708427429199e+01 
-2.919626235961914e-02 -1.826519370079041e-01 6.413085460662842e-01 4.963685989379883e+01 
0.000000000000000e+00 0.000000000000000e+00 0.000000000000000e+00 1.000000000000000e+00 
src volume info
valid = 1  # volume info valid
filename = nu.mgz
volume = 320 320 320
voxelsize = 6.999999880790710e-01 6.999999880790710e-01 6.999999880790710e-01
xras   = -1.000000000000000e+00 0.000000000000000e+00 0.000000000000000e+00
yras   = 0.000000000000000e+00 0.000000000000000e+00 -1.000000000000000e+00
zras   = 0.000000000000000e+00 1.000000000000000e+00 0.000000000000000e+00
cras   = 3.257499694824219e+00 2.064799499511719e+01 -2.973910522460938e+01
dst volume info
valid = 1  # volume info valid
filename = /opt/freesurfer/average/RB_all_2020-01-02.gca
volume = 256 256 256
voxelsize = 1.000000000000000e+00 1.000000000000000e+00 1.000000000000000e+00
xras   = -1.000000000000000e+00 0.000000000000000e+00 0.000000000000000e+00
yras   = 0.000000000000000e+00 0.000000000000000e+00 -1.000000000000000e+00
zras   = 0.000000000000000e+00 1.000000000000000e+00 0.000000000000000e+00
cras   = 0.000000000000000e+00 0.000000000000000e+00 0.000000000000000e+00
