#Insight Transform File V1.0
#Transform 0
Transform: AffineTransform_float_3_3
Parameters: 1 0 0 0 1 -0.000227 0 0.000227 1 0 -0.158232 0.111081
FixedParameters: 0 0 0

#Transform 1
Transform: AffineTransform_float_3_3
Parameters: 1 2.06762e-05 -0.000273833 -2.06143e-05 1 0.000113006 0.000273838 -0.000112994 1 0.00586677 -0.161495 0.111701
FixedParameters: 0 0 0

#Transform 2
Transform: AffineTransform_float_3_3
Parameters: 1 0.000253469 -0.000375716 -0.000253094 1 0.000499095 0.000375969 -0.000498905 1 0.00895641 -0.167454 0.0867061
FixedParameters: 0 0 0

#Transform 3
Transform: AffineTransform_float_3_3
Parameters: 1 0.000235689 -0.000340932 -0.000235179 0.999999 0.00074808 0.000341284 -0.000747919 0.999999 0.00541655 -0.150379 0.0673361
FixedParameters: 0 0 0

#Transform 4
Transform: AffineTransform_float_3_3
Parameters: 1 0.000102985 -0.00032293 -0.000103042 1 -8.89667e-05 0.000322912 8.90333e-05 1 0.00413026 -0.0987838 0.0120426
FixedParameters: 0 0 0

#Transform 5
Transform: AffineTransform_float_3_3
Parameters: 1 1.25908e-05 -0.000308393 -1.3315e-05 1 0.000318004 0.000308792 -0.000317996 1 0.00663179 -0.125673 0.0428596
FixedParameters: 0 0 0

#Transform 6
Transform: AffineTransform_float_3_3
Parameters: 1 5.15295e-05 -0.000278167 -5.1243e-05 1 0.000515014 0.00027822 -0.000514986 1 0.0126506 -0.150468 0.051111
FixedParameters: 0 0 0

#Transform 7
Transform: AffineTransform_float_3_3
Parameters: 1 0.000143623 -0.000517038 -0.00014398 1 0.000545074 0.000517585 -0.000544926 0.999999 0.0115273 -0.129798 0.0320925
FixedParameters: 0 0 0

#Transform 8
Transform: AffineTransform_float_3_3
Parameters: 1 0.000320536 -0.000345551 -0.000321196 1 0.000377111 0.000346184 -0.000376889 1 0.0086308 -0.129555 0.0238724
FixedParameters: 0 0 0

#Transform 9
Transform: AffineTransform_float_3_3
Parameters: 1 0.000274235 -0.00029571 -0.000274315 1 -0.000135919 0.000295635 0.000136081 1 0.00729017 -0.0737975 0.00669329
FixedParameters: 0 0 0

#Transform 10
Transform: AffineTransform_float_3_3
Parameters: 1 2.07763e-05 -0.000189138 -2.0715e-05 1 0.000162004 0.000189145 -0.000161996 1 0.00781623 -0.130814 0.0551807
FixedParameters: 0 0 0

#Transform 11
Transform: AffineTransform_float_3_3
Parameters: 1 0.000242495 -0.000370984 -0.000242367 0.999999 0.00069909 0.000370403 -0.00069891 0.999999 0.0134939 -0.132316 0.06126
FixedParameters: 0 0 0

#Transform 12
Transform: AffineTransform_float_3_3
Parameters: 1 0.000138991 -0.000515094 -0.000138487 1 0.000489071 0.00051523 -0.000488928 0.999999 0.0114239 -0.128283 0.0506034
FixedParameters: 0 0 0

#Transform 13
Transform: AffineTransform_float_3_3
Parameters: 1 -0.000149985 -0.000353497 0.000150096 1 0.000156947 0.00035345 -0.000157053 1 0.00686035 -0.0718875 0.0595289
FixedParameters: 0 0 0

#Transform 14
Transform: AffineTransform_float_3_3
Parameters: 1 4.29158e-06 1.01283e-05 -4.3045e-06 1 0.000638 -1.01228e-05 -0.000638 1 0.00180577 -0.151534 0.096385
FixedParameters: 0 0 0

#Transform 15
Transform: AffineTransform_float_3_3
Parameters: 1 0.000214001 -0.000146015 -0.000214681 0.999999 0.000824031 0.000146759 -0.000823968 0.999999 0.00956734 -0.125003 0.0725407
FixedParameters: 0 0 0

#Transform 16
Transform: AffineTransform_float_3_3
Parameters: 1 9.06558e-05 -0.000144864 -9.08934e-05 1 0.000530013 0.000144039 -0.000529987 1 0.00332186 -0.0885983 0.0317225
FixedParameters: 0 0 0

#Transform 17
Transform: AffineTransform_float_3_3
Parameters: 1 -8.01468e-05 -0.000188684 8.00529e-05 1 -0.000249015 0.000188723 0.000248985 1 0.0144499 -0.0743694 0.0360343
FixedParameters: 0 0 0

#Transform 18
Transform: AffineTransform_float_3_3
Parameters: 1 0.000106568 0.000251341 -0.000106771 1 0.000402973 -0.000251255 -0.000403027 1 0.00333133 -0.188627 0.079025
FixedParameters: 0 0 0

#Transform 19
Transform: AffineTransform_float_3_3
Parameters: 1 2.13779e-05 -0.000162213 -2.12397e-05 1 0.000426003 0.000162231 -0.000425996 1 0.00346568 -0.125625 0.0334138
FixedParameters: 0 0 0

#Transform 20
Transform: AffineTransform_float_3_3
Parameters: 1 -8.00793e-05 -0.000188712 8.01204e-05 1 0.000108985 0.000188695 -0.000109015 1 0.0144259 -0.0829907 0.04494
FixedParameters: 0 0 0

#Transform 21
Transform: AffineTransform_float_3_3
Parameters: 1 -8.00051e-05 -0.000188744 8.01946e-05 1 0.000501985 0.000188663 -0.000502015 1 0.0132596 -0.169947 0.0994093
FixedParameters: 0 0 0

#Transform 22
Transform: AffineTransform_float_3_3
Parameters: 1 0.000234012 -0.000321783 -0.000233573 0.999999 0.000682075 0.000322102 -0.000681924 0.999999 0.00767131 -0.150911 0.0663322
FixedParameters: 0 0 0

#Transform 23
Transform: AffineTransform_float_3_3
Parameters: 1 0.000142077 -0.00010807 -0.000142033 1 0.000204015 0.000108128 -0.000203985 1 0.00283282 -0.0877817 0.0451989
FixedParameters: 0 0 0

#Transform 24
Transform: AffineTransform_float_3_3
Parameters: 1 3.58764e-05 8.47164e-05 -3.6018e-05 0.999999 0.000835996 -8.46563e-05 -0.000836002 0.999999 -0.0017252 -0.188767 0.115073
FixedParameters: 0 0 0

#Transform 25
Transform: AffineTransform_float_3_3
Parameters: 1 0.000623845 -0.000129682 -0.000623686 0.999999 0.000613081 0.000130447 -0.000612918 1 -0.00655519 -0.1302 0.0928384
FixedParameters: 0 0 0

#Transform 26
Transform: AffineTransform_float_3_3
Parameters: 1 0.000645934 -0.000131327 -0.00064573 1 0.000772725 0.000132325 -0.000773275 1 -0.0116351 -0.0878777 0.0503107
FixedParameters: 0 0 0

#Transform 27
Transform: AffineTransform_float_3_3
Parameters: 0.999999 0.000657124 -0.000440927 -0.000657432 0.999999 0.00113729 0.000441892 -0.00113671 1 -0.00131861 -0.0913262 0.053821
FixedParameters: 0 0 0

#Transform 28
Transform: AffineTransform_float_3_3
Parameters: 1 0.000360194 -0.000375192 -0.000359608 0.999999 0.000780134 0.000375753 -0.000779864 0.999999 -0.00753895 -0.0594441 0.0193982
FixedParameters: 0 0 0

#Transform 29
Transform: AffineTransform_float_3_3
Parameters: 1 0.000357453 -0.000374002 -0.000356826 0.999999 0.000837286 0.0003746 -0.000837713 1 0.00921107 -0.0820028 0.0479149
FixedParameters: 0 0 0

#Transform 30
Transform: AffineTransform_float_3_3
Parameters: 1 0.000357525 -0.000373933 -0.000356754 1 0.00103013 0.000374668 -0.00102987 1 0.00155821 -0.141651 0.0707917
FixedParameters: 0 0 0

#Transform 31
Transform: AffineTransform_float_3_3
Parameters: 1 0.000357545 -0.000373914 -0.000356734 1 0.00108313 0.000374687 -0.00108287 1 0.0065457 -0.143105 0.0707639
FixedParameters: 0 0 0

#Transform 32
Transform: AffineTransform_float_3_3
Parameters: 1 0.00035737 -0.000374081 -0.00035691 0.999999 0.000615133 0.00037452 -0.000614866 0.999999 0.00920885 -0.0839576 0.0359532
FixedParameters: 0 0 0

#Transform 33
Transform: AffineTransform_float_3_3
Parameters: 1 0.000357202 -0.000374242 -0.000357078 1 0.000165134 0.00037436 -0.000164866 1 0.00921313 -0.0609637 0.0544823
FixedParameters: 0 0 0

#Transform 34
Transform: AffineTransform_float_3_3
Parameters: 1 0.000357507 -0.00037395 -0.000356773 1 0.000980774 0.000374651 -0.000981226 0.999999 0.00485748 -0.147478 0.099227
FixedParameters: 0 0 0

#Transform 35
Transform: AffineTransform_float_3_3
Parameters: 1 0.000441401 -0.000409324 -0.000441722 0.999999 0.00120818 0.000409861 -0.00120782 0.999999 0.0103465 -0.109295 0.0798466
FixedParameters: 0 0 0

#Transform 36
Transform: AffineTransform_float_3_3
Parameters: 1 0.000357404 -0.000374048 -0.000356875 0.999999 0.000706133 0.000374553 -0.000705866 0.999999 0.00923119 -0.0467808 0.0197735
FixedParameters: 0 0 0

#Transform 37
Transform: AffineTransform_float_3_3
Parameters: 1 0.00023573 -8.70411e-05 -0.000235741 1 -5.79795e-05 8.70137e-05 5.80205e-05 1 -0.0023405 -0.0440423 0.0472063
FixedParameters: 0 0 0

#Transform 38
Transform: AffineTransform_float_3_3
Parameters: 1 5.4625e-05 -3.51156e-05 -5.46035e-05 1 0.000306002 3.5149e-05 -0.000305998 1 0.0138438 -0.152036 0.133539
FixedParameters: 0 0 0

#Transform 39
Transform: AffineTransform_float_3_3
Parameters: 1 7.75622e-05 -0.000255441 -7.70506e-05 0.999999 0.00100102 0.000255596 -0.00100098 0.999999 0.00563681 -0.138977 0.0933779
FixedParameters: 0 0 0

#Transform 40
Transform: AffineTransform_float_3_3
Parameters: 1 0.000357584 -0.000373876 -0.000356695 0.999999 0.00118813 0.000374725 -0.00118787 0.999999 0.00918321 -0.121945 0.0949248
FixedParameters: 0 0 0

#Transform 41
Transform: AffineTransform_float_3_3
Parameters: 1 0.000409036 -0.000252276 -0.000408788 0.999999 0.0012661 0.000252391 -0.0012659 0.999999 0.00679448 -0.129513 0.0722467
FixedParameters: 0 0 0

#Transform 42
Transform: AffineTransform_float_3_3
Parameters: 1 0.000357515 -0.000373943 -0.000356765 1 0.00100077 0.000374658 -0.00100123 0.999999 0.00517303 -0.0974934 0.0439436
FixedParameters: 0 0 0

#Transform 43
Transform: AffineTransform_float_3_3
Parameters: 1 0.000357515 -0.000373943 -0.000356765 1 0.00100077 0.000374658 -0.00100123 0.999999 0.00921479 -0.0708558 0.0405974
FixedParameters: 0 0 0

#Transform 44
Transform: AffineTransform_float_3_3
Parameters: 1 0.000335081 -0.000180713 -0.00033492 0.999999 0.00152806 0.000180817 -0.00152794 0.999999 0.00499457 -0.162275 0.107733
FixedParameters: 0 0 0

#Transform 45
Transform: AffineTransform_float_3_3
Parameters: 1 0.000553929 9.04924e-05 -0.000553679 0.999998 0.00154995 -9.00868e-05 -0.00155005 0.999999 0.000119514 -0.149926 0.0922821
FixedParameters: 0 0 0

#Transform 46
Transform: AffineTransform_float_3_3
Parameters: 1 0.000415324 -0.000237444 -0.000415003 0.999999 0.0014981 0.000237767 -0.0014979 0.999999 0.00649408 -0.123816 0.0849977
FixedParameters: 0 0 0

#Transform 47
Transform: AffineTransform_float_3_3
Parameters: 1 0.000257326 -0.000331307 -0.000257203 0.999998 0.00157108 0.000332506 -0.00157091 0.999998 0.00798697 -0.130755 0.0874629
FixedParameters: 0 0 0

#Transform 48
Transform: AffineTransform_float_3_3
Parameters: 1 8.87171e-05 -0.000198278 -8.87385e-05 0.999999 0.000933017 0.000197523 -0.000932982 0.999999 0.00442548 -0.0848654 0.0481757
FixedParameters: 0 0 0

#Transform 49
Transform: AffineTransform_float_3_3
Parameters: 1 0.000113581 -0.000208805 -0.000114111 0.999999 0.000933023 0.000209408 -0.000932975 0.999999 0.00485718 -0.0954098 0.0739523
FixedParameters: 0 0 0

#Transform 50
Transform: AffineTransform_float_3_3
Parameters: 1 0.000357691 -0.000373774 -0.00035698 0.999999 0.00147413 0.000373907 -0.00147387 0.999999 0.0266558 -0.180944 0.130516
FixedParameters: 0 0 0

#Transform 51
Transform: AffineTransform_float_3_3
Parameters: 1 0.000390409 -0.00029639 -0.000389513 0.999999 0.00150812 0.000297566 -0.00150788 0.999999 0.0251894 -0.148664 0.111909
FixedParameters: 0 0 0

#Transform 52
Transform: AffineTransform_float_3_3
Parameters: 1 0.000408258 -0.000254116 -0.000407611 0.999999 0.0012711 0.000255153 -0.0012709 0.999999 0.0243539 -0.135332 0.113481
FixedParameters: 0 0 0

#Transform 53
Transform: AffineTransform_float_3_3
Parameters: 1 0.000192931 -0.000304004 -0.000191808 0.999999 0.00184506 0.000304714 -0.00184494 0.999999 0.024569 -0.160333 0.117068
FixedParameters: 0 0 0

#Transform 54
Transform: AffineTransform_float_3_3
Parameters: 1 0.000369201 -2.04841e-05 -0.000369153 1 0.00115701 2.13384e-05 -0.00115699 1 0.0194218 -0.0816839 0.0720234
FixedParameters: 0 0 0

#Transform 55
Transform: AffineTransform_float_3_3
Parameters: 1 0.0001841 -0.000167991 -0.000183675 0.999999 0.00126303 0.000168456 -0.00126297 0.999999 0.0189712 -0.0870207 0.105155
FixedParameters: 0 0 0

#Transform 56
Transform: AffineTransform_float_3_3
Parameters: 1 0.000119115 -0.000201188 -0.000118763 0.999999 0.00184802 0.000200707 -0.00184798 0.999999 0.0220612 -0.15505 0.133736
FixedParameters: 0 0 0

#Transform 57
Transform: AffineTransform_float_3_3
Parameters: 1 0.00018827 -0.000302093 -0.000187264 0.999998 0.00166406 0.000302718 -0.00166394 0.999998 0.0245554 -0.092882 0.102272
FixedParameters: 0 0 0

#Transform 58
Transform: AffineTransform_float_3_3
Parameters: 1 0.000182736 -0.000132697 -0.000182431 1 0.00114802 0.000133116 -0.00114798 1 0.00711196 -0.057182 0.100588
FixedParameters: 0 0 0

#Transform 59
Transform: AffineTransform_float_3_3
Parameters: 1 0.000428173 -0.000207048 -0.000427943 0.999999 0.00149809 0.00020741 -0.00149791 0.999999 0.0170658 -0.126415 0.14534
FixedParameters: 0 0 0

#Transform 60
Transform: AffineTransform_float_3_3
Parameters: 1 0.000444184 -0.000169157 -0.000443971 0.999999 0.00178208 0.00016982 -0.00178193 0.999999 0.0084571 -0.119624 0.133554
FixedParameters: 0 0 0

#Transform 61
Transform: AffineTransform_float_3_3
Parameters: 1 0.000278467 -0.000157953 -0.00027806 0.999999 0.00128504 0.000158669 -0.00128496 0.999999 0.00867721 -0.0419954 0.0657234
FixedParameters: 0 0 0

#Transform 62
Transform: AffineTransform_float_3_3
Parameters: 1 0.000182508 -0.00018464 -0.000182361 0.999999 0.00145703 0.000184251 -0.00145697 0.999999 0.0167705 -0.108773 0.131521
FixedParameters: 0 0 0

#Transform 63
Transform: AffineTransform_float_3_3
Parameters: 1 5.95816e-05 -0.00024754 -5.82108e-05 0.999996 0.00276702 0.000247866 -0.00276699 0.999996 0.0228179 -0.155469 0.167386
FixedParameters: 0 0 0

#Transform 64
Transform: AffineTransform_float_3_3
Parameters: 1 0.000124792 -0.000275202 -0.000124632 0.999998 0.00196003 0.000276081 -0.00195997 0.999998 0.0238135 -0.0817868 0.123877
FixedParameters: 0 0 0

#Transform 65
Transform: AffineTransform_float_3_3
Parameters: 1 0.000233543 -8.44435e-05 -0.000233578 0.999998 0.00210402 8.45058e-05 -0.00210398 0.999998 0.0201462 -0.0786064 0.144999
FixedParameters: 0 0 0

#Transform 66
Transform: AffineTransform_float_3_3
Parameters: 1 0.000368967 -4.38323e-05 -0.000369155 0.999998 0.00229502 4.46058e-05 -0.00229499 0.999998 0.0197566 -0.194322 0.191729
FixedParameters: 0 0 0

#Transform 67
Transform: AffineTransform_float_3_3
Parameters: 1 0.00048117 -8.15096e-05 -0.000480303 0.999998 0.00206004 8.2179e-05 -0.00205996 0.999998 -0.00361824 -0.154142 0.142749
FixedParameters: 0 0 0

#Transform 68
Transform: AffineTransform_float_3_3
Parameters: 1 0.0005784 -0.000242046 -0.000577866 0.999998 0.00190414 0.000243327 -0.00190386 0.999998 0.00350657 -0.0778191 0.101126
FixedParameters: 0 0 0

#Transform 69
Transform: AffineTransform_float_3_3
Parameters: 1 0.000398426 -0.000277638 -0.000397517 0.999997 0.00233611 0.000278577 -0.00233589 0.999997 0.00580792 -0.119043 0.117116
FixedParameters: 0 0 0

#Transform 70
Transform: AffineTransform_float_3_3
Parameters: 1 0.000359243 -0.000370095 -0.000358554 0.999999 0.00145913 0.000370222 -0.00145887 0.999999 0.0117621 -0.054128 0.105235
FixedParameters: 0 0 0

#Transform 71
Transform: AffineTransform_float_3_3
Parameters: 1 0.000359435 -0.000369909 -0.000358362 0.999998 0.00197713 0.000370407 -0.00197687 0.999998 0.0258541 -0.126139 0.165125
FixedParameters: 0 0 0

#Transform 72
Transform: AffineTransform_float_3_3
Parameters: 1 0.000359477 -0.000369867 -0.000358319 0.999997 0.00209213 0.000370448 -0.00209187 0.999997 0.0179243 -0.115508 0.129092
FixedParameters: 0 0 0

#Transform 73
Transform: AffineTransform_float_3_3
Parameters: 1 0.000359719 -0.000369632 -0.00035847 0.999996 0.00274613 0.000369763 -0.00274587 0.999996 0.0258758 -0.112836 0.119452
FixedParameters: 0 0 0

#Transform 74
Transform: AffineTransform_float_3_3
Parameters: 1 0.000359521 -0.000369826 -0.000358276 0.999997 0.00220793 0.000370491 -0.00220907 0.999997 0.0216966 -0.0978935 0.0993651
FixedParameters: 0 0 0

#Transform 75
Transform: AffineTransform_float_3_3
Parameters: 1 0.000359217 -0.00037012 -0.00035858 0.999999 0.00138913 0.000370197 -0.00138887 0.999999 0.0259065 -0.0571876 0.0878048
FixedParameters: 0 0 0

#Transform 76
Transform: AffineTransform_float_3_3
Parameters: 1 0.000359504 -0.000369842 -0.000358293 0.999997 0.00216313 0.000370474 -0.00216287 0.999997 0.0221455 -0.155475 0.149099
FixedParameters: 0 0 0

#Transform 77
Transform: AffineTransform_float_3_3
Parameters: 1 0.000425587 -0.000213217 -0.000425057 0.999997 0.00215409 0.000214128 -0.00215391 0.999997 0.0228474 -0.137929 0.120449
FixedParameters: 0 0 0

#Transform 78
Transform: AffineTransform_float_3_3
Parameters: 1 0.000359385 -0.000369958 -0.000358412 0.999998 0.00184113 0.000370359 -0.00184087 0.999998 0.0258811 -0.114672 0.103343
FixedParameters: 0 0 0

#Transform 79
Transform: AffineTransform_float_3_3
Parameters: 1 0.000359136 -0.0003702 -0.000358661 0.999999 0.00116829 0.000370118 -0.00116872 1 0.0259152 -0.067477 0.0785413
FixedParameters: 0 0 0

#Transform 80
Transform: AffineTransform_float_3_3
Parameters: 1 0.000328979 -0.000133503 -0.000328878 0.999999 0.00183805 0.000133791 -0.00183796 0.999999 0.0166034 -0.130243 0.145802
FixedParameters: 0 0 0

#Transform 81
Transform: AffineTransform_float_3_3
Parameters: 1 0.000399651 -0.000274787 -0.000399029 0.999996 0.00255326 0.000274986 -0.00255374 0.999997 0.01955 -0.126536 0.135319
FixedParameters: 0 0 0

#Transform 82
Transform: AffineTransform_float_3_3
Parameters: 1 0.000392858 -0.000290711 -0.000392145 0.999998 0.00189611 0.000291279 -0.00189589 0.999998 0.0191922 -0.0938215 0.118343
FixedParameters: 0 0 0

#Transform 83
Transform: AffineTransform_float_3_3
Parameters: 1 0.000343133 -0.000407982 -0.000342233 1 0.00110214 0.000408737 -0.00110186 1 0.0267111 -0.0421432 0.0983705
FixedParameters: 0 0 0

#Transform 84
Transform: AffineTransform_float_3_3
Parameters: 1 0.000400684 -0.000272217 -0.000399947 0.999998 0.00206811 0.000272952 -0.00206789 0.999998 0.0194727 -0.121216 0.174193
FixedParameters: 0 0 0

#Transform 85
Transform: AffineTransform_float_3_3
Parameters: 1 0.000280064 -0.000380742 -0.00027919 0.999997 0.00235111 0.000382447 -0.00235089 0.999997 0.0219579 -0.112264 0.145484
FixedParameters: 0 0 0

#Transform 86
Transform: AffineTransform_float_3_3
Parameters: 1 0.000343532 -0.000407645 -0.000342224 0.999998 0.00208214 0.000408152 -0.00208186 0.999997 0.0204833 -0.0636571 0.0968629
FixedParameters: 0 0 0

#Transform 87
Transform: AffineTransform_float_3_3
Parameters: 1 0.000316216 -0.000166263 -0.000316131 0.999999 0.00143105 0.000166247 -0.00143095 0.999999 0.0165218 -0.0330049 0.106662
FixedParameters: 0 0 0

#Transform 88
Transform: AffineTransform_float_3_3
Parameters: 1 0.000419768 -0.000227016 -0.000419156 0.999998 0.00220274 0.000227944 -0.00220326 0.999997 0.0231101 -0.14295 0.154141
FixedParameters: 0 0 0

#Transform 89
Transform: AffineTransform_float_3_3
Parameters: 1 0.000440364 -0.000178197 -0.000439977 0.999998 0.00217372 0.00017919 -0.00217428 0.999997 0.0160609 -0.128179 0.130716
FixedParameters: 0 0 0

#Transform 90
Transform: AffineTransform_float_3_3
Parameters: 1 0.000464438 -0.000121175 -0.000464353 0.999998 0.00195406 0.000122069 -0.00195394 0.999998 0.0136025 -0.102937 0.114079
FixedParameters: 0 0 0

#Transform 91
Transform: AffineTransform_float_3_3
Parameters: 1 0.00063152 4.03312e-05 -0.000631115 0.999998 0.00155497 -3.9679e-05 -0.00155502 0.999999 0.0183518 -0.0749591 0.068839
FixedParameters: 0 0 0

#Transform 92
Transform: AffineTransform_float_3_3
Parameters: 1 0.000511499 -9.68392e-06 -0.000510929 0.999998 0.00198901 1.04063e-05 -0.00198899 0.999998 0.0189663 -0.113877 0.149134
FixedParameters: 0 0 0

#Transform 93
Transform: AffineTransform_float_3_3
Parameters: 1 0.000511511 -9.03277e-06 -0.000510915 0.999994 0.003262 1.10567e-05 -0.00326199 0.999994 0.0189292 -0.200947 0.201985
FixedParameters: 0 0 0

#Transform 94
Transform: AffineTransform_float_3_3
Parameters: 1 0.000685693 -8.25838e-05 -0.000685995 0.999995 0.00286706 8.46755e-05 -0.00286694 0.999996 0.0100305 -0.162015 0.17529
FixedParameters: 0 0 0

#Transform 95
Transform: AffineTransform_float_3_3
Parameters: 0.999999 0.000785219 -0.000124558 -0.000784379 0.999996 0.0027901 0.000126705 -0.0027899 0.999996 0.016342 -0.104247 0.151622
FixedParameters: 0 0 0

#Transform 96
Transform: AffineTransform_float_3_3
Parameters: 1 0.000459897 1.24927e-05 -0.000460354 0.999996 0.00285499 -1.07859e-05 -0.002855 0.999996 0.0183971 -0.120835 0.146095
FixedParameters: 0 0 0

#Transform 97
Transform: AffineTransform_float_3_3
Parameters: 1 0.000447101 -0.000162178 -0.000446524 0.999996 0.00296871 0.000163911 -0.00296929 0.999995 0.0219427 -0.102718 0.155838
FixedParameters: 0 0 0

#Transform 98
Transform: AffineTransform_float_3_3
Parameters: 1 0.000461954 -0.000126756 -0.000460838 0.999992 0.00383306 0.000128061 -0.00383294 0.999992 0.0212032 -0.176235 0.213747
FixedParameters: 0 0 0

#Transform 99
Transform: AffineTransform_float_3_3
Parameters: 1 0.000540165 5.95269e-05 -0.000540483 0.999993 0.00390682 -5.7537e-05 -0.00390619 0.999992 0.0246132 -0.125891 0.190572
FixedParameters: 0 0 0

#Transform 100
Transform: AffineTransform_float_3_3
Parameters: 1 0.000530472 3.66769e-05 -0.000530637 0.99999 0.00428498 -3.43617e-05 -0.00428502 0.999991 0.0286996 -0.123413 0.161604
FixedParameters: 0 0 0

#Transform 101
Transform: AffineTransform_float_3_3
Parameters: 1 0.000299477 0.000153139 -0.000300328 0.999989 0.00452795 -0.000151734 -0.00452804 0.999989 0.025379 -0.113583 0.165931
FixedParameters: 0 0 0

#Transform 102
Transform: AffineTransform_float_3_3
Parameters: 1 0.000290166 0.000289449 -0.00029136 0.999986 0.00526392 -0.000287169 -0.00526408 0.999986 0.0340118 -0.165378 0.256077
FixedParameters: 0 0 0

#Transform 103
Transform: AffineTransform_float_3_3
Parameters: 1 0.000329936 0.000166443 -0.000330048 0.999989 0.00471194 -0.000165035 -0.00471205 0.999989 0.0355327 -0.136466 0.206568
FixedParameters: 0 0 0

#Transform 104
Transform: AffineTransform_float_3_3
Parameters: 1 0.000511403 -4.77753e-05 -0.000511817 0.999993 0.00376502 4.97867e-05 -0.00376497 0.999993 0.0310386 -0.0810529 0.139855
FixedParameters: 0 0 0

#Transform 105
Transform: AffineTransform_float_3_3
Parameters: 1 0.000415859 -4.0478e-05 -0.000415995 0.999995 0.00308102 4.21204e-05 -0.00308098 0.999996 0.0258608 -0.0643076 0.093753
FixedParameters: 0 0 0

#Transform 106
Transform: AffineTransform_float_3_3
Parameters: 1 0.000406983 -4.86809e-05 -0.00040707 0.999995 0.00307202 5.02612e-05 -0.00307198 0.999996 0.0266988 -0.106717 0.142808
FixedParameters: 0 0 0

#Transform 107
Transform: AffineTransform_float_3_3
Parameters: 1 0.000531284 0.000242063 -0.000531552 0.999993 0.00356523 -0.000239976 -0.00356477 0.999994 0.021337 -0.141352 0.143803
FixedParameters: 0 0 0

#Transform 108
Transform: AffineTransform_float_3_3
Parameters: 1 0.000680578 -0.000166666 -0.000680535 0.999993 0.00362312 0.000168835 -0.00362289 0.999994 0.0341281 -0.133214 0.140325
FixedParameters: 0 0 0

#Transform 109
Transform: AffineTransform_float_3_3
Parameters: 1 0.00048454 -4.23164e-05 -0.000483755 0.999996 0.00296566 4.38771e-05 -0.00296634 0.999995 0.0307449 -0.0846942 0.127982
FixedParameters: 0 0 0

#Transform 110
Transform: AffineTransform_float_3_3
Parameters: 1 0.000294108 -1.51421e-05 -0.000294388 0.999993 0.003536 1.63025e-05 -0.00353599 0.999993 0.0262107 -0.0879662 0.173031
FixedParameters: 0 0 0

#Transform 111
Transform: AffineTransform_float_3_3
Parameters: 1 0.000383144 0.000176484 -0.000384047 0.999991 0.00408193 -0.000174664 -0.00408206 0.999991 0.0215565 -0.140752 0.188093
FixedParameters: 0 0 0

#Transform 112
Transform: AffineTransform_float_3_3
Parameters: 1 0.000273481 -4.8684e-05 -0.000273492 0.999993 0.00385302 4.9871e-05 -0.00385299 0.999993 0.0300791 -0.0898759 0.173338
FixedParameters: 0 0 0

#Transform 113
Transform: AffineTransform_float_3_3
Parameters: 1 0.000194884 3.52195e-05 -0.00019512 0.999994 0.00341799 -3.38865e-05 -0.00341801 0.999994 0.0175785 -0.060338 0.12948
FixedParameters: 0 0 0

#Transform 114
Transform: AffineTransform_float_3_3
Parameters: 1 0.000236553 0.000183773 -0.000237509 0.999992 0.00404795 -0.000183166 -0.00404804 0.999992 0.0227706 -0.105341 0.194487
FixedParameters: 0 0 0

#Transform 115
Transform: AffineTransform_float_3_3
Parameters: 1 0.000190657 -1.59672e-05 -0.000190904 0.999991 0.00438601 1.67202e-05 -0.004386 0.999991 0.029105 -0.148187 0.209074
FixedParameters: 0 0 0

#Transform 116
Transform: AffineTransform_float_3_3
Parameters: 1 0.000222097 -2.37704e-05 -0.000222284 0.999991 0.00420501 2.47185e-05 -0.004205 0.999991 0.0293459 -0.111904 0.171518
FixedParameters: 0 0 0

#Transform 117
Transform: AffineTransform_float_3_3
Parameters: 1 8.86008e-05 -5.24395e-05 -8.86346e-05 0.999994 0.00341301 5.21239e-05 -0.003413 0.999994 0.0269239 -0.0558398 0.123741
FixedParameters: 0 0 0

#Transform 118
Transform: AffineTransform_float_3_3
Parameters: 1 1.07298e-05 -4.67961e-05 -1.03413e-05 0.999992 0.004147 4.68835e-05 -0.004147 0.999992 0.0289826 -0.0841021 0.178005
FixedParameters: 0 0 0

#Transform 119
Transform: AffineTransform_float_3_3
Parameters: 1 0.000161839 0.000313841 -0.000162943 0.999989 0.00469795 -0.000313097 -0.00469805 0.999989 0.0400437 -0.15745 0.201334
FixedParameters: 0 0 0

#Transform 120
Transform: AffineTransform_float_3_3
Parameters: 1 1.88488e-05 -2.74358e-05 -1.86329e-05 0.999993 0.003924 2.75829e-05 -0.003924 0.999993 0.0401999 -0.100436 0.167235
FixedParameters: 0 0 0

#Transform 121
Transform: AffineTransform_float_3_3
Parameters: 1 0.000166796 0.000324745 -0.000167364 0.999993 0.00371295 -0.000324286 -0.00371305 0.999993 0.0398465 -0.10521 0.169804
FixedParameters: 0 0 0

#Transform 122
Transform: AffineTransform_float_3_3
Parameters: 1 2.42757e-05 -1.45151e-05 -2.41462e-05 0.99999 0.004429 1.47296e-05 -0.004429 0.99999 0.0464135 -0.16242 0.227828
FixedParameters: 0 0 0

#Transform 123
Transform: AffineTransform_float_3_3
Parameters: 1 0.000132131 0.000242797 -0.000132479 0.99999 0.00451097 -0.000242385 -0.00451103 0.99999 0.0381469 -0.101121 0.190479
FixedParameters: 0 0 0

#Transform 124
Transform: AffineTransform_float_3_3
Parameters: 1 0.000315114 0.000236441 -0.00031602 0.999993 0.00387993 -0.000234383 -0.00388008 0.999993 0.0364229 -0.0548991 0.161287
FixedParameters: 0 0 0

#Transform 125
Transform: AffineTransform_float_3_3
Parameters: 1 0.000144193 -5.17827e-05 -0.000143731 0.999991 0.00440801 5.30519e-05 -0.00440799 0.999991 0.0477131 -0.116457 0.22463
FixedParameters: 0 0 0

#Transform 126
Transform: AffineTransform_float_3_3
Parameters: 1 8.49161e-05 0.000130316 -8.52752e-05 0.999988 0.00491799 -0.00012987 -0.00491801 0.999988 0.0436022 -0.119602 0.218916
FixedParameters: 0 0 0

#Transform 127
Transform: AffineTransform_float_3_3
Parameters: 1 -0.000130557 -0.000383347 0.000132684 0.999992 0.00397795 0.00038269 -0.00397805 0.999992 0.0536073 -0.0659976 0.179577
FixedParameters: 0 0 0

#Transform 128
Transform: AffineTransform_float_3_3
Parameters: 1 0.000126081 -0.000102741 -0.000125562 0.99999 0.00442001 0.000102933 -0.00441999 0.99999 0.0487787 -0.088167 0.206427
FixedParameters: 0 0 0

#Transform 129
Transform: AffineTransform_float_3_3
Parameters: 1 0.00013851 0.000258579 -0.000139384 0.999986 0.00525697 -0.000257899 -0.00525704 0.999986 0.0469415 -0.138265 0.214223
FixedParameters: 0 0 0

#Transform 130
Transform: AffineTransform_float_3_3
Parameters: 1 7.99328e-05 0.000118299 -8.00998e-05 0.99999 0.00460299 -0.000117954 -0.00460301 0.99999 0.0495106 -0.112309 0.192191
FixedParameters: 0 0 0

#Transform 131
Transform: AffineTransform_float_3_3
Parameters: 1 0.000212781 6.25174e-05 -0.00021275 0.999992 0.00400399 -6.21248e-05 -0.00400401 0.999992 0.0509643 -0.0600767 0.184073
FixedParameters: 0 0 0

#Transform 132
Transform: AffineTransform_float_3_3
Parameters: 1 0.000204262 0.000415337 -0.000205561 0.999988 0.00489291 -0.000414504 -0.00489309 0.999988 0.0418427 -0.144475 0.245199
FixedParameters: 0 0 0

#Transform 133
Transform: AffineTransform_float_3_3
Parameters: 1 6.63264e-05 8.60802e-05 -6.67508e-05 0.999984 0.00552399 -8.66564e-05 -0.005524 0.999984 0.0419101 -0.154111 0.227045
FixedParameters: 0 0 0

#Transform 134
Transform: AffineTransform_float_3_3
Parameters: 1 0.000528692 0.000328412 -0.000530135 0.999986 0.00523083 -0.000325887 -0.00523118 0.999987 0.0418289 -0.108431 0.206657
FixedParameters: 0 0 0

#Transform 135
Transform: AffineTransform_float_3_3
Parameters: 1 0.000235189 1.52339e-05 -0.000235708 0.99999 0.00435799 -1.41022e-05 -0.004358 0.99999 0.0431384 -0.0707183 0.19029
FixedParameters: 0 0 0

#Transform 136
Transform: AffineTransform_float_3_3
Parameters: 1 0.000200132 3.00226e-05 -0.000199889 0.999989 0.004825 -2.94037e-05 -0.00482501 0.999989 0.0424604 -0.0939946 0.217413
FixedParameters: 0 0 0

#Transform 137
Transform: AffineTransform_float_3_3
Parameters: 1 6.71184e-05 8.79097e-05 -6.7126e-05 0.999986 0.00528799 -8.75906e-05 -0.00528801 0.999986 0.0435452 -0.127916 0.197451
FixedParameters: 0 0 0

#Transform 138
Transform: AffineTransform_float_3_3
Parameters: 1 6.28967e-05 7.77432e-05 -6.31471e-05 0.999987 0.00499599 -7.84247e-05 -0.004996 0.999987 0.0481655 -0.130182 0.201747
FixedParameters: 0 0 0

#Transform 139
Transform: AffineTransform_float_3_3
Parameters: 1 0.000278651 8.83364e-05 -0.000279059 0.999985 0.00535697 -8.66599e-05 -0.00535702 0.999985 0.039534 -0.0932457 0.202753
FixedParameters: 0 0 0

#Transform 140
Transform: AffineTransform_float_3_3
Parameters: 1 0.000203075 3.96188e-05 -0.000202919 0.999988 0.00475699 -3.89987e-05 -0.004757 0.999988 0.0421588 -0.0785387 0.229874
FixedParameters: 0 0 0

#Transform 141
Transform: AffineTransform_float_3_3
Parameters: 1 0.000262802 0.000376756 -0.000265204 0.999987 0.0051199 -0.000375755 -0.0051201 0.999987 0.0425089 -0.168903 0.239374
FixedParameters: 0 0 0

#Transform 142
Transform: AffineTransform_float_3_3
Parameters: 1 0.000308747 0.000385741 -0.000311375 0.999986 0.00529688 -0.000384158 -0.00529712 0.999986 0.0375931 -0.122015 0.217376
FixedParameters: 0 0 0

#Transform 143
Transform: AffineTransform_float_3_3
Parameters: 1 0.000155932 0.000300064 -0.000157128 0.999987 0.00506595 -0.000299259 -0.00506605 0.999987 0.041625 -0.106744 0.207487
FixedParameters: 0 0 0

#Transform 144
Transform: AffineTransform_float_3_3
Parameters: 1 -3.55765e-05 -0.000157478 3.71268e-05 0.999988 0.00492799 0.00015712 -0.004928 0.999988 0.0470627 -0.0828501 0.219249
FixedParameters: 0 0 0

#Transform 145
Transform: AffineTransform_float_3_3
Parameters: 1 8.75319e-05 0.000136829 -8.81291e-05 0.999984 0.00555798 -0.000136243 -0.00555801 0.999984 0.0452829 -0.158812 0.254626
FixedParameters: 0 0 0

#Transform 146
Transform: AffineTransform_float_3_3
Parameters: 1 0.000242896 6.00279e-05 -0.000243972 0.999983 0.00579899 -5.8125e-05 -0.00579902 0.999983 0.0452592 -0.103293 0.232224
FixedParameters: 0 0 0

#Transform 147
Transform: AffineTransform_float_3_3
Parameters: 1 0.000131554 -0.000227279 -0.000130275 0.999984 0.00568703 0.000228238 -0.00568697 0.999984 0.0535123 -0.0823916 0.229418
FixedParameters: 0 0 0

#Transform 148
Transform: AffineTransform_float_3_3
Parameters: 1 -3.55774e-05 -0.000157478 3.71259e-05 0.999988 0.00492199 0.00015712 -0.004922 0.999988 0.0558242 -0.063497 0.217783
FixedParameters: 0 0 0

#Transform 149
Transform: AffineTransform_float_3_3
Parameters: 1 0.000159721 0.000309326 -0.000161154 0.999986 0.00529995 -0.000308406 -0.00530005 0.999986 0.0437394 -0.120672 0.236668
FixedParameters: 0 0 0

#Transform 150
Transform: AffineTransform_float_3_3
Parameters: 1 0.000146524 0.000278 -0.000148177 0.999985 0.00558096 -0.000278057 -0.00558105 0.999985 0.0515832 -0.110399 0.235902
FixedParameters: 0 0 0

#Transform 151
Transform: AffineTransform_float_3_3
Parameters: 1 1.27104e-05 -4.21716e-05 -1.22679e-05 0.999987 0.005238 4.23025e-05 -0.005238 0.999987 0.0509151 -0.088258 0.216482
FixedParameters: 0 0 0

#Transform 152
Transform: AffineTransform_float_3_3
Parameters: 1 -3.56448e-05 -0.000157463 3.70586e-05 0.99999 0.00449399 0.000157136 -0.004494 0.99999 0.0516662 -0.0538314 0.202809
FixedParameters: 0 0 0

#Transform 153
Transform: AffineTransform_float_3_3
Parameters: 1 4.00952e-05 -0.000189138 -3.94763e-05 0.999987 0.00510401 0.000189015 -0.00510399 0.999987 0.0580147 -0.132834 0.254245
FixedParameters: 0 0 0

#Transform 154
Transform: AffineTransform_float_3_3
Parameters: 1 0.000136937 0.000254904 -0.000137831 0.999985 0.00537196 -0.00025421 -0.00537203 0.999985 0.0514911 -0.11983 0.229458
FixedParameters: 0 0 0

#Transform 155
Transform: AffineTransform_float_3_3
Parameters: 1 3.09463e-05 -0.000185266 -3.02155e-05 0.999985 0.005514 0.000185073 -0.00551399 0.999985 0.0547899 -0.0966159 0.203809
FixedParameters: 0 0 0

#Transform 156
Transform: AffineTransform_float_3_3
Parameters: 1 0.000220297 -7.71636e-05 -0.000219989 0.99999 0.00449602 7.82226e-05 -0.00449598 0.99999 0.0487692 -0.0319649 0.189193
FixedParameters: 0 0 0

#Transform 157
Transform: AffineTransform_float_3_3
Parameters: 1 0.000287412 0.000210417 -0.00028823 0.999986 0.00540894 -0.000209006 -0.00540906 0.999986 0.0469359 -0.114225 0.242788
FixedParameters: 0 0 0

#Transform 158
Transform: AffineTransform_float_3_3
Parameters: 1 0.000358625 -5.99403e-05 -0.000357816 0.999984 0.00551402 6.1659e-05 -0.00551398 0.999985 0.0517626 -0.121605 0.225131
FixedParameters: 0 0 0

#Transform 159
Transform: AffineTransform_float_3_3
Parameters: 1 0.000188693 1.29737e-07 -0.000187767 0.999988 0.004876 1.31517e-06 -0.004876 0.999988 0.0478563 -0.0665724 0.182167
FixedParameters: 0 0 0

#Transform 160
Transform: AffineTransform_float_3_3
Parameters: 1 0.000131208 0.000241034 -0.000132234 0.999987 0.00513197 -0.000241384 -0.00513203 0.999987 0.0406141 -0.117166 0.25365
FixedParameters: 0 0 0

#Transform 161
Transform: AffineTransform_float_3_3
Parameters: 1 3.12327e-05 2.12519e-06 -3.03367e-05 0.999983 0.005717 -2.16393e-06 -0.005717 0.999983 0.0626354 -0.146247 0.273395
FixedParameters: 0 0 0

#Transform 162
Transform: AffineTransform_float_3_3
Parameters: 1 -3.54599e-05 -0.000157504 3.72431e-05 0.999984 0.00566799 0.000157092 -0.005668 0.999984 0.0602285 -0.0871927 0.240847
FixedParameters: 0 0 0

#Transform 163
Transform: AffineTransform_float_3_3
Parameters: 1 0.00012539 0.000227212 -0.000125935 0.999986 0.00525797 -0.000226672 -0.00525803 0.999986 0.0553768 -0.033392 0.243263
FixedParameters: 0 0 0

#Transform 164
Transform: AffineTransform_float_3_3
Parameters: 1 -3.53939e-05 -0.000157519 3.63908e-05 0.999982 0.006087 0.000157473 -0.00608701 0.999982 0.0627469 -0.118972 0.296502
FixedParameters: 0 0 0

#Transform 165
Transform: AffineTransform_float_3_3
Parameters: 1 0.000222965 0.000212572 -0.000225162 0.99998 0.00643796 -0.000210998 -0.00643805 0.99998 0.0602641 -0.0931343 0.27322
FixedParameters: 0 0 0

#Transform 166
Transform: AffineTransform_float_3_3
Parameters: 1 4.6646e-05 3.90404e-05 -4.61814e-05 0.999983 0.005851 -3.8888e-05 -0.005851 0.999983 0.0612178 -0.0511662 0.238282
FixedParameters: 0 0 0

#Transform 167
Transform: AffineTransform_float_3_3
Parameters: 1 -3.55072e-05 -0.000157494 3.71959e-05 0.999985 0.00536799 0.000157103 -0.005368 0.999985 0.063919 -0.0754034 0.278984
FixedParameters: 0 0 0

#Transform 168
Transform: AffineTransform_float_3_3
Parameters: 1 7.73991e-05 0.000112913 -7.83405e-05 0.999979 0.00650599 -0.000113211 -0.00650601 0.999979 0.0597438 -0.138574 0.30783
FixedParameters: 0 0 0

#Transform 169
Transform: AffineTransform_float_3_3
Parameters: 1 0.000173646 0.000343638 -0.000175223 0.99998 0.00632194 -0.000342605 -0.00632206 0.99998 0.0546977 -0.0853548 0.263496
FixedParameters: 0 0 0

#Transform 170
Transform: AffineTransform_float_3_3
Parameters: 1 3.47035e-05 1.04243e-05 -3.3899e-05 0.999984 0.00556099 -1.04335e-05 -0.005561 0.999984 0.0630694 -0.038833 0.246665
FixedParameters: 0 0 0

#Transform 171
Transform: AffineTransform_float_3_3
Parameters: 1 -3.54012e-05 -0.000157517 3.63835e-05 0.999982 0.00604099 0.000157475 -0.006041 0.999981 0.0656943 -0.0812763 0.285134
FixedParameters: 0 0 0

#Transform 172
Transform: AffineTransform_float_3_3
Parameters: 1 1.23812e-05 -4.30779e-05 -1.18154e-05 0.999978 0.00655499 4.32365e-05 -0.00655499 0.999978 0.066741 -0.0986016 0.27417
FixedParameters: 0 0 0

#Transform 173
Transform: AffineTransform_float_3_3
Parameters: 1 2.35323e-05 -1.63167e-05 -2.33263e-05 0.999981 0.00625401 1.66097e-05 -0.00625401 0.999981 0.0617827 -0.0572399 0.248513
FixedParameters: 0 0 0

#Transform 174
Transform: AffineTransform_float_3_3
Parameters: 1 -3.54426e-05 -0.000157508 3.72604e-05 0.999984 0.005778 0.000157088 -0.00577801 0.999984 0.0718741 -0.0434072 0.258712
FixedParameters: 0 0 0

#Transform 175
Transform: AffineTransform_float_3_3
Parameters: 1 0.000145051 0.000275398 -0.000146387 0.999978 0.00672696 -0.00027553 -0.00672705 0.999978 0.0636724 -0.105173 0.30472
FixedParameters: 0 0 0

#Transform 176
Transform: AffineTransform_float_3_3
Parameters: 1 0.000283154 0.000341321 -0.000284752 0.99998 0.00640991 -0.000338853 -0.0064101 0.99998 0.0608035 -0.106075 0.280024
FixedParameters: 0 0 0

#Transform 177
Transform: AffineTransform_float_3_3
Parameters: 1 4.20241e-05 2.79638e-05 -4.14259e-05 0.999984 0.005773 -2.78728e-05 -0.00577301 0.999984 0.0678406 -0.0352647 0.248113
FixedParameters: 0 0 0

#Transform 178
Transform: AffineTransform_float_3_3
Parameters: 1 4.50941e-05 3.53627e-05 -4.46075e-05 0.999981 0.006149 -3.52019e-05 -0.006149 0.999981 0.0616725 -0.05687 0.294807
FixedParameters: 0 0 0

#Transform 179
Transform: AffineTransform_float_3_3
Parameters: 1 0.000261031 0.000303974 -0.000263144 0.999978 0.00653328 -0.000301331 -0.00653272 0.999979 0.0587365 -0.0983561 0.29792
FixedParameters: 0 0 0

#Transform 180
Transform: AffineTransform_float_3_3
Parameters: 1 0.000236578 0.000112609 -0.000236535 0.99998 0.00628198 -0.000111339 -0.00628203 0.999981 0.0571786 -0.0803442 0.272407
FixedParameters: 0 0 0

#Transform 181
Transform: AffineTransform_float_3_3
Parameters: 1 9.71785e-05 0.000159892 -9.80188e-05 0.999985 0.00551798 -0.000159205 -0.00551801 0.999985 0.0598895 -0.0345744 0.262714
FixedParameters: 0 0 0

#Transform 182
Transform: AffineTransform_float_3_3
Parameters: 1 4.24033e-05 2.88957e-05 -4.18282e-05 0.999982 0.005988 -2.8782e-05 -0.005988 0.999982 0.0589136 -0.0860504 0.306309
FixedParameters: 0 0 0

#Transform 183
Transform: AffineTransform_float_3_3
Parameters: 1 0.000164052 0.000320549 -0.00016528 0.99998 0.00623094 -0.000319669 -0.00623105 0.99998 0.0555286 -0.102258 0.290968
FixedParameters: 0 0 0

#Transform 184
Transform: AffineTransform_float_3_3
Parameters: 1 0.000172199 0.000339899 -0.000173544 0.999981 0.00604994 -0.00033898 -0.00605005 0.999981 0.0488236 -0.0624262 0.281168
FixedParameters: 0 0 0

#Transform 185
Transform: AffineTransform_float_3_3
Parameters: 1 7.79665e-05 -0.000204947 -7.70853e-05 0.999985 0.00534501 0.000205246 -0.00534498 0.999985 0.058903 -0.011511 0.258611
FixedParameters: 0 0 0

#Transform 186
Transform: AffineTransform_float_3_3
Parameters: 1 3.46989e-05 1.04397e-05 -3.39036e-05 0.999982 0.006004 -1.04185e-05 -0.006004 0.999982 0.044116 -0.0654707 0.293362
FixedParameters: 0 0 0

#Transform 187
Transform: AffineTransform_float_3_3
Parameters: 1 -3.53681e-05 -0.000157525 3.64166e-05 0.999981 0.006251 0.000157467 -0.00625101 0.999981 0.0512773 -0.0988527 0.28943
FixedParameters: 0 0 0

#Transform 188
Transform: AffineTransform_float_3_3
Parameters: 1 0.000318698 0.000228962 -0.000320106 0.999981 0.00627293 -0.000226656 -0.00627308 0.999981 0.050599 -0.0700587 0.290732
FixedParameters: 0 0 0

#Transform 189
Transform: AffineTransform_float_3_3
Parameters: 1 -3.66488e-05 4.45743e-05 3.74563e-05 0.999984 0.005657 -4.44637e-05 -0.005657 0.999984 0.0520348 -0.0157831 0.247881
FixedParameters: 0 0 0

#Transform 190
Transform: AffineTransform_float_3_3
Parameters: 1 0.000134794 0.000250407 -0.000136066 0.99998 0.00622696 -0.000249501 -0.00622703 0.99998 0.0569145 -0.0694215 0.273192
FixedParameters: 0 0 0

#Transform 191
Transform: AffineTransform_float_3_3
Parameters: 1 0.000145864 0.000277221 -0.000147658 0.999979 0.00656996 -0.000276074 -0.00657005 0.999979 0.05643 -0.102727 0.283642
FixedParameters: 0 0 0

#Transform 192
Transform: AffineTransform_float_3_3
Parameters: 1 0.000239347 0.000176485 -0.000240151 0.99998 0.00641096 -0.000175113 -0.00641105 0.99998 0.0588647 -0.0832091 0.284134
FixedParameters: 0 0 0

#Transform 193
