# transform file /out/sourcedata/freesurfer/sub-v2s5x29577_ses-1/mri/transforms/cc_up.lta
# created by oesteban on Fri Mar 13 10:26:49 2026

type      = 0 # LINEAR_VOX_TO_VOX
nxforms   = 1
mean      = 162.0000 118.0000 141.0000
sigma     = 10000.0000
1 4 4
9.985036849975586e-01 -3.067616745829582e-02 -4.527192562818527e-02 -2.477292633056641e+01 
3.064468502998352e-02 9.995294809341431e-01 -1.389422919601202e-03 2.229443931579590e+01 
4.529324173927307e-02 0.000000000000000e+00 9.989738464355469e-01 1.286392211914062e+01 
0.000000000000000e+00 0.000000000000000e+00 0.000000000000000e+00 1.000000000000000e+00 
src volume info
valid = 1  # volume info valid
filename = /out/sourcedata/freesurfer/sub-v2s5x29577_ses-1/mri/norm.mgz
volume = 320 320 320
voxelsize = 6.999999880790710e-01 6.999999880790710e-01 6.999999880790710e-01
xras   = -1.000000000000000e+00 0.000000000000000e+00 0.000000000000000e+00
yras   = 0.000000000000000e+00 0.000000000000000e+00 -1.000000000000000e+00
zras   = 0.000000000000000e+00 1.000000000000000e+00 0.000000000000000e+00
cras   = 8.361892700195312e-01 2.185894775390625e+01 -3.710052490234375e+00
dst volume info
valid = 1  # volume info valid
filename = /out/sourcedata/freesurfer/sub-v2s5x29577_ses-1/mri/norm.mgz
volume = 320 320 320
voxelsize = 6.999999880790710e-01 6.999999880790710e-01 6.999999880790710e-01
xras   = -1.000000000000000e+00 0.000000000000000e+00 0.000000000000000e+00
yras   = 0.000000000000000e+00 0.000000000000000e+00 -1.000000000000000e+00
zras   = 0.000000000000000e+00 1.000000000000000e+00 0.000000000000000e+00
cras   = 8.361892700195312e-01 2.185894775390625e+01 -3.710052490234375e+00
