# transform file /out/sourcedata/freesurfer/sub-v2s5x29542_ses-1/mri/transforms/cc_up.lta
# created by oesteban on Fri Mar 13 09:28:40 2026

type      = 0 # LINEAR_VOX_TO_VOX
nxforms   = 1
mean      = 163.0000 119.0000 133.0000
sigma     = 10000.0000
1 4 4
9.951419830322266e-01 -9.243909269571304e-02 3.387160226702690e-02 -2.668812179565430e+01 
9.238559752702713e-02 9.957182407379150e-01 3.144524525851011e-03 1.412073707580566e+01 
-3.401725366711617e-02 -4.656612317965880e-10 9.994211792945862e-01 3.757917404174805e+01 
0.000000000000000e+00 0.000000000000000e+00 0.000000000000000e+00 1.000000000000000e+00 
src volume info
valid = 1  # volume info valid
filename = /out/sourcedata/freesurfer/sub-v2s5x29542_ses-1/mri/norm.mgz
volume = 320 320 320
voxelsize = 6.999999880790710e-01 6.999999880790710e-01 6.999999880790710e-01
xras   = -1.000000000000000e+00 0.000000000000000e+00 0.000000000000000e+00
yras   = 0.000000000000000e+00 0.000000000000000e+00 -1.000000000000000e+00
zras   = 0.000000000000000e+00 1.000000000000000e+00 0.000000000000000e+00
cras   = 4.468101501464844e+00 2.064799499511719e+01 -1.097399902343750e+01
dst volume info
valid = 1  # volume info valid
filename = /out/sourcedata/freesurfer/sub-v2s5x29542_ses-1/mri/norm.mgz
volume = 320 320 320
voxelsize = 6.999999880790710e-01 6.999999880790710e-01 6.999999880790710e-01
xras   = -1.000000000000000e+00 0.000000000000000e+00 0.000000000000000e+00
yras   = 0.000000000000000e+00 0.000000000000000e+00 -1.000000000000000e+00
zras   = 0.000000000000000e+00 1.000000000000000e+00 0.000000000000000e+00
cras   = 4.468101501464844e+00 2.064799499511719e+01 -1.097399902343750e+01
