# transform file /out/sourcedata/freesurfer/sub-v2s5x29554_ses-1/mri/transforms/cc_up.lta
# created by oesteban on Fri Mar 13 09:58:30 2026

type      = 0 # LINEAR_VOX_TO_VOX
nxforms   = 1
mean      = 161.0000 129.0000 141.0000
sigma     = 10000.0000
1 4 4
9.995645284652710e-01 -2.944117039442062e-02 -2.038959646597505e-03 -2.869722938537598e+01 
2.944110892713070e-02 9.995666146278381e-01 -6.005538671161048e-05 7.304886817932129e+00 
2.039843937382102e-03 0.000000000000000e+00 9.999979734420776e-01 8.670962333679199e+00 
0.000000000000000e+00 0.000000000000000e+00 0.000000000000000e+00 1.000000000000000e+00 
src volume info
valid = 1  # volume info valid
filename = /out/sourcedata/freesurfer/sub-v2s5x29554_ses-1/mri/norm.mgz
volume = 320 320 320
voxelsize = 6.999999880790710e-01 6.999999880790710e-01 6.999999880790710e-01
xras   = -1.000000000000000e+00 0.000000000000000e+00 0.000000000000000e+00
yras   = 0.000000000000000e+00 0.000000000000000e+00 -1.000000000000000e+00
zras   = 0.000000000000000e+00 1.000000000000000e+00 0.000000000000000e+00
cras   = 2.046798706054688e+00 2.367500305175781e+01 -1.097399902343750e+01
dst volume info
valid = 1  # volume info valid
filename = /out/sourcedata/freesurfer/sub-v2s5x29554_ses-1/mri/norm.mgz
volume = 320 320 320
voxelsize = 6.999999880790710e-01 6.999999880790710e-01 6.999999880790710e-01
xras   = -1.000000000000000e+00 0.000000000000000e+00 0.000000000000000e+00
yras   = 0.000000000000000e+00 0.000000000000000e+00 -1.000000000000000e+00
zras   = 0.000000000000000e+00 1.000000000000000e+00 0.000000000000000e+00
cras   = 2.046798706054688e+00 2.367500305175781e+01 -1.097399902343750e+01
