# transform file /out/sourcedata/freesurfer/sub-v2s5x29549_ses-1/mri/transforms/cc_up.lta
# created by oesteban on Fri Mar 13 09:34:14 2026

type      = 0 # LINEAR_VOX_TO_VOX
nxforms   = 1
mean      = 165.0000 120.0000 141.0000
sigma     = 10000.0000
1 4 4
9.988594055175781e-01 -4.571713507175446e-02 1.377801317721605e-02 -3.248952484130859e+01 
4.571278393268585e-02 9.989544153213501e-01 6.305505521595478e-04 3.356414031982422e+01 
-1.379243470728397e-02 0.000000000000000e+00 9.999048709869385e-01 1.425995635986328e+01 
0.000000000000000e+00 0.000000000000000e+00 0.000000000000000e+00 1.000000000000000e+00 
src volume info
valid = 1  # volume info valid
filename = /out/sourcedata/freesurfer/sub-v2s5x29549_ses-1/mri/norm.mgz
volume = 320 320 320
voxelsize = 6.999999880790710e-01 6.999999880790710e-01 6.999999880790710e-01
xras   = -1.000000000000000e+00 0.000000000000000e+00 0.000000000000000e+00
yras   = 0.000000000000000e+00 0.000000000000000e+00 -1.000000000000000e+00
zras   = 0.000000000000000e+00 1.000000000000000e+00 0.000000000000000e+00
cras   = 3.862800598144531e+00 1.883200073242188e+01 -7.341995239257812e+00
dst volume info
valid = 1  # volume info valid
filename = /out/sourcedata/freesurfer/sub-v2s5x29549_ses-1/mri/norm.mgz
volume = 320 320 320
voxelsize = 6.999999880790710e-01 6.999999880790710e-01 6.999999880790710e-01
xras   = -1.000000000000000e+00 0.000000000000000e+00 0.000000000000000e+00
yras   = 0.000000000000000e+00 0.000000000000000e+00 -1.000000000000000e+00
zras   = 0.000000000000000e+00 1.000000000000000e+00 0.000000000000000e+00
cras   = 3.862800598144531e+00 1.883200073242188e+01 -7.341995239257812e+00
