# transform file transforms/talairach.lta
# created by oesteban on Fri Mar 13 07:40:50 2026

type      = 0 # LINEAR_VOX_TO_VOX
nxforms   = 1
mean      = 165.0000 120.0000 142.0000
sigma     = 10000.0000
1 4 4
7.522745728492737e-01 -6.764961034059525e-02 3.291936591267586e-02 5.821628093719482e+00 
4.344184696674347e-02 7.419434189796448e-01 2.076715975999832e-01 1.178404092788696e+00 
-4.603225365281105e-02 -1.864450126886368e-01 6.714405417442322e-01 4.657930374145508e+01 
0.000000000000000e+00 0.000000000000000e+00 0.000000000000000e+00 1.000000000000000e+00 
src volume info
valid = 1  # volume info valid
filename = nu.mgz
volume = 320 320 320
voxelsize = 6.999999880790710e-01 6.999999880790710e-01 6.999999880790710e-01
xras   = -1.000000000000000e+00 0.000000000000000e+00 0.000000000000000e+00
yras   = 0.000000000000000e+00 0.000000000000000e+00 -1.000000000000000e+00
zras   = 0.000000000000000e+00 1.000000000000000e+00 0.000000000000000e+00
cras   = 3.862800598144531e+00 1.883200073242188e+01 -7.341995239257812e+00
dst volume info
valid = 1  # volume info valid
filename = /opt/freesurfer/average/RB_all_2020-01-02.gca
volume = 256 256 256
voxelsize = 1.000000000000000e+00 1.000000000000000e+00 1.000000000000000e+00
xras   = -1.000000000000000e+00 0.000000000000000e+00 0.000000000000000e+00
yras   = 0.000000000000000e+00 0.000000000000000e+00 -1.000000000000000e+00
zras   = 0.000000000000000e+00 1.000000000000000e+00 0.000000000000000e+00
cras   = 0.000000000000000e+00 0.000000000000000e+00 0.000000000000000e+00
