#Insight Transform File V1.0
#Transform 0
Transform: AffineTransform_float_3_3
Parameters: 1 0.000393709 -0.000137413 -0.000393421 1 0.00104506 0.000138236 -0.00104495 1 0.00430978 -0.153114 0.135225
FixedParameters: 0 0 0

#Transform 1
Transform: AffineTransform_float_3_3
Parameters: 1 0.000402514 -5.9859e-06 -0.000402501 1 0.001013 6.80137e-06 -0.001013 1 0.00177921 -0.143736 0.0881267
FixedParameters: 0 0 0

#Transform 2
Transform: AffineTransform_float_3_3
Parameters: 1 0.000370003 -0.000129466 -0.000369937 1 0.000258048 0.000129657 -0.000257952 1 0.00399973 -0.0665197 0.0256722
FixedParameters: 0 0 0

#Transform 3
Transform: AffineTransform_float_3_3
Parameters: 1 0.000305852 -0.000106913 -0.000305731 1 0.000566033 0.00010726 -0.000565967 1 -0.000102577 -0.0934724 0.0626279
FixedParameters: 0 0 0

#Transform 4
Transform: AffineTransform_float_3_3
Parameters: 1 0.000306838 -0.000107124 -0.000306633 1 0.000956721 0.000107711 -0.000957279 0.999999 0.00844805 -0.136251 0.0680162
FixedParameters: 0 0 0

#Transform 5
Transform: AffineTransform_float_3_3
Parameters: 1 0.000263358 -9.2106e-05 -0.000263283 1 0.000408024 9.23208e-05 -0.000407976 1 0.00806493 -0.0393446 -0.00435494
FixedParameters: 0 0 0

#Transform 6
Transform: AffineTransform_float_3_3
Parameters: 1 0.000337956 -0.000118108 -0.000337805 0.999999 0.00063804 0.00011854 -0.00063796 1 0.00366634 -0.0904393 0.0658007
FixedParameters: 0 0 0

#Transform 7
Transform: AffineTransform_float_3_3
Parameters: 1 0.000268039 -3.31667e-05 -0.000267966 1 0.00109101 3.37514e-05 -0.00109099 1 0.00957651 -0.112239 0.0539333
FixedParameters: 0 0 0

#Transform 8
Transform: AffineTransform_float_3_3
Parameters: 1 0.000224655 -7.85752e-05 -0.000224594 1 0.000388018 7.87495e-05 -0.000387982 1 0.00248853 -0.0364311 0.00155502
FixedParameters: 0 0 0

#Transform 9
Transform: AffineTransform_float_3_3
Parameters: 1 9.54883e-05 -0.00025149 -9.4895e-05 1 0.00117902 0.000251714 -0.00117898 1 0.00537189 -0.0812529 0.0819295
FixedParameters: 0 0 0

#Transform 10
Transform: AffineTransform_float_3_3
Parameters: 1 0.000320952 -0.000112203 -0.000320832 1 0.000534036 0.000112546 -0.000533964 1 0.00348218 -0.143838 0.0838402
FixedParameters: 0 0 0

#Transform 11
Transform: AffineTransform_float_3_3
Parameters: 1 0.00022749 -7.95556e-05 -0.000227422 1 0.000432018 7.97521e-05 -0.000431982 1 0.00251085 -0.0515565 0.0198471
FixedParameters: 0 0 0

#Transform 12
Transform: AffineTransform_float_3_3
Parameters: 1 0.000143742 -0.000352232 -0.000143541 1 0.00028416 0.000352314 -0.00028484 1 0.00746733 -0.036145 0.0168047
FixedParameters: 0 0 0

#Transform 13
Transform: AffineTransform_float_3_3
Parameters: 1 0.000369928 -0.000129682 -0.000370012 1 -0.000325952 0.000129441 0.000326048 1 0.00398723 -0.146224 0.102902
FixedParameters: 0 0 0

#Transform 14
Transform: AffineTransform_float_3_3
Parameters: 1 0.000546334 -0.000100721 -0.000546146 1 0.000929743 0.000101737 -0.000930256 0.999999 -0.00962613 -0.11359 0.0959698
FixedParameters: 0 0 0

#Transform 15
Transform: AffineTransform_float_3_3
Parameters: 1 0.000546984 0.000179324 -0.000547009 1 6.99019e-05 -0.000179247 -7.0098e-05 1 -0.0312681 -0.00886332 0.0118048
FixedParameters: 0 0 0

#Transform 16
Transform: AffineTransform_float_3_3
Parameters: 1 0.000457728 -0.000160343 -0.000457759 1 -9.59266e-05 0.000160255 9.60734e-05 1 -0.00899338 -0.016876 0.00176146
FixedParameters: 0 0 0

#Transform 17
Transform: AffineTransform_float_3_3
Parameters: 1 0.000313412 -0.00010953 -0.000313272 0.999999 0.000639034 0.000109931 -0.000638965 1 -0.00574542 -0.105983 0.086078
FixedParameters: 0 0 0

#Transform 18
Transform: AffineTransform_float_3_3
Parameters: 1 0.000532543 -0.000185724 -0.000532395 0.999999 0.0012881 0.000186152 -0.0012879 0.999999 -0.0121956 -0.134809 0.167646
FixedParameters: 0 0 0

#Transform 19
Transform: AffineTransform_float_3_3
Parameters: 1 0.000400239 -0.000227831 -0.000399979 1 0.000569091 0.000228286 -0.000568908 1 -0.00201631 -0.0687866 0.0917252
FixedParameters: 0 0 0

#Transform 20
Transform: AffineTransform_float_3_3
Parameters: 1 0.000299195 -0.000104743 -0.000299174 1 0.000100031 0.000104803 -9.99686e-05 1 0.00323914 -0.0132474 0.0145403
FixedParameters: 0 0 0

#Transform 21
Transform: AffineTransform_float_3_3
Parameters: 1 0.000369128 -0.00012894 -0.000368924 0.999999 0.000787047 0.000129521 -0.000786952 0.999999 0.00399089 -0.088864 0.112514
FixedParameters: 0 0 0

#Transform 22
Transform: AffineTransform_float_3_3
Parameters: 1 0.000260207 -0.000532374 -0.0002601 0.999999 0.00129714 0.000532436 -0.00129686 0.999999 0.0115871 -0.136765 0.160409
FixedParameters: 0 0 0

#Transform 23
Transform: AffineTransform_float_3_3
Parameters: 1 8.29073e-05 -0.000359554 -8.27095e-05 1 0.00027503 0.0003596 -0.00027497 1 0.00747035 -0.0508739 0.0435366
FixedParameters: 0 0 0

#Transform 24
Transform: AffineTransform_float_3_3
Parameters: 1 -6.98598e-06 -0.000355691 6.91769e-06 1 -9.60025e-05 0.000355692 9.59975e-05 1 0.00703135 -0.0277599 0.0334256
FixedParameters: 0 0 0

#Transform 25
Transform: AffineTransform_float_3_3
Parameters: 1 -5.11176e-06 -0.000357301 5.34646e-06 0.999999 0.000791998 0.000356349 -0.000792001 0.999999 0.017231 -0.124158 0.117196
FixedParameters: 0 0 0

#Transform 26
Transform: AffineTransform_float_3_3
Parameters: 1 0.000214589 -0.000192428 -0.00021447 1 0.00117004 0.000191986 -0.00116996 1 0.00464455 -0.13679 0.120302
FixedParameters: 0 0 0

#Transform 27
Transform: AffineTransform_float_3_3
Parameters: 1 0.000238364 -0.000524064 -0.000237914 0.999999 0.000428234 0.000524268 -0.000428766 1 0.0208645 -0.0411224 0.0367388
FixedParameters: 0 0 0

#Transform 28
Transform: AffineTransform_float_3_3
Parameters: 1 0.0002519 -0.00030956 -0.00025173 1 0.000274078 0.000309698 -0.000273922 1 0.0143274 -0.0354738 -0.0151582
FixedParameters: 0 0 0

#Transform 29
Transform: AffineTransform_float_3_3
Parameters: 1 -4.33853e-05 -0.000336514 4.39438e-05 0.999999 0.000829985 0.000336441 -0.000830014 0.999999 0.0194101 -0.0800636 0.0581687
FixedParameters: 0 0 0

#Transform 30
Transform: AffineTransform_float_3_3
Parameters: 1 6.01885e-05 -0.000461643 -5.93325e-05 0.999999 0.000927027 0.000461754 -0.000926971 0.999999 0.0298649 -0.141041 0.0973619
FixedParameters: 0 0 0

#Transform 31
Transform: AffineTransform_float_3_3
Parameters: 1 -0.000137556 -0.000392599 0.000137432 1 -0.000158054 0.000392643 0.000157946 1 0.0236362 -0.0840886 0.019478
FixedParameters: 0 0 0

#Transform 32
Transform: AffineTransform_float_3_3
Parameters: 1 -2.82094e-05 -0.000430948 2.78164e-05 1 -0.000456012 0.000430973 0.000455988 1 0.0174419 -0.0165438 -0.0303215
FixedParameters: 0 0 0

#Transform 33
Transform: AffineTransform_float_3_3
Parameters: 1 0.000211125 -0.000202048 -0.000210993 1 0.000326043 0.000202185 -0.000325957 1 0.010198 -0.0938973 0.0307811
FixedParameters: 0 0 0

#Transform 34
Transform: AffineTransform_float_3_3
Parameters: 1 0.000182362 -0.00039093 -0.000182823 1 0.00104007 0.000390696 -0.00103993 1 0.0120391 -0.158444 0.133451
FixedParameters: 0 0 0

#Transform 35
Transform: AffineTransform_float_3_3
Parameters: 0.999999 0.000220258 -0.000700806 -0.000220329 1 0.000858265 0.000700571 -0.000858738 1 0.0241383 -0.102151 0.0686872
FixedParameters: 0 0 0

#Transform 36
Transform: AffineTransform_float_3_3
Parameters: 1 0.000199885 -0.000315783 -0.000199823 1 9.80631e-05 0.000315822 -9.79369e-05 1 0.00595043 -0.0237939 -0.0233726
FixedParameters: 0 0 0

#Transform 37
Transform: AffineTransform_float_3_3
Parameters: 1 0.000166468 -9.95455e-05 -0.000166396 1 0.000363017 9.96663e-05 -0.000362983 1 0.00643201 -0.0512036 -0.00287765
FixedParameters: 0 0 0

#Transform 38
Transform: AffineTransform_float_3_3
Parameters: 1 0.000245319 -0.000210579 -0.000244848 1 0.00111805 0.000211127 -0.00111795 1 0.0067254 -0.137772 0.101403
FixedParameters: 0 0 0

#Transform 39
Transform: AffineTransform_float_3_3
Parameters: 1 7.88796e-05 -0.000468268 -7.93371e-05 1 0.000519037 0.000468681 -0.000518963 1 0.0146153 -0.0956902 0.0604859
FixedParameters: 0 0 0

#Transform 40
Transform: AffineTransform_float_3_3
Parameters: 1 7.98369e-06 -0.000443518 -7.71934e-06 1 0.000298003 0.000443523 -0.000297996 1 0.0131728 -0.027304 -0.0155067
FixedParameters: 0 0 0

#Transform 41
Transform: AffineTransform_float_3_3
Parameters: 1 -0.000124953 -0.00068729 0.000125408 1 0.000330914 0.000687207 -0.000331086 0.999999 0.0291561 -0.0646972 0.0108456
FixedParameters: 0 0 0

#Transform 42
Transform: AffineTransform_float_3_3
Parameters: 1 -0.000181877 -0.000377075 0.000181828 1 -6.40686e-05 0.000377099 6.39314e-05 1 0.021478 -0.159106 0.0887142
FixedParameters: 0 0 0

#Transform 43
Transform: AffineTransform_float_3_3
Parameters: 1 -0.000184161 -0.000570159 0.000184425 1 0.0010589 0.0005701 -0.00105911 1 0.0317231 -0.11578 0.124423
FixedParameters: 0 0 0

#Transform 44
Transform: AffineTransform_float_3_3
Parameters: 1 -0.000128611 -0.000685991 0.0001293 1 0.000501911 0.000685861 -0.000502088 0.999999 0.0394942 -0.0683587 0.0529665
FixedParameters: 0 0 0

#Transform 45
Transform: AffineTransform_float_3_3
Parameters: 1 -0.00028658 -0.000340429 0.000286648 1 9.99024e-05 0.000340371 -0.000100098 1 0.0321444 -0.0488241 0.0155621
FixedParameters: 0 0 0

#Transform 46
Transform: AffineTransform_float_3_3
Parameters: 1 -0.000183716 -0.000464381 0.000183889 1 0.000185915 0.000464312 -0.000186085 1 0.0285867 -0.132896 0.0791232
FixedParameters: 0 0 0

#Transform 47
Transform: AffineTransform_float_3_3
Parameters: 1 -8.38725e-05 -0.000537396 8.35175e-05 0.999999 0.000855955 0.000536639 -0.000856044 0.999999 0.0219016 -0.120334 0.110188
FixedParameters: 0 0 0

#Transform 48
Transform: AffineTransform_float_3_3
Parameters: 1 -0.000200114 -0.000614382 0.000200483 1 0.000299877 0.000614262 -0.000300123 1 0.024963 -0.0285648 0.0428166
FixedParameters: 0 0 0

#Transform 49
Transform: AffineTransform_float_3_3
Parameters: 1 -9.0326e-05 -0.000613524 9.04474e-05 0.999999 0.000868257 0.000613697 -0.000867744 1 0.0238613 -0.0798144 0.117238
FixedParameters: 0 0 0

#Transform 50
Transform: AffineTransform_float_3_3
Parameters: 1 -8.14691e-05 -0.000551989 8.16328e-05 0.999999 0.00100327 0.000552156 -0.00100273 1 0.0249947 -0.0976882 0.119471
FixedParameters: 0 0 0

#Transform 51
Transform: AffineTransform_float_3_3
Parameters: 1 -0.000221887 -0.000510364 0.000221431 1 0.000477887 0.000510483 -0.000478113 1 0.0253475 -0.05062 0.0629687
FixedParameters: 0 0 0

#Transform 52
Transform: AffineTransform_float_3_3
Parameters: 1 -6.34352e-05 -0.000303026 6.30528e-05 0.999999 0.00092598 0.00030324 -0.000926018 0.999999 0.0192895 -0.0853951 0.107325
FixedParameters: 0 0 0

#Transform 53
Transform: AffineTransform_float_3_3
Parameters: 1 -0.000223147 -0.000302337 0.000223686 0.999999 0.000891932 0.000301938 -0.000892067 0.999999 0.0141913 -0.110872 0.13218
FixedParameters: 0 0 0

#Transform 54
Transform: AffineTransform_float_3_3
Parameters: 1 -0.000220713 -0.000343394 0.000221037 1 0.000471924 0.000343186 -0.000472076 1 0.0147055 -0.0248871 0.0488696
FixedParameters: 0 0 0

#Transform 55
Transform: AffineTransform_float_3_3
Parameters: 1 -0.000317191 -0.000540607 0.000317742 1 0.000509719 0.000540283 -0.00050928 0.999999 0.01981 -0.0425994 0.0785858
FixedParameters: 0 0 0

#Transform 56
Transform: AffineTransform_float_3_3
Parameters: 0.999999 -4.42865e-05 -0.000706855 4.50592e-05 1 0.00121397 0.000707077 -0.00121403 0.999999 0.0159314 -0.101413 0.14061
FixedParameters: 0 0 0

#Transform 57
Transform: AffineTransform_float_3_3
Parameters: 1 -0.00020441 -0.000649937 0.000205167 0.999999 0.00130887 0.000649732 -0.00130913 0.999999 0.031193 -0.100035 0.122548
FixedParameters: 0 0 0

#Transform 58
Transform: AffineTransform_float_3_3
Parameters: 1 -0.000233419 -0.000243648 0.000232837 0.999999 0.000741943 0.000243633 -0.000742056 0.999999 0.0131471 -0.0338983 0.0827442
FixedParameters: 0 0 0

#Transform 59
Transform: AffineTransform_float_3_3
Parameters: 1 -0.000154663 -0.000351665 0.000154195 1 0.000675945 0.000351787 -0.000676054 0.999999 0.0287807 -0.0710081 0.0868235
FixedParameters: 0 0 0

#Transform 60
Transform: AffineTransform_float_3_3
Parameters: 1 -0.000317996 -0.000467237 0.000318515 1 0.000554851 0.000466883 -0.000555148 0.999999 0.0264213 -0.0432033 0.0726087
FixedParameters: 0 0 0

#Transform 61
Transform: AffineTransform_float_3_3
Parameters: 1 -0.000303292 -0.000459777 0.000303579 0.999999 0.00133886 0.000459295 -0.00133914 0.999999 0.0283139 -0.114665 0.151676
FixedParameters: 0 0 0

#Transform 62
Transform: AffineTransform_float_3_3
Parameters: 1 -0.000169178 -0.000266105 0.000168721 0.999999 0.000913954 0.000266126 -0.000914044 0.999999 0.0311599 -0.0808698 0.10906
FixedParameters: 0 0 0

#Transform 63
Transform: AffineTransform_float_3_3
Parameters: 1 -0.000174805 -0.000515174 0.000174412 1 0.00053391 0.000515318 -0.00053409 0.999999 0.0360698 -0.0370721 0.0953853
FixedParameters: 0 0 0

#Transform 64
Transform: AffineTransform_float_3_3
Parameters: 1 -0.000346937 -0.000426489 0.000346852 0.999999 0.00100816 0.00042612 -0.00100784 1 0.0336054 -0.118014 0.146418
FixedParameters: 0 0 0

#Transform 65
Transform: AffineTransform_float_3_3
Parameters: 1 -0.000264705 -0.000600293 0.000265762 1 0.000880842 0.000599825 -0.00088116 1 0.0344192 -0.0847525 0.108651
FixedParameters: 0 0 0

#Transform 66
Transform: AffineTransform_float_3_3
Parameters: 1 -0.000226186 -0.00051945 0.000226574 1 0.000372882 0.000519281 -0.000373117 1 0.0287265 -0.017925 0.054744
FixedParameters: 0 0 0

#Transform 67
Transform: AffineTransform_float_3_3
Parameters: 0.999999 -0.000247223 -0.000680542 0.00024835 0.999999 0.000828143 0.000680132 -0.000827856 1 0.0336405 -0.0663185 0.0728134
FixedParameters: 0 0 0

#Transform 68
Transform: AffineTransform_float_3_3
Parameters: 1 -0.000735601 -0.000832643 0.000735503 1 -5.93005e-05 0.00083273 5.86994e-05 1 0.0401356 -0.158683 0.143459
FixedParameters: 0 0 0

#Transform 69
Transform: AffineTransform_float_3_3
Parameters: 1 -0.000528193 -0.000991138 0.000528328 1 6.77884e-05 0.000991066 -6.82116e-05 1 0.0440971 -0.112178 0.0986505
FixedParameters: 0 0 0

#Transform 70
Transform: AffineTransform_float_3_3
Parameters: 0.999999 -0.000253059 -0.000720873 0.000253853 1 0.000550817 0.000720593 -0.000551182 0.999999 0.0326909 -0.0393906 0.0707467
FixedParameters: 0 0 0

#Transform 71
Transform: AffineTransform_float_3_3
Parameters: 0.999999 -0.000527434 -0.000616745 0.000528202 0.999999 0.00138857 0.000615609 -0.00138843 0.999998 0.0366416 -0.102809 0.15227
FixedParameters: 0 0 0

#Transform 72
Transform: AffineTransform_float_3_3
Parameters: 0.999999 -0.000212491 -0.000701122 0.00021381 0.999998 0.00161416 0.000700764 -0.00161384 0.999999 0.0396184 -0.0962679 0.15313
FixedParameters: 0 0 0

#Transform 73
Transform: AffineTransform_float_3_3
Parameters: 1 -0.000168381 -0.000508944 0.000167997 1 0.000549914 0.00050909 -0.000550086 0.999999 0.0113575 -0.0428873 0.0874982
FixedParameters: 0 0 0

#Transform 74
Transform: AffineTransform_float_3_3
Parameters: 1 -6.82036e-05 -0.000301367 6.86658e-05 0.999999 0.000766979 0.000301262 -0.00076702 0.999999 0.0263388 -0.0749994 0.141634
FixedParameters: 0 0 0

#Transform 75
Transform: AffineTransform_float_3_3
Parameters: 1 -0.000286907 -0.000586235 0.00028806 0.999999 0.00150572 0.000586644 -0.00150528 0.999998 0.037057 -0.092316 0.148951
FixedParameters: 0 0 0

#Transform 76
Transform: AffineTransform_float_3_3
Parameters: 1 -0.00022747 -0.000581518 0.000228427 0.999999 0.000823179 0.000581142 -0.000822821 1 0.0395672 -0.0425482 0.0899133
FixedParameters: 0 0 0

#Transform 77
Transform: AffineTransform_float_3_3
Parameters: 1 -0.000327217 -0.000520095 0.00032734 1 0.00011883 0.000520017 -0.00011917 1 0.0384904 -0.0175256 0.0662499
FixedParameters: 0 0 0

#Transform 78
Transform: AffineTransform_float_3_3
Parameters: 1 -0.000269218 -0.000631556 0.000269473 0.999999 0.000950033 0.000631375 -0.000948967 0.999999 0.0380229 -0.101605 0.149224
FixedParameters: 0 0 0

#Transform 79
Transform: AffineTransform_float_3_3
Parameters: 1 -0.000323591 -0.000563923 0.000324374 0.999999 0.00153171 0.000563261 -0.00153129 0.999998 0.036433 -0.122247 0.193703
FixedParameters: 0 0 0

#Transform 80
Transform: AffineTransform_float_3_3
Parameters: 0.999999 -0.000344825 -0.00067506 0.000345086 0.999999 0.000893079 0.000674774 -0.000892921 1 0.0385118 -0.04599 0.121904
FixedParameters: 0 0 0

#Transform 81
Transform: AffineTransform_float_3_3
Parameters: 0.999999 -0.000400821 -0.000604348 0.00040082 1 -0.00078104 0.000604644 0.000781961 1 0.0247081 -0.0342593 0.131466
FixedParameters: 0 0 0

#Transform 82
Transform: AffineTransform_float_3_3
Parameters: 1 -0.000865887 -0.000591832 0.000867055 0.999996 0.00282438 0.000589816 -0.00282462 0.999995 0.0645279 -0.103865 0.366804
FixedParameters: 0 0 0

#Transform 83
Transform: AffineTransform_float_3_3
Parameters: 0.999999 0.00123169 0.000539719 -0.0012355 0.99997 0.00757234 -0.000529954 -0.00757366 0.999971 0.000762626 -0.253414 0.723293
FixedParameters: 0 0 0

#Transform 84
Transform: AffineTransform_float_3_3
Parameters: 0.999998 0.0004732 0.00181692 -0.000482997 0.999986 0.00529576 -0.00181516 -0.00529625 0.999984 0.0217415 -0.00145683 0.400841
FixedParameters: 0 0 0

#Transform 85
Transform: AffineTransform_float_3_3
Parameters: 0.999999 4.18782e-05 0.00140968 -4.71961e-05 0.999992 0.00401125 -0.00141036 -0.00401075 0.999991 0.020842 -0.0109057 0.326209
FixedParameters: 0 0 0

#Transform 86
Transform: AffineTransform_float_3_3
Parameters: 0.999999 -0.000161091 0.000832215 0.000157217 0.999991 0.00422324 -0.000833607 -0.00422376 0.999991 0.0316429 -0.144381 0.405077
FixedParameters: 0 0 0

#Transform 87
Transform: AffineTransform_float_3_3
Parameters: 1 -0.000158929 0.000158586 0.000157917 0.999991 0.00422703 -0.000158981 -0.00422698 0.999991 0.0451078 -0.0993034 0.377113
FixedParameters: 0 0 0

#Transform 88
Transform: AffineTransform_float_3_3
Parameters: 1 -0.000233738 0.000171731 0.000233552 0.999991 0.00423304 -0.000173096 -0.00423296 0.999991 0.0444782 -0.0397016 0.35589
FixedParameters: 0 0 0

#Transform 89
Transform: AffineTransform_float_3_3
Parameters: 0.999999 -0.000687075 -0.000359231 0.000689055 0.999992 0.00401464 0.000357199 -0.00401435 0.999991 0.0711937 -0.103713 0.402567
FixedParameters: 0 0 0

#Transform 90
Transform: AffineTransform_float_3_3
Parameters: 0.999999 -0.00098884 -0.000812427 0.000992366 0.999992 0.00389109 0.000808871 -0.00389191 0.999992 0.0816915 -0.0874205 0.379538
FixedParameters: 0 0 0

#Transform 91
Transform: AffineTransform_float_3_3
Parameters: 1 -0.000177034 5.36913e-06 0.000177004 0.999996 0.002634 -6.30166e-06 -0.002634 0.999996 0.0338891 -0.0233623 0.286558
FixedParameters: 0 0 0

#Transform 92
Transform: AffineTransform_float_3_3
Parameters: 1 -0.000448817 -0.000231566 0.000449391 0.999996 0.00256989 0.000230532 -0.0025701 0.999996 0.0387383 -0.0213442 0.231821
FixedParameters: 0 0 0

#Transform 93
Transform: AffineTransform_float_3_3
Parameters: 1 -0.000441454 2.5128e-06 0.000441758 0.999993 0.003675 -4.81481e-06 -0.003675 0.999993 0.0570191 -0.00951411 0.230164
FixedParameters: 0 0 0

#Transform 94
Transform: AffineTransform_float_3_3
Parameters: 0.999999 -8.8593e-05 0.000933317 8.49878e-05 0.999994 0.00362408 -0.000933994 -0.00362392 0.999993 0.0362968 -0.0647728 0.137489
FixedParameters: 0 0 0

#Transform 95
Transform: AffineTransform_float_3_3
Parameters: 1 -0.00064809 -0.000261515 0.000648863 0.999993 0.00384073 0.000259083 -0.00384028 0.999993 0.0741811 -0.0678212 0.149767
FixedParameters: 0 0 0

#Transform 96
Transform: AffineTransform_float_3_3
Parameters: 0.999999 -0.000899202 -0.000329087 0.000900701 0.999986 0.0051147 0.000323704 -0.00511529 0.999987 0.0701138 -0.152369 0.318069
FixedParameters: 0 0 0

#Transform 97
Transform: AffineTransform_float_3_3
Parameters: 1 -0.00109538 -0.000389929 0.00109757 0.999984 0.00557247 0.00038375 -0.00557253 0.999984 0.0794153 -0.154076 0.446324
FixedParameters: 0 0 0

#Transform 98
Transform: AffineTransform_float_3_3
Parameters: 0.999999 -0.000964099 -0.000125602 0.000965327 0.999981 0.00596988 0.000119463 -0.00597012 0.999982 0.0716195 -0.165361 0.529152
FixedParameters: 0 0 0

#Transform 99
Transform: AffineTransform_float_3_3
Parameters: 0.999999 -0.00122082 -0.000690823 0.00122444 0.999987 0.00485505 0.000685322 -0.00485595 0.999988 0.105628 -0.0524367 0.413097
FixedParameters: 0 0 0

#Transform 100
Transform: AffineTransform_float_3_3
Parameters: 0.999999 -0.00124569 -0.000372656 0.0012466 0.999994 0.00325654 0.000369305 -0.00325746 0.999995 0.0926055 -0.00373347 0.319463
FixedParameters: 0 0 0

#Transform 101
Transform: AffineTransform_float_3_3
Parameters: 0.999999 -0.00137349 -0.000637367 0.00137568 0.99999 0.00414002 0.000632355 -0.00414098 0.999991 0.0997644 -0.113094 0.404741
FixedParameters: 0 0 0

#Transform 102
Transform: AffineTransform_float_3_3
Parameters: 0.999998 -0.00144709 -0.000950165 0.00145098 0.999992 0.00384241 0.000944456 -0.00384359 0.999992 0.109717 -0.0730807 0.377001
FixedParameters: 0 0 0

#Transform 103
Transform: AffineTransform_float_3_3
Parameters: 0.999998 -0.00136623 -0.000912657 0.00137005 0.999991 0.00396296 0.00090724 -0.00396404 0.999992 0.102763 -0.0401664 0.381476
FixedParameters: 0 0 0

#Transform 104
Transform: AffineTransform_float_3_3
Parameters: 0.999998 -0.0014844 -0.00119622 0.00149001 0.999988 0.00456743 0.00118872 -0.00456957 0.999989 0.107954 -0.0633046 0.407137
FixedParameters: 0 0 0

#Transform 105
Transform: AffineTransform_float_3_3
Parameters: 0.999999 -0.00143675 -0.00104081 0.00144097 0.999991 0.0041226 0.00103471 -0.0041234 0.999991 0.105118 -0.0591427 0.387367
FixedParameters: 0 0 0

#Transform 106
Transform: AffineTransform_float_3_3
Parameters: 0.999999 -0.00145299 -0.00103501 0.00145775 0.999991 0.0039517 0.00102894 -0.0039533 0.999992 0.104922 -0.040781 0.358932
FixedParameters: 0 0 0

#Transform 107
Transform: AffineTransform_float_3_3
Parameters: 0.999998 -0.00161042 -0.00119778 0.00161549 0.99999 0.00419486 0.00119127 -0.00419715 0.99999 0.116255 -0.0654248 0.384089
FixedParameters: 0 0 0

#Transform 108
Transform: AffineTransform_float_3_3
Parameters: 0.999998 -0.00140337 -0.000967357 0.00140697 0.999992 0.00379754 0.000961165 -0.00379946 0.999992 0.10161 -0.0527182 0.335011
FixedParameters: 0 0 0

#Transform 109
Transform: AffineTransform_float_3_3
Parameters: 0.999999 -0.00126032 -0.000862214 0.00126381 0.999992 0.0036508 0.00085715 -0.00365219 0.999993 0.0983516 -0.0472726 0.321104
FixedParameters: 0 0 0

#Transform 110
Transform: AffineTransform_float_3_3
Parameters: 0.999999 -0.00128936 -0.000908869 0.00129373 0.99999 0.00428772 0.000903219 -0.00428928 0.99999 0.103162 -0.107958 0.344937
FixedParameters: 0 0 0

#Transform 111
Transform: AffineTransform_float_3_3
Parameters: 0.999998 -0.0013074 -0.00094832 0.00131011 0.999993 0.00340097 0.0009439 -0.00340204 0.999994 0.0990834 -0.0745884 0.298019
FixedParameters: 0 0 0

#Transform 112
Transform: AffineTransform_float_3_3
Parameters: 0.999998 -0.00132116 -0.000910433 0.00132399 0.999994 0.003089 0.000906414 -0.00309 0.999995 0.0873182 -0.0537277 0.269976
FixedParameters: 0 0 0

#Transform 113
Transform: AffineTransform_float_3_3
Parameters: 0.999998 -0.00135193 -0.000880598 0.00135555 0.999991 0.0039919 0.000875217 -0.00399209 0.999992 0.0835786 -0.142163 0.33551
FixedParameters: 0 0 0

#Transform 114
Transform: AffineTransform_float_3_3
Parameters: 0.999998 -0.00136616 -0.000982413 0.00137033 0.999992 0.00386344 0.000977267 -0.00386456 0.999991 0.0998377 -0.0969979 0.309509
FixedParameters: 0 0 0

#Transform 115
Transform: AffineTransform_float_3_3
Parameters: 0.999999 -0.0013324 -0.000845138 0.00133481 0.999994 0.00308008 0.000841075 -0.00308092 0.999995 0.0949731 -0.0376413 0.255184
FixedParameters: 0 0 0

#Transform 116
Transform: AffineTransform_float_3_3
Parameters: 0.999998 -0.0013756 -0.00091341 0.00137781 0.999995 0.00273695 0.000910026 -0.00273805 0.999996 0.0863516 -0.0437106 0.240321
FixedParameters: 0 0 0

#Transform 117
Transform: AffineTransform_float_3_3
Parameters: 0.999998 -0.00145696 -0.000993433 0.00146013 0.999994 0.00300276 0.000988824 -0.00300424 0.999996 0.104106 -0.0793265 0.285629
FixedParameters: 0 0 0

#Transform 118
Transform: AffineTransform_float_3_3
Parameters: 0.999999 -0.00147803 -0.00113133 0.0014815 0.999994 0.00318411 0.00112639 -0.00318589 0.999994 0.110129 -0.14136 0.347124
FixedParameters: 0 0 0

#Transform 119
Transform: AffineTransform_float_3_3
Parameters: 0.999998 -0.00182953 -0.00101254 0.00183322 0.999991 0.00381293 0.00100527 -0.00381506 0.999992 0.10301 -0.105306 0.336689
FixedParameters: 0 0 0

#Transform 120
Transform: AffineTransform_float_3_3
Parameters: 0.999997 -0.00165358 -0.00167494 0.00165763 0.999996 0.00232164 0.00167174 -0.00232436 0.999996 0.11154 -0.0345692 0.245163
FixedParameters: 0 0 0

#Transform 121
Transform: AffineTransform_float_3_3
Parameters: 0.999999 -0.00142411 -0.0010987 0.00142724 0.999995 0.00269164 0.00109518 -0.00269336 0.999996 0.0939701 -0.0567154 0.273219
FixedParameters: 0 0 0

#Transform 122
Transform: AffineTransform_float_3_3
Parameters: 0.999998 -0.00154466 -0.00135954 0.00154921 0.999992 0.0036251 0.00135441 -0.0036279 0.999993 0.101211 -0.118433 0.353336
FixedParameters: 0 0 0

#Transform 123
Transform: AffineTransform_float_3_3
Parameters: 0.999999 -0.00154187 -0.000976741 0.00154645 0.999991 0.00392559 0.000970988 -0.00392641 0.999992 0.0977149 -0.113148 0.344878
FixedParameters: 0 0 0

#Transform 124
Transform: AffineTransform_float_3_3
Parameters: 0.999998 -0.00142557 -0.000936613 0.00142846 0.999994 0.00303287 0.000932109 -0.00303413 0.999996 0.0954724 -0.0456948 0.28266
FixedParameters: 0 0 0

#Transform 125
Transform: AffineTransform_float_3_3
Parameters: 0.999999 -0.00150709 -0.000946684 0.00150947 0.999994 0.00323447 0.000941408 -0.00323653 0.999994 0.0981062 -0.0628594 0.321154
FixedParameters: 0 0 0

#Transform 126
Transform: AffineTransform_float_3_3
Parameters: 0.999999 -0.00159419 -0.000956464 0.00159817 0.999991 0.00387157 0.000949531 -0.00387243 0.999992 0.111157 -0.115578 0.386749
FixedParameters: 0 0 0

#Transform 127
Transform: AffineTransform_float_3_3
Parameters: 0.999998 -0.0017092 -0.00104516 0.00171326 0.999993 0.003417 0.00103984 -0.003419 0.999994 0.101542 -0.0683778 0.34266
FixedParameters: 0 0 0

#Transform 128
Transform: AffineTransform_float_3_3
Parameters: 0.999998 -0.00157081 -0.00116004 0.00157491 0.999992 0.00364638 0.00115432 -0.00364862 0.999993 0.111539 -0.0430848 0.342016
FixedParameters: 0 0 0

#Transform 129
Transform: AffineTransform_float_3_3
Parameters: 0.999998 -0.0014908 -0.00114661 0.00149512 0.999992 0.00378518 0.00114106 -0.00378782 0.999992 0.108087 -0.0858034 0.384222
FixedParameters: 0 0 0

#Transform 130
Transform: AffineTransform_float_3_3
Parameters: 0.999999 -0.00145013 -0.00100571 0.00145311 0.999993 0.00334264 0.00100048 -0.00334336 0.999994 0.102061 -0.0615091 0.358558
FixedParameters: 0 0 0

#Transform 131
Transform: AffineTransform_float_3_3
Parameters: 0.999999 -0.00145838 -0.00106458 0.00146276 0.999992 0.00366165 0.00105931 -0.00366335 0.999993 0.101085 -0.0541268 0.374243
FixedParameters: 0 0 0

#Transform 132
Transform: AffineTransform_float_3_3
Parameters: 0.999999 -0.00151688 -0.000982975 0.0015207 0.999992 0.00367971 0.000977223 -0.00368128 0.999993 0.102552 -0.0830779 0.3727
FixedParameters: 0 0 0

#Transform 133
Transform: AffineTransform_float_3_3
Parameters: 0.999999 -0.00152264 -0.000980879 0.00152533 0.999992 0.00359229 0.000975686 -0.00359371 0.999993 0.104946 -0.0434333 0.35317
FixedParameters: 0 0 0

#Transform 134
Transform: AffineTransform_float_3_3
Parameters: 0.999999 -0.00159149 -0.000957214 0.00159427 0.999992 0.00372726 0.000951096 -0.00372874 0.999993 0.100451 -0.0748554 0.379422
FixedParameters: 0 0 0

#Transform 135
Transform: AffineTransform_float_3_3
Parameters: 0.999999 -0.00142199 -0.00101622 0.00142589 0.999991 0.00406245 0.00101041 -0.00406455 0.999991 0.109287 -0.0655117 0.372798
FixedParameters: 0 0 0

#Transform 136
Transform: AffineTransform_float_3_3
Parameters: 0.999998 -0.00161442 -0.00122229 0.00161919 0.999992 0.00373213 0.00121598 -0.00373388 0.999993 0.107621 -0.043935 0.340149
FixedParameters: 0 0 0

#Transform 137
Transform: AffineTransform_float_3_3
Parameters: 0.999998 -0.00157332 -0.00119525 0.00157788 0.999992 0.0037319 0.00118924 -0.0037341 0.999992 0.111055 -0.0291086 0.3383
FixedParameters: 0 0 0

#Transform 138
Transform: AffineTransform_float_3_3
Parameters: 0.999999 -0.00158393 -0.000959838 0.00158767 0.999992 0.00373227 0.000953426 -0.00373374 0.999993 0.113124 -0.101742 0.349257
FixedParameters: 0 0 0

#Transform 139
Transform: AffineTransform_float_3_3
Parameters: 0.999998 -0.00154986 -0.00106706 0.00155382 0.999991 0.00389944 0.00106071 -0.00390056 0.999992 0.111032 -0.0594165 0.344836
FixedParameters: 0 0 0

#Transform 140
Transform: AffineTransform_float_3_3
Parameters: 0.999999 -0.00150031 -0.000988193 0.00150296 0.999994 0.0032343 0.000982961 -0.0032357 0.999994 0.101478 -0.0315544 0.318955
FixedParameters: 0 0 0

#Transform 141
Transform: AffineTransform_float_3_3
Parameters: 0.999999 -0.00156942 -0.000965289 0.00157387 0.99999 0.00408038 0.000957888 -0.00408262 0.999991 0.111679 -0.0753831 0.376068
FixedParameters: 0 0 0

#Transform 142
Transform: AffineTransform_float_3_3
Parameters: 0.999998 -0.00153147 -0.00115818 0.00153543 0.999991 0.00399812 0.001152 -0.00400088 0.999991 0.107476 -0.0756338 0.360992
FixedParameters: 0 0 0

#Transform 143
Transform: AffineTransform_float_3_3
Parameters: 0.999998 -0.00152524 -0.00110355 0.00152801 0.999993 0.00337941 0.00109804 -0.00338059 0.999994 0.111127 -0.0312288 0.330351
FixedParameters: 0 0 0

#Transform 144
Transform: AffineTransform_float_3_3
Parameters: 0.999997 -0.00162871 -0.00135988 0.00163374 0.999993 0.00345188 0.00135437 -0.00345412 0.999994 0.107437 -0.0455972 0.359474
FixedParameters: 0 0 0

#Transform 145
Transform: AffineTransform_float_3_3
Parameters: 0.999999 -0.00150689 -0.000987075 0.00151087 0.99999 0.0042303 0.000980065 -0.0042317 0.999991 0.120699 -0.0903263 0.409146
FixedParameters: 0 0 0

#Transform 146
Transform: AffineTransform_float_3_3
Parameters: 0.999998 -0.0015365 -0.00117402 0.00154069 0.999992 0.0036384 0.00116858 -0.0036406 0.999993 0.111815 -0.03399 0.359285
FixedParameters: 0 0 0

#Transform 147
Transform: AffineTransform_float_3_3
Parameters: 0.999999 -0.00145524 -0.00100351 0.00145838 0.999995 0.00295732 0.000999043 -0.00295868 0.999995 0.108235 -0.00805654 0.338899
FixedParameters: 0 0 0

#Transform 148
Transform: AffineTransform_float_3_3
Parameters: 0.999999 -0.00153072 -0.000978604 0.00153424 0.999991 0.00402929 0.000972011 -0.00403071 0.999991 0.101607 -0.0966768 0.418122
FixedParameters: 0 0 0

#Transform 149
Transform: AffineTransform_float_3_3
Parameters: 0.999999 -0.00147989 -0.000995928 0.00148407 0.999992 0.00381431 0.000990048 -0.00381569 0.999992 0.106609 -0.0594915 0.380903
FixedParameters: 0 0 0

#Transform 150
Transform: AffineTransform_float_3_3
Parameters: 0.999998 -0.00137303 -0.00103203 0.00137603 0.999995 0.00296547 0.00102708 -0.00296752 0.999995 0.100798 0.0214859 0.337707
FixedParameters: 0 0 0

#Transform 151
Transform: AffineTransform_float_3_3
Parameters: 0.999999 -0.00150451 -0.000987363 0.00150854 0.999992 0.00377041 0.000981427 -0.00377259 0.999992 0.100996 -0.0844746 0.423246
FixedParameters: 0 0 0

#Transform 152
Transform: AffineTransform_float_3_3
Parameters: 0.999998 -0.00148256 -0.00119731 0.00148779 0.999991 0.00400612 0.00119117 -0.00400888 0.999991 0.109681 -0.0836889 0.415728
FixedParameters: 0 0 0

#Transform 153
Transform: AffineTransform_float_3_3
Parameters: 0.999997 -0.00149479 -0.00151682 0.00149885 0.999995 0.00287994 0.00151301 -0.00288307 0.999995 0.114807 0.0122529 0.307323
FixedParameters: 0 0 0

#Transform 154
Transform: AffineTransform_float_3_3
Parameters: 0.999998 -0.00156923 -0.00139514 0.00157411 0.999993 0.0033079 0.00139049 -0.0033101 0.999993 0.107109 -0.00799533 0.381912
FixedParameters: 0 0 0

#Transform 155
Transform: AffineTransform_float_3_3
Parameters: 0.999997 -0.00164069 -0.00136641 0.00164657 0.999988 0.00444217 0.00135822 -0.00444383 0.99999 0.111949 -0.138032 0.492906
FixedParameters: 0 0 0

#Transform 156
Transform: AffineTransform_float_3_3
Parameters: 0.999998 -0.00155974 -0.00139337 0.00156392 0.999993 0.00352292 0.0013875 -0.00352508 0.999993 0.124172 -0.0567123 0.395161
FixedParameters: 0 0 0

#Transform 157
Transform: AffineTransform_float_3_3
Parameters: 0.999997 -0.00166121 -0.00135792 0.00166537 0.999993 0.00325684 0.00135189 -0.00325916 0.999994 0.116279 0.00442451 0.402023
FixedParameters: 0 0 0

#Transform 158
Transform: AffineTransform_float_3_3
Parameters: 0.999997 -0.00163878 -0.00135428 0.00164433 0.999989 0.00436088 0.00134638 -0.00436312 0.999989 0.123316 -0.1214 0.495717
FixedParameters: 0 0 0

#Transform 159
Transform: AffineTransform_float_3_3
Parameters: 0.999998 -0.00158432 -0.00123258 0.00158889 0.999992 0.00362025 0.00122685 -0.00362275 0.999993 0.122922 -0.0167114 0.429459
FixedParameters: 0 0 0

#Transform 160
Transform: AffineTransform_float_3_3
Parameters: 0.999998 -0.00155617 -0.00124214 0.00156135 0.999993 0.00345685 0.00123679 -0.00345915 0.999993 0.119351 0.00174285 0.432368
FixedParameters: 0 0 0

#Transform 161
Transform: AffineTransform_float_3_3
Parameters: 0.999997 -0.00162948 -0.00142835 0.00163562 0.999989 0.00433977 0.00142059 -0.00434223 0.999989 0.128842 -0.0884988 0.478199
FixedParameters: 0 0 0

#Transform 162
Transform: AffineTransform_float_3_3
Parameters: 0.999997 -0.00159584 -0.00144026 0.00160104 0.999992 0.00364511 0.0014347 -0.00364689 0.999993 0.123633 -0.0117868 0.404023
FixedParameters: 0 0 0

#Transform 163
Transform: AffineTransform_float_3_3
Parameters: 0.999998 -0.00162553 -0.00154745 0.00163151 0.999992 0.00364489 0.00154166 -0.00364711 0.999992 0.123061 0.0084262 0.435414
FixedParameters: 0 0 0

#Transform 164
Transform: AffineTransform_float_3_3
Parameters: 0.999997 -0.00173987 -0.00163012 0.00174641 0.99999 0.00411157 0.00162347 -0.00411443 0.999991 0.132643 -0.0994226 0.4799
FixedParameters: 0 0 0

#Transform 165
Transform: AffineTransform_float_3_3
Parameters: 0.999998 -0.00167782 -0.00147596 0.00168174 0.999993 0.00323262 0.00147024 -0.00323538 0.999994 0.129803 0.00474885 0.387275
FixedParameters: 0 0 0

#Transform 166
Transform: AffineTransform_float_3_3
Parameters: 0.999998 -0.00152589 -0.00131411 0.00153054 0.999993 0.00355309 0.00130806 -0.00355491 0.999993 0.117263 -0.0308151 0.425557
FixedParameters: 0 0 0

#Transform 167
Transform: AffineTransform_float_3_3
Parameters: 0.999999 -0.00112933 -0.000843913 0.0011324 0.999993 0.00347825 0.000840199 -0.00347875 0.999994 0.0922269 -0.0922967 0.491809
FixedParameters: 0 0 0

#Transform 168
Transform: AffineTransform_float_3_3
Parameters: 0.999997 -0.000944935 -0.00216629 0.0009541 0.999988 0.00473388 0.00216126 -0.00473612 0.999987 0.0776421 0.0161868 0.376269
FixedParameters: 0 0 0

#Transform 169
Transform: AffineTransform_float_3_3
Parameters: 1 -0.000495915 -0.000203481 0.000499075 0.999891 0.0147549 0.000196115 -0.0147551 0.999891 0.109098 -0.240124 1.18805
FixedParameters: 0 0 0

#Transform 170
Transform: AffineTransform_float_3_3
Parameters: 0.999996 -0.00222676 0.00180775 0.0022154 0.999978 0.00623931 -0.0018214 -0.00623469 0.999979 0.146047 0.0231971 0.536046
FixedParameters: 0 0 0

#Transform 171
Transform: AffineTransform_float_3_3
Parameters: 0.999996 -0.00261794 0.000119026 0.00261717 0.999983 0.00514717 -0.00013238 -0.00514682 0.999986 0.152173 0.0201132 0.366487
FixedParameters: 0 0 0

#Transform 172
Transform: AffineTransform_float_3_3
Parameters: 0.999997 -0.0023332 -0.000391674 0.00233544 0.999986 0.00473057 0.000380677 -0.00473143 0.999989 0.146626 -0.041084 0.470625
FixedParameters: 0 0 0

#Transform 173
Transform: AffineTransform_float_3_3
Parameters: 0.999995 -0.0031423 -0.0012513 0.00314809 0.999983 0.00490612 0.00123539 -0.00490987 0.999987 0.183848 -0.0954649 0.490254
FixedParameters: 0 0 0

#Transform 174
Transform: AffineTransform_float_3_3
Parameters: 0.999995 -0.00306009 -0.00142309 0.00306604 0.999988 0.00392669 0.00141143 -0.00393131 0.999991 0.188804 -0.00970612 0.382497
FixedParameters: 0 0 0

#Transform 175
Transform: AffineTransform_float_3_3
Parameters: 0.999996 -0.00251283 -0.00111587 0.00251644 0.999989 0.00382977 0.0011068 -0.00383223 0.999992 0.154963 -0.0230726 0.419371
FixedParameters: 0 0 0

#Transform 176
Transform: AffineTransform_float_3_3
Parameters: 0.999996 -0.00226766 -0.00123031 0.00227357 0.999987 0.00440989 0.00122047 -0.00441311 0.999989 0.154614 -0.127757 0.490633
FixedParameters: 0 0 0

#Transform 177
Transform: AffineTransform_float_3_3
Parameters: 0.999995 -0.00256599 -0.00154515 0.00257172 0.999989 0.00386581 0.00153486 -0.00386919 0.999991 0.16326 -0.0379169 0.391358
FixedParameters: 0 0 0

#Transform 178
Transform: AffineTransform_float_3_3
Parameters: 0.999992 -0.00368851 -0.00143143 0.00369221 0.99999 0.00268355 0.00142147 -0.00268845 0.999995 0.211738 0.0225677 0.284638
FixedParameters: 0 0 0

#Transform 179
Transform: AffineTransform_float_3_3
Parameters: 0.999992 -0.00364054 -0.00152292 0.00365035 0.999969 0.00699231 0.00149707 -0.00699769 0.999974 0.199466 -0.1452 0.277494
FixedParameters: 0 0 0

#Transform 180
Transform: AffineTransform_float_3_3
Parameters: 0.999996 -0.0027191 -0.00105132 0.00272915 0.999938 0.0107404 0.00102145 -0.0107436 0.999941 0.151966 -0.180871 0.564574
FixedParameters: 0 0 0

#Transform 181
Transform: AffineTransform_float_3_3
Parameters: 0.999994 -0.00330251 -0.00112329 0.00330634 0.999987 0.00388734 0.00111095 -0.00389066 0.999992 0.197358 0.000370359 0.227147
FixedParameters: 0 0 0

#Transform 182
Transform: AffineTransform_float_3_3
Parameters: 0.999993 -0.00352731 -0.000425662 0.00352973 0.999982 0.00487573 0.000407719 -0.00487726 0.999988 0.185549 -0.0848934 0.479642
FixedParameters: 0 0 0

#Transform 183
Transform: AffineTransform_float_3_3
Parameters: 0.999993 -0.00356296 -0.000392098 0.00356481 0.999977 0.00576585 0.000370958 -0.00576715 0.999983 0.182152 -0.05239 0.458173
FixedParameters: 0 0 0

#Transform 184
Transform: AffineTransform_float_3_3
Parameters: 0.999993 -0.00348274 -0.00128464 0.00348951 0.999978 0.00576317 0.00126417 -0.00576783 0.999982 0.188898 -0.117239 0.483187
FixedParameters: 0 0 0

#Transform 185
Transform: AffineTransform_float_3_3
Parameters: 0.999994 -0.00335559 -0.00149487 0.0033634 0.999981 0.00519624 0.00147745 -0.00520076 0.999986 0.191131 -0.0396229 0.424102
FixedParameters: 0 0 0

#Transform 186
Transform: AffineTransform_float_3_3
Parameters: 0.999994 -0.0032373 -0.00169573 0.00324429 0.999986 0.00415976 0.00168183 -0.00416524 0.99999 0.178778 -0.0105809 0.336194
FixedParameters: 0 0 0

#Transform 187
Transform: AffineTransform_float_3_3
Parameters: 0.999994 -0.00292318 -0.00190095 0.00293025 0.99999 0.00340253 0.00189154 -0.00340847 0.999993 0.172248 -0.0823747 0.425707
FixedParameters: 0 0 0

#Transform 188
Transform: AffineTransform_float_3_3
Parameters: 0.999993 -0.00336967 -0.00198129 0.00337734 0.999985 0.00420978 0.0019666 -0.00421622 0.999989 0.190768 -0.0408729 0.392906
FixedParameters: 0 0 0

#Transform 189
Transform: AffineTransform_float_3_3
Parameters: 0.999993 -0.00308813 -0.00201475 0.00309385 0.99999 0.00319044 0.00200492 -0.00319756 0.999993 0.180664 0.0318013 0.310941
FixedParameters: 0 0 0

#Transform 190
Transform: AffineTransform_float_3_3
Parameters: 0.999993 -0.00310578 -0.00173018 0.00311215 0.999987 0.0039933 0.00171746 -0.00399871 0.999991 0.174637 -0.0508296 0.394163
FixedParameters: 0 0 0

#Transform 191
Transform: AffineTransform_float_3_3
Parameters: 0.999993 -0.00284586 -0.00243844 0.0028549 0.999989 0.00370535 0.00242786 -0.00371266 0.99999 0.156149 -0.0791377 0.301567
