#Insight Transform File V1.0
#Transform 0
Transform: AffineTransform_float_3_3
Parameters: 0.999999 0.000579299 -0.000538304 -0.000579668 0.999998 -0.00156169 0.000537024 0.00156231 0.999998 -0.0370113 -0.125992 0.278871
FixedParameters: 0 0 0

#Transform 1
Transform: AffineTransform_float_3_3
Parameters: 0.999999 0.000600318 -0.000640111 -0.000600985 1 -0.000825975 0.00064004 0.000826025 0.999999 -0.0416996 -0.16258 0.225965
FixedParameters: 0 0 0

#Transform 2
Transform: AffineTransform_float_3_3
Parameters: 0.999999 0.000713929 -0.00064099 -0.000714142 0.999999 -0.00118954 0.00063982 0.00119046 0.999999 -0.0407063 -0.0332596 0.166423
FixedParameters: 0 0 0

#Transform 3
Transform: AffineTransform_float_3_3
Parameters: 0.999999 0.000617934 -0.000726115 -0.000619154 0.999999 -0.0011094 0.000725663 0.0011096 1 -0.0400705 -0.0805175 0.158302
FixedParameters: 0 0 0

#Transform 4
Transform: AffineTransform_float_3_3
Parameters: 0.999999 0.000514314 -0.000681583 -0.000515129 0.999999 -0.000597649 0.000680967 0.00059835 0.999999 -0.0352914 -0.140272 0.156482
FixedParameters: 0 0 0

#Transform 5
Transform: AffineTransform_float_3_3
Parameters: 0.999999 0.000497308 -0.000888165 -0.000497854 0.999999 -0.000307405 0.000887859 0.000307594 0.999999 -0.0298138 -0.108527 0.126223
FixedParameters: 0 0 0

#Transform 6
Transform: AffineTransform_float_3_3
Parameters: 1 0.000505458 -0.000958106 -0.000505549 0.999999 -0.000527515 0.000957182 0.000528484 0.999999 -0.0269965 -0.0740151 0.0948097
FixedParameters: 0 0 0

#Transform 7
Transform: AffineTransform_float_3_3
Parameters: 0.999999 0.000555656 -0.000821328 -0.000557088 0.999999 -0.00110939 0.000821013 0.00110961 0.999999 -0.0212496 -0.0527837 0.0796158
FixedParameters: 0 0 0

#Transform 8
Transform: AffineTransform_float_3_3
Parameters: 0.999999 0.000570441 -0.000705459 -0.000570383 0.999999 -0.000611597 0.00070437 0.000612402 0.999999 -0.0247595 -0.105304 0.0993135
FixedParameters: 0 0 0

#Transform 9
Transform: AffineTransform_float_3_3
Parameters: 1 0.000669156 -0.000747108 -0.000669578 0.999999 -0.0002815 0.00074673 0.0002825 0.999999 -0.0219305 -0.114299 0.0893852
FixedParameters: 0 0 0

#Transform 10
Transform: AffineTransform_float_3_3
Parameters: 1 0.000669099 -0.000747159 -0.000669635 0.999999 -0.0003585 0.000746678 0.0003595 0.999999 -0.0228242 -0.0574061 0.0583338
FixedParameters: 0 0 0

#Transform 11
Transform: AffineTransform_float_3_3
Parameters: 1 0.000668679 -0.000747535 -0.000668744 1 -0.000920501 0.000746833 0.0009215 1 -0.0202178 -0.0583589 0.0381761
FixedParameters: 0 0 0

#Transform 12
Transform: AffineTransform_float_3_3
Parameters: 0.999999 0.000570705 -0.000705246 -0.00057104 1 -0.000237597 0.000704974 0.000238402 0.999999 -0.0213758 -0.0857076 0.040399
FixedParameters: 0 0 0

#Transform 13
Transform: AffineTransform_float_3_3
Parameters: 1 0.000669189 -0.000747078 -0.000669545 0.999999 -0.0002375 0.000746759 0.0002385 0.999999 -0.0214194 -0.090514 0.0383546
FixedParameters: 0 0 0

#Transform 14
Transform: AffineTransform_float_3_3
Parameters: 0.999999 0.000551454 -0.000642927 -0.000552042 0.999999 -0.000457645 0.000642421 0.000458354 0.999999 -0.0255739 -0.0366552 -0.00106138
FixedParameters: 0 0 0

#Transform 15
Transform: AffineTransform_float_3_3
Parameters: 1 0.000668846 -0.000747386 -0.000669499 1 -0.00069786 0.000747372 0.000698141 0.999999 -0.0315964 -0.040174 0.0258834
FixedParameters: 0 0 0

#Transform 16
Transform: AffineTransform_float_3_3
Parameters: 1 0.000669322 -0.00074696 -0.000669412 0.999999 -6.03473e-05 0.000746879 6.06526e-05 1 -0.032528 -0.131222 0.0841998
FixedParameters: 0 0 0

#Transform 17
Transform: AffineTransform_float_3_3
Parameters: 1 0.000457033 -0.000950892 -0.000456368 0.999999 0.000349587 0.000951211 -0.000349413 0.999999 -0.0374145 -0.0956855 0.0470791
FixedParameters: 0 0 0

#Transform 18
Transform: AffineTransform_float_3_3
Parameters: 1 -0.000242851 -0.000496557 0.000241906 0.999999 -0.000950761 0.000497018 0.000951239 1 0.00337336 -0.0127516 0.0212699
FixedParameters: 0 0 0

#Transform 19
Transform: AffineTransform_float_3_3
Parameters: 1 -0.000334273 0.000225847 0.000334594 0.999999 -0.000712924 -0.00022537 0.000713075 0.999999 0.0109187 -0.0287073 0.0625196
FixedParameters: 0 0 0

#Transform 20
Transform: AffineTransform_float_3_3
Parameters: 1 -5.34404e-05 0.000204142 5.35457e-05 1 -0.000257989 -0.000204115 0.000258011 1 0.00559231 -0.0506375 0.0269708
FixedParameters: 0 0 0

#Transform 21
Transform: AffineTransform_float_3_3
Parameters: 1 -2.14326e-05 9.27666e-05 2.14914e-05 1 -0.000316998 -9.2753e-05 0.000317002 1 0.00658447 0.00256095 -0.0160821
FixedParameters: 0 0 0

#Transform 22
Transform: AffineTransform_float_3_3
Parameters: 1 0.00015252 1.88574e-05 -0.000152507 1 -0.000356003 -1.89659e-05 0.000355997 1 0.00395997 -0.00699815 0.011241
FixedParameters: 0 0 0

#Transform 23
Transform: AffineTransform_float_3_3
Parameters: 1 0.000204983 -3.32639e-06 -0.000204982 1 0.000164001 3.39363e-06 -0.000163999 1 -0.00983133 -0.0675463 0.0304424
FixedParameters: 0 0 0

#Transform 24
Transform: AffineTransform_float_3_3
Parameters: 1 0.000350431 -6.50472e-05 -0.000350413 1 0.00013787 6.51435e-05 -0.00013713 1 0.00217786 -0.0577679 0.0273007
FixedParameters: 0 0 0

#Transform 25
Transform: AffineTransform_float_3_3
Parameters: 1 0.000350432 -6.50426e-05 -0.000350412 1 0.000151023 6.51484e-05 -0.000150977 1 -0.00174249 -0.00496486 0.0250834
FixedParameters: 0 0 0

#Transform 26
Transform: AffineTransform_float_3_3
Parameters: 1 0.000193178 -0.000435961 -0.000192737 1 0.000506084 0.000436156 -0.000505916 1 -0.020585 -0.047158 0.0312432
FixedParameters: 0 0 0

#Transform 27
Transform: AffineTransform_float_3_3
Parameters: 1 0.000193757 -0.000434956 -0.000193859 0.999999 0.000939083 0.000435711 -0.000938915 0.999999 -0.00884867 -0.0844285 0.0479284
FixedParameters: 0 0 0

#Transform 28
Transform: AffineTransform_float_3_3
Parameters: 1 0.00019364 -0.000435009 -0.000193056 1 0.000670084 0.000435268 -0.000669915 0.999999 -0.00813946 -0.0501307 0.0373955
FixedParameters: 0 0 0

#Transform 29
Transform: AffineTransform_float_3_3
Parameters: 1 0.000247841 -0.000307042 -0.000247478 1 0.000591076 0.000307335 -0.000590924 1 -0.0152388 0.00173209 0.0702269
FixedParameters: 0 0 0

#Transform 30
Transform: AffineTransform_float_3_3
Parameters: 1 0.000193848 -0.000434916 -0.000193768 1 0.00115009 0.000435752 -0.00114992 0.999999 -0.00875111 -0.0852574 0.0991299
FixedParameters: 0 0 0

#Transform 31
Transform: AffineTransform_float_3_3
Parameters: 1 0.000193988 -0.000434853 -0.000193627 0.999999 0.00147208 0.000435815 -0.00147192 0.999999 -0.00780825 -0.0505182 0.0436448
FixedParameters: 0 0 0

#Transform 32
Transform: AffineTransform_float_3_3
Parameters: 1 0.000273682 -0.000645955 -0.000274145 0.999999 0.000657177 0.000645785 -0.000656823 0.999999 -0.00417356 -0.0100113 0.029881
FixedParameters: 0 0 0

#Transform 33
Transform: AffineTransform_float_3_3
Parameters: 1 0.000193573 -0.000435038 -0.000193123 1 0.000518084 0.000435238 -0.000517916 1 -0.020531 0.00830326 0.00487904
FixedParameters: 0 0 0

#Transform 34
Transform: AffineTransform_float_3_3
Parameters: 1 0.000424126 -0.000532302 -0.000422822 0.999999 0.00122423 0.000533339 -0.00122377 0.999999 -0.0171112 -0.0389455 -0.005177
FixedParameters: 0 0 0

#Transform 35
Transform: AffineTransform_float_3_3
Parameters: 0.999999 0.000476622 -0.00055451 -0.000475263 0.999999 0.00122426 0.000555675 -0.00122374 0.999999 -0.0134928 -0.0676033 0.0070367
FixedParameters: 0 0 0

#Transform 36
Transform: AffineTransform_float_3_3
Parameters: 1 0.000403865 -0.000523731 -0.000402581 0.999999 0.00122421 0.000524718 -0.00122379 0.999999 -0.0112259 -0.0495116 -0.000661574
FixedParameters: 0 0 0

#Transform 37
Transform: AffineTransform_float_3_3
Parameters: 0.999999 0.000551222 -0.000586068 -0.000551097 0.999999 0.00122448 0.000586888 -0.00122452 1 -0.0150763 -0.0330357 -0.00543629
FixedParameters: 0 0 0

#Transform 38
Transform: AffineTransform_float_3_3
Parameters: 0.999999 0.000462807 -0.000548666 -0.000462383 0.999999 0.00122425 0.000550189 -0.00122375 0.999999 -0.0164329 -0.0472054 0.0284154
FixedParameters: 0 0 0

#Transform 39
Transform: AffineTransform_float_3_3
Parameters: 0.999999 0.000695025 -0.000646705 -0.00069357 0.999998 0.00142645 0.000647765 -0.00142555 0.999999 -0.0130413 -0.0936446 0.0887969
FixedParameters: 0 0 0

#Transform 40
Transform: AffineTransform_float_3_3
Parameters: 0.999999 0.000840254 -0.00115917 -0.000837623 0.999998 0.00186777 0.00116086 -0.00186723 0.999998 -0.00312307 -0.0644519 0.0708351
FixedParameters: 0 0 0

#Transform 41
Transform: AffineTransform_float_3_3
Parameters: 0.999999 0.000839881 -0.00115944 -0.000837995 0.999998 0.00154677 0.00116059 -0.00154623 0.999998 -0.0283373 -0.0123858 0.0534533
FixedParameters: 0 0 0

#Transform 42
Transform: AffineTransform_float_3_3
Parameters: 0.999999 0.000839646 -0.00115961 -0.000838231 0.999999 0.00134377 0.00116042 -0.00134323 0.999998 -0.0268696 -0.035546 0.0542624
FixedParameters: 0 0 0

#Transform 43
Transform: AffineTransform_float_3_3
Parameters: 1 0.000423638 -0.00111698 -0.000421323 0.999999 0.00162263 0.00111783 -0.00162238 0.999998 -0.0353481 -0.0675339 0.0593759
FixedParameters: 0 0 0

#Transform 44
Transform: AffineTransform_float_3_3
Parameters: 1 0.000468762 -0.00100251 -0.000466796 0.999999 0.00163362 0.00100351 -0.00163338 0.999999 -0.025912 -0.0380132 0.0322637
FixedParameters: 0 0 0

#Transform 45
Transform: AffineTransform_float_3_3
Parameters: 1 0.000448369 -0.000994005 -0.000446686 0.999998 0.0015056 0.000994823 -0.0015054 0.999998 -0.026261 0.0239416 -0.0040506
FixedParameters: 0 0 0

#Transform 46
Transform: AffineTransform_float_3_3
Parameters: 1 0.000448202 -0.00099408 -0.000446854 0.999999 0.00133744 0.000994747 -0.00133655 0.999998 -0.0262834 -0.00798455 0.00320443
FixedParameters: 0 0 0

#Transform 47
Transform: AffineTransform_float_3_3
Parameters: 1 0.000478941 -0.000922775 -0.00047668 0.999998 0.0021466 0.000923376 -0.00214641 0.999998 -0.0217883 -0.0739788 0.0187429
FixedParameters: 0 0 0

#Transform 48
Transform: AffineTransform_float_3_3
Parameters: 1 0.000447939 -0.000994199 -0.000447117 1 0.00107345 0.00099463 -0.00107256 0.999999 -0.016603 -0.00440026 0.0546517
FixedParameters: 0 0 0

#Transform 49
Transform: AffineTransform_float_3_3
Parameters: 1 0.000448101 -0.000994127 -0.000446955 0.999999 0.0012356 0.000994703 -0.0012354 0.999999 -0.0118408 -0.0618942 0.102031
FixedParameters: 0 0 0

#Transform 50
Transform: AffineTransform_float_3_3
Parameters: 1 0.000446738 -0.000999218 -0.000444941 0.999998 0.0022106 0.00100013 -0.0022104 0.999997 -0.0064442 -0.0695054 0.115168
FixedParameters: 0 0 0

#Transform 51
Transform: AffineTransform_float_3_3
Parameters: 0.999999 0.000368585 -0.00118442 -0.00036602 0.999998 0.00218959 0.00118497 -0.00218941 0.999997 0.0117549 -0.0224593 0.099602
FixedParameters: 0 0 0

#Transform 52
Transform: AffineTransform_float_3_3
Parameters: 0.999999 0.000209631 -0.000871988 -0.000207802 0.999997 0.00232734 0.00087282 -0.00232767 0.999997 0.00808077 0.0364383 0.142288
FixedParameters: 0 0 0

#Transform 53
Transform: AffineTransform_float_3_3
Parameters: 0.999999 -0.000172804 -0.00132038 0.000176644 0.999996 0.00299677 0.00131997 -0.00299723 0.999994 0.0276437 -0.0862798 0.189808
FixedParameters: 0 0 0

#Transform 54
Transform: AffineTransform_float_3_3
Parameters: 1 -0.000525204 -0.000334097 0.000526092 0.999997 0.00212582 0.000333173 -0.00212617 0.999997 0.0441091 -0.0566145 0.176659
FixedParameters: 0 0 0

#Transform 55
Transform: AffineTransform_float_3_3
Parameters: 1 -0.000408983 -0.000540621 0.000410044 0.999997 0.00268678 0.000539201 -0.00268722 0.999996 0.0441608 -0.0332851 0.159167
FixedParameters: 0 0 0

#Transform 56
Transform: AffineTransform_float_3_3
Parameters: 0.999999 -0.000322837 -0.000930678 0.000324755 0.999997 0.00251506 0.000930221 -0.00251494 0.999997 0.0426698 0.00281854 0.140798
FixedParameters: 0 0 0

#Transform 57
Transform: AffineTransform_float_3_3
Parameters: 1 -0.0002277 -0.0010544 0.000230215 0.999998 0.00225176 0.00105323 -0.00225224 0.999997 0.0429754 0.0186874 0.142343
FixedParameters: 0 0 0

#Transform 58
Transform: AffineTransform_float_3_3
Parameters: 1 -0.000226987 -0.00105455 0.000230006 0.999995 0.00292727 0.00105347 -0.00292773 0.999996 0.0456349 -0.0428509 0.140175
FixedParameters: 0 0 0

#Transform 59
Transform: AffineTransform_float_3_3
Parameters: 0.999999 -0.000188572 -0.000963308 0.000191057 0.999995 0.00292733 0.000962448 -0.00292767 0.999996 0.0443258 -0.0392913 0.095562
FixedParameters: 0 0 0

#Transform 60
Transform: AffineTransform_float_3_3
Parameters: 1 -2.83137e-05 -0.000582668 2.9886e-05 0.999995 0.00292713 0.000583279 -0.00292786 0.999995 0.0393036 0.00175878 0.0723837
FixedParameters: 0 0 0

#Transform 61
Transform: AffineTransform_float_3_3
Parameters: 0.999999 -0.000410085 -0.000784272 0.000411716 0.999997 0.00221504 0.000783233 -0.00221496 0.999997 0.0395796 0.0378485 0.0496803
FixedParameters: 0 0 0

#Transform 62
Transform: AffineTransform_float_3_3
Parameters: 1 -0.000429888 -0.000969122 0.000432521 0.999996 0.00278458 0.000967892 -0.00278542 0.999995 0.0502946 -0.0250698 0.0595631
FixedParameters: 0 0 0

#Transform 63
Transform: AffineTransform_float_3_3
Parameters: 1 -0.000192247 -0.000972565 0.000195197 0.999995 0.00313881 0.0009716 -0.00313919 0.999994 0.0446295 -0.0380853 0.041664
FixedParameters: 0 0 0

#Transform 64
Transform: AffineTransform_float_3_3
Parameters: 0.999999 -0.000368486 -0.000892984 0.000371676 0.999996 0.00281867 0.000891679 -0.00281933 0.999995 0.0417519 0.00872271 0.000294238
FixedParameters: 0 0 0

#Transform 65
Transform: AffineTransform_float_3_3
Parameters: 1 -0.000227502 -0.00105444 0.000229493 0.999997 0.00244012 0.00105358 -0.00243988 0.999997 0.0457494 0.00207434 0.0198435
FixedParameters: 0 0 0

#Transform 66
Transform: AffineTransform_float_3_3
Parameters: 1 -0.000460802 -0.000956127 0.0004642 0.999995 0.00322392 0.000954317 -0.00322408 0.999995 0.0549409 -0.0565417 0.0352217
FixedParameters: 0 0 0

#Transform 67
Transform: AffineTransform_float_3_3
Parameters: 1 0.00017599 -0.000644552 -0.000173687 0.999994 0.00351511 0.000645642 -0.00351489 0.999993 0.0191746 -0.0270404 0.0346491
FixedParameters: 0 0 0

#Transform 68
Transform: AffineTransform_float_3_3
Parameters: 1 7.29653e-05 -0.00053303 -7.14924e-05 0.999995 0.00310504 0.00053426 -0.00310496 0.999995 0.0236763 0.0114374 0.0142447
FixedParameters: 0 0 0

#Transform 69
Transform: AffineTransform_float_3_3
Parameters: 0.999999 -0.000175344 -0.000931978 0.000177715 0.999995 0.00296435 0.000931183 -0.00296465 0.999996 0.029684 0.0483629 0.0385453
FixedParameters: 0 0 0

#Transform 70
Transform: AffineTransform_float_3_3
Parameters: 0.999999 -0.000103126 -0.000760556 0.000105896 0.999996 0.00303092 0.000760704 -0.00303108 0.999995 0.0260692 -0.0331966 0.0754648
FixedParameters: 0 0 0

#Transform 71
Transform: AffineTransform_float_3_3
Parameters: 0.999999 -0.000118153 -0.000796517 0.000120952 0.999995 0.0031599 0.000795622 -0.00316009 0.999994 0.0104039 -0.00989451 0.0847728
FixedParameters: 0 0 0

#Transform 72
Transform: AffineTransform_float_3_3
Parameters: 0.999999 -3.2217e-05 -0.000779649 3.42031e-05 0.999996 0.00270513 0.00077933 -0.00270587 0.999996 0.0160973 0.0701612 0.0683402
FixedParameters: 0 0 0

#Transform 73
Transform: AffineTransform_float_3_3
Parameters: 0.999999 -0.000104689 -0.001233 0.000108281 0.999996 0.00289523 0.00123172 -0.00289477 0.999995 0.0178702 0.0621032 0.0722116
FixedParameters: 0 0 0

#Transform 74
Transform: AffineTransform_float_3_3
Parameters: 0.999999 -0.000207392 -0.00136534 0.000211732 0.999994 0.00341823 0.00136494 -0.00341878 0.999994 0.0192786 -0.0238593 0.164834
FixedParameters: 0 0 0

#Transform 75
Transform: AffineTransform_float_3_3
Parameters: 0.999999 2.03528e-05 -0.000968528 -1.65622e-05 0.999993 0.00358353 0.000968912 -0.00358347 0.999993 0.00848458 -0.0451183 0.153098
FixedParameters: 0 0 0

#Transform 76
Transform: AffineTransform_float_3_3
Parameters: 1 7.9925e-05 -0.000977148 -7.58846e-05 0.999993 0.00388023 0.000977084 -0.00388077 0.999992 0.0101832 -0.00840345 0.10346
FixedParameters: 0 0 0

#Transform 77
Transform: AffineTransform_float_3_3
Parameters: 0.999999 -0.000317213 -0.00127138 0.000321584 0.999993 0.00368411 0.00127006 -0.0036849 0.999993 0.0240493 0.013777 0.0544649
FixedParameters: 0 0 0

#Transform 78
Transform: AffineTransform_float_3_3
Parameters: 0.999999 -0.000316711 -0.0012715 0.000322087 0.999991 0.00407995 0.00126993 -0.00408004 0.999991 0.0269371 0.0436697 0.0289133
FixedParameters: 0 0 0

#Transform 79
Transform: AffineTransform_float_3_3
Parameters: 1 -0.000261308 -0.000998759 0.000264485 0.999994 0.00363174 0.000997491 -0.00363226 0.999993 0.0294807 0.0635865 0.0351167
FixedParameters: 0 0 0

#Transform 80
Transform: AffineTransform_float_3_3
Parameters: 0.999999 -0.000122799 -0.00080856 0.000125545 0.999994 0.0036489 0.000807905 -0.0036491 0.999993 0.0292473 0.0424469 0.0433185
FixedParameters: 0 0 0

#Transform 81
Transform: AffineTransform_float_3_3
Parameters: 1 -0.000281397 -0.0011866 0.000285902 0.999992 0.00383802 0.00118638 -0.00383798 0.999992 0.0266143 -0.0015434 0.0455916
FixedParameters: 0 0 0

#Transform 82
Transform: AffineTransform_float_3_3
Parameters: 0.999999 -8.10759e-05 -0.000708979 8.41836e-05 0.999993 0.00348909 0.000709184 -0.0034899 0.999994 0.033913 0.0155476 0.0185647
FixedParameters: 0 0 0

#Transform 83
Transform: AffineTransform_float_3_3
Parameters: 1 -1.55272e-05 -0.000553186 1.72731e-05 0.999993 0.00359635 0.000552929 -0.00359565 0.999994 0.0341251 0.0562759 -0.00105652
FixedParameters: 0 0 0

#Transform 84
Transform: AffineTransform_float_3_3
Parameters: 1 -1.57787e-05 -0.000553179 1.70213e-05 0.999995 0.00314099 0.000552937 -0.00314101 0.999995 0.0431487 0.0703516 -0.0260035
FixedParameters: 0 0 0

#Transform 85
Transform: AffineTransform_float_3_3
Parameters: 1 5.46729e-05 -0.00038631 -5.30517e-05 0.999993 0.00379602 0.00038619 -0.00379598 0.999992 0.0399143 0.0144992 -0.0623211
FixedParameters: 0 0 0

#Transform 86
Transform: AffineTransform_float_3_3
Parameters: 1 -1.54103e-05 -0.000553189 1.73896e-05 0.999993 0.00380699 0.000552925 -0.00380701 0.999992 0.0386366 0.0405197 -0.0882249
FixedParameters: 0 0 0

#Transform 87
Transform: AffineTransform_float_3_3
Parameters: 1 -1.54131e-05 -0.000553189 1.73868e-05 0.999993 0.00380199 0.000552925 -0.00380201 0.999992 0.0462474 0.0319937 -0.102036
FixedParameters: 0 0 0

#Transform 88
Transform: AffineTransform_float_3_3
Parameters: 1 -5.2634e-06 -3.57533e-05 4.59951e-06 0.999993 0.003571 3.61088e-05 -0.003571 0.999993 0.0333506 0.102961 -0.12269
FixedParameters: 0 0 0

#Transform 89
Transform: AffineTransform_float_3_3
Parameters: 1 0.000186337 -7.28257e-05 -0.000186164 0.999992 0.00385601 7.33415e-05 -0.00385598 0.999992 0.0362466 0.0374878 -0.0917303
FixedParameters: 0 0 0

#Transform 90
Transform: AffineTransform_float_3_3
Parameters: 1 0.000136048 -0.000192655 -0.000135782 0.999991 0.00408602 0.000193236 -0.00408597 0.999991 0.0347817 0.00810632 -0.0973942
FixedParameters: 0 0 0

#Transform 91
Transform: AffineTransform_float_3_3
Parameters: 1 0.000225832 2.11849e-05 -0.000226377 0.999993 0.003706 -2.04295e-05 -0.00370601 0.999993 0.0346452 0.0794234 -0.155101
FixedParameters: 0 0 0

#Transform 92
Transform: AffineTransform_float_3_3
Parameters: 1 -0.000621401 0.000186137 0.000620751 0.999992 0.00381596 -0.000189035 -0.00381503 0.999992 0.0407647 0.0888511 -0.12686
FixedParameters: 0 0 0

#Transform 93
Transform: AffineTransform_float_3_3
Parameters: 0.999999 -0.000629706 -0.000444028 0.000631583 0.999991 0.00435572 0.000441547 -0.00435628 0.999991 0.0370683 0.0104115 -0.0749602
FixedParameters: 0 0 0

#Transform 94
Transform: AffineTransform_float_3_3
Parameters: 1 -0.000450102 -0.000519242 0.000452718 0.999992 0.00392177 0.000517404 -0.00392224 0.999992 0.0397713 0.0336928 -0.0942423
FixedParameters: 0 0 0

#Transform 95
Transform: AffineTransform_float_3_3
Parameters: 1 -0.000450004 -0.000519328 0.000452815 0.999991 0.00411112 0.000517318 -0.00411087 0.999992 0.0397691 0.0397548 -0.0876762
FixedParameters: 0 0 0

#Transform 96
Transform: AffineTransform_float_3_3
Parameters: 1 -0.000496528 -0.000259871 0.000496854 0.999994 0.00342887 0.000258167 -0.00342913 0.999994 0.0418874 0.107532 -0.077793
FixedParameters: 0 0 0

#Transform 97
Transform: AffineTransform_float_3_3
Parameters: 1 -0.00037684 -0.000345085 0.00037789 0.999991 0.00420287 0.000342694 -0.00420313 0.999991 0.0544158 0.000657989 -0.0539337
FixedParameters: 0 0 0

#Transform 98
Transform: AffineTransform_float_3_3
Parameters: 1 -0.000554006 -0.000307807 0.000555778 0.999989 0.00461783 0.000305304 -0.00461817 0.99999 0.0559263 0.0387204 -0.0941629
FixedParameters: 0 0 0

#Transform 99
Transform: AffineTransform_float_3_3
Parameters: 1 -0.000477588 -0.000137923 0.000478561 0.999991 0.00405593 0.000136276 -0.00405606 0.999992 0.0526052 0.0677799 -0.115655
FixedParameters: 0 0 0

#Transform 100
Transform: AffineTransform_float_3_3
Parameters: 1 -0.000520159 -0.00011786 0.000520954 0.999992 0.00399794 0.000115929 -0.00399806 0.999992 0.0552193 0.0236326 -0.0559328
FixedParameters: 0 0 0

#Transform 101
Transform: AffineTransform_float_3_3
Parameters: 1 -0.000591904 -0.000217105 0.00059283 0.99999 0.00460172 0.000214276 -0.00460128 0.999989 0.0509429 -0.00208066 -0.0490981
FixedParameters: 0 0 0

#Transform 102
Transform: AffineTransform_float_3_3
Parameters: 0.999999 -0.00068864 -0.000251443 0.000689929 0.999989 0.00470767 0.000247576 -0.00470732 0.999988 0.0508199 0.0289817 -0.0639533
FixedParameters: 0 0 0

#Transform 103
Transform: AffineTransform_float_3_3
Parameters: 1 -0.000652959 -0.0002658 0.000653814 0.999993 0.00361683 0.000263696 -0.00361718 0.999994 0.033836 0.0983418 -0.0525928
FixedParameters: 0 0 0

#Transform 104
Transform: AffineTransform_float_3_3
Parameters: 1 -0.000390035 -0.000376395 0.000391659 0.999991 0.00409321 0.000374897 -0.00409279 0.999992 0.0490672 0.0252402 -0.0151792
FixedParameters: 0 0 0

#Transform 105
Transform: AffineTransform_float_3_3
Parameters: 1 -0.000390166 -0.000376258 0.000391529 0.999993 0.0037437 0.000375034 -0.0037433 0.999992 0.0378128 0.0287684 0.0194746
FixedParameters: 0 0 0

#Transform 106
Transform: AffineTransform_float_3_3
Parameters: 1 -0.000390356 -0.000376061 0.000392258 0.999994 0.00323785 0.000374838 -0.00323814 0.999994 0.0467536 0.00923802 0.0699514
FixedParameters: 0 0 0

#Transform 107
Transform: AffineTransform_float_3_3
Parameters: 1 -0.000390067 -0.000376361 0.000391628 0.999992 0.00400785 0.00037493 -0.00400815 0.999992 0.037802 -0.00388688 0.0637605
FixedParameters: 0 0 0

#Transform 108
Transform: AffineTransform_float_3_3
Parameters: 1 -0.000351123 -0.000283051 0.000352564 0.999994 0.0034889 0.000281907 -0.0034891 0.999994 0.0365559 0.0749179 0.0278443
FixedParameters: 0 0 0

#Transform 109
Transform: AffineTransform_float_3_3
Parameters: 1 -0.000343049 -0.000263608 0.000344227 0.999994 0.00324591 0.000262689 -0.00324609 0.999994 0.0331661 0.0560064 0.00863951
FixedParameters: 0 0 0

#Transform 110
Transform: AffineTransform_float_3_3
Parameters: 1 -0.000390395 -0.00037602 0.000392219 0.999995 0.00313385 0.000374879 -0.00313415 0.999995 0.0271933 0.109748 -0.0395714
FixedParameters: 0 0 0

#Transform 111
Transform: AffineTransform_float_3_3
Parameters: 1 -0.000230921 -0.000443126 0.000231887 0.999995 0.0031699 0.00044244 -0.0031701 0.999995 0.0354891 0.0162862 0.0556031
FixedParameters: 0 0 0

#Transform 112
Transform: AffineTransform_float_3_3
Parameters: 1 -0.000389855 -0.000376581 0.000391839 0.999989 0.00457121 0.00037471 -0.00457079 0.99999 0.0378276 -0.0176106 0.0419608
FixedParameters: 0 0 0

#Transform 113
Transform: AffineTransform_float_3_3
Parameters: 1 -0.00038995 -0.000376482 0.000391744 0.99999 0.00431785 0.000374809 -0.00431814 0.99999 0.0378002 0.0733193 0.00668421
FixedParameters: 0 0 0

#Transform 114
Transform: AffineTransform_float_3_3
Parameters: 1 -0.000270078 -9.05403e-05 0.000269889 0.999991 0.00407697 8.87296e-05 -0.00407702 0.999991 0.0339589 0.0609128 0.0148022
FixedParameters: 0 0 0

#Transform 115
Transform: AffineTransform_float_3_3
Parameters: 1 -0.00039015 -0.000376275 0.000391545 0.999993 0.00378685 0.000375017 -0.00378715 0.999993 0.0378052 0.0287497 0.03977
FixedParameters: 0 0 0

#Transform 116
Transform: AffineTransform_float_3_3
Parameters: 1 -0.000430999 -0.000474185 0.000433529 0.999991 0.0042058 0.000472251 -0.0042062 0.999991 0.0391287 -0.0126848 0.0377547
FixedParameters: 0 0 0

#Transform 117
Transform: AffineTransform_float_3_3
Parameters: 1 -0.00057537 -0.000332256 0.00057705 0.999992 0.00413581 0.000330112 -0.00413619 0.999992 0.0443052 0.0642091 0.0159922
FixedParameters: 0 0 0

#Transform 118
Transform: AffineTransform_float_3_3
Parameters: 1 -0.000401727 -0.000405281 0.000404191 0.999988 0.00484184 0.00040308 -0.00484216 0.999988 0.0545668 0.0280258 0.0207641
FixedParameters: 0 0 0

#Transform 119
Transform: AffineTransform_float_3_3
Parameters: 1 -0.00041073 -0.000427675 0.000413023 0.999985 0.00546867 0.000425263 -0.00546833 0.999985 0.0529298 0.00477052 0.0211536
FixedParameters: 0 0 0

#Transform 120
Transform: AffineTransform_float_3_3
Parameters: 1 -0.000641733 -0.000261496 0.000642356 0.999987 0.00500984 0.000258076 -0.00501017 0.999988 0.0520782 0.0588252 -0.0197397
FixedParameters: 0 0 0

#Transform 121
Transform: AffineTransform_float_3_3
Parameters: 0.999999 -0.000753162 -0.000412984 0.000754938 0.99999 0.00456869 0.000409106 -0.00456931 0.99999 0.0519727 0.0396147 -0.0041359
FixedParameters: 0 0 0

#Transform 122
Transform: AffineTransform_float_3_3
Parameters: 0.999999 -0.000464095 -0.000554881 0.0004675 0.999987 0.00521759 0.000552113 -0.00521741 0.999986 0.0565018 0.00465169 0.0103402
FixedParameters: 0 0 0

#Transform 123
Transform: AffineTransform_float_3_3
Parameters: 0.999999 -0.00078468 -0.000235301 0.000786369 0.999987 0.00505766 0.000230899 -0.00505734 0.999987 0.050223 0.0140094 -0.00229721
FixedParameters: 0 0 0

#Transform 124
Transform: AffineTransform_float_3_3
Parameters: 0.999999 -0.000802739 -0.000321737 0.000804606 0.99999 0.00458159 0.000316996 -0.00458141 0.99999 0.0524032 0.0760036 0.0165576
FixedParameters: 0 0 0

#Transform 125
Transform: AffineTransform_float_3_3
Parameters: 0.999999 -0.000773744 -0.000252588 0.000775387 0.99999 0.00460965 0.00024899 -0.00460935 0.999989 0.0503959 0.0134004 0.0594902
FixedParameters: 0 0 0

#Transform 126
Transform: AffineTransform_float_3_3
Parameters: 0.999999 -0.00082448 -0.000373172 0.000826627 0.999991 0.0043227 0.000368657 -0.00432331 0.999991 0.0470403 0.0418938 0.12266
FixedParameters: 0 0 0

#Transform 127
Transform: AffineTransform_float_3_3
Parameters: 1 -0.000674817 -1.59131e-05 0.000674788 0.999993 0.00376984 1.30575e-05 -0.00376916 0.999992 0.0453865 0.0475749 0.136677
FixedParameters: 0 0 0

#Transform 128
Transform: AffineTransform_float_3_3
Parameters: 1 -0.00058935 -1.38339e-05 0.000590225 0.999993 0.00374199 1.12609e-05 -0.00374201 0.999993 0.0501435 0.0722281 0.0892571
FixedParameters: 0 0 0

#Transform 129
Transform: AffineTransform_float_3_3
Parameters: 1 -0.000639993 -0.000161272 0.000640852 0.999989 0.0047749 0.000158699 -0.00477511 0.999989 0.0487303 0.0457468 0.0911362
FixedParameters: 0 0 0

#Transform 130
Transform: AffineTransform_float_3_3
Parameters: 0.999999 -0.000721186 -0.000127132 0.000722586 0.99999 0.00457691 0.000123676 -0.00457709 0.99999 0.0485779 0.0351794 0.0596075
FixedParameters: 0 0 0

#Transform 131
Transform: AffineTransform_float_3_3
Parameters: 0.999999 -0.000978515 -1.86779e-05 0.000978371 0.999992 0.00394683 1.54185e-05 -0.00394617 0.999992 0.0529125 0.108229 0.029298
FixedParameters: 0 0 0

#Transform 132
Transform: AffineTransform_float_3_3
Parameters: 0.999999 -0.000863371 -0.00046499 0.000864965 0.999993 0.00385845 0.000461334 -0.00385856 0.999993 0.0525065 0.0281605 0.091779
FixedParameters: 0 0 0

#Transform 133
Transform: AffineTransform_float_3_3
Parameters: 0.999999 -0.000999958 -0.00079198 0.00100357 0.99999 0.00445742 0.000787764 -0.00445759 0.99999 0.0569963 0.0219932 0.096073
FixedParameters: 0 0 0

#Transform 134
Transform: AffineTransform_float_3_3
Parameters: 0.999999 -0.00129218 -0.000594998 0.0012952 0.999988 0.00478608 0.000589169 -0.00478692 0.999988 0.0513557 0.0154159 0.0885699
FixedParameters: 0 0 0

#Transform 135
Transform: AffineTransform_float_3_3
Parameters: 0.999999 -0.00141411 -0.000618228 0.00141681 0.999989 0.00434598 0.000612479 -0.00434702 0.99999 0.0534089 0.0653541 0.062357
FixedParameters: 0 0 0

#Transform 136
Transform: AffineTransform_float_3_3
Parameters: 0.999999 -0.00122704 -0.000511521 0.00123 0.999989 0.00461322 0.000506351 -0.00461378 0.999989 0.0504606 0.0376954 0.0857356
FixedParameters: 0 0 0

#Transform 137
Transform: AffineTransform_float_3_3
Parameters: 1 -0.0011521 -0.000336417 0.00115384 0.999986 0.00519262 0.000330607 -0.00519339 0.999987 0.0615598 0.00271954 0.065165
FixedParameters: 0 0 0

#Transform 138
Transform: AffineTransform_float_3_3
Parameters: 0.999999 -0.0012919 -0.000670194 0.001296 0.999986 0.00505698 0.000663662 -0.00505801 0.999987 0.0584219 0.0508193 0.0586725
FixedParameters: 0 0 0

#Transform 139
Transform: AffineTransform_float_3_3
Parameters: 0.999999 -0.00132249 -0.000742922 0.00132624 0.999988 0.00494572 0.000736768 -0.00494629 0.999987 0.0534918 0.0591867 0.0569433
FixedParameters: 0 0 0

#Transform 140
Transform: AffineTransform_float_3_3
Parameters: 0.999999 -0.0012351 -0.000374479 0.00123734 0.999985 0.00534039 0.000367441 -0.00534061 0.999986 0.0481074 0.00946243 0.042552
FixedParameters: 0 0 0

#Transform 141
Transform: AffineTransform_float_3_3
Parameters: 1 -0.00103322 -5.25309e-05 0.00103387 0.999985 0.0054358 4.66791e-05 -0.0054352 0.999985 0.0443013 0.0230627 0.0242552
FixedParameters: 0 0 0

#Transform 142
Transform: AffineTransform_float_3_3
Parameters: 1 -0.00103093 -4.63261e-05 0.00103147 0.999988 0.0047868 4.18384e-05 -0.0047862 0.999989 0.0442194 0.0694885 0.0141952
FixedParameters: 0 0 0

#Transform 143
Transform: AffineTransform_float_3_3
Parameters: 1 -0.000931023 -0.000439479 0.000932741 0.999988 0.00483459 0.000434792 -0.00483541 0.999988 0.0517624 0.00674784 0.0602789
FixedParameters: 0 0 0

#Transform 144
Transform: AffineTransform_float_3_3
Parameters: 0.999999 -0.000834704 -0.000387234 0.000837976 0.999983 0.00580868 0.000382371 -0.00580932 0.999983 0.0515164 -0.0211909 0.0586755
FixedParameters: 0 0 0

#Transform 145
Transform: AffineTransform_float_3_3
Parameters: 0.999999 -0.000729385 -0.000291889 0.000731498 0.999988 0.00479379 0.000288428 -0.00479422 0.999989 0.0507876 0.050902 0.0285523
FixedParameters: 0 0 0

#Transform 146
Transform: AffineTransform_float_3_3
Parameters: 0.999999 -0.00109545 -0.000752376 0.00109901 0.999987 0.00501002 0.000747407 -0.00501098 0.999987 0.0556928 0.0669874 0.02884
FixedParameters: 0 0 0

#Transform 147
Transform: AffineTransform_float_3_3
Parameters: 0.999999 -0.000951549 -0.00082358 0.000955775 0.999986 0.00522206 0.000818725 -0.00522294 0.999986 0.0580106 -0.00486899 0.0678935
FixedParameters: 0 0 0

#Transform 148
Transform: AffineTransform_float_3_3
Parameters: 0.999999 -0.00140123 -0.000435379 0.00140379 0.999984 0.00558709 0.000427184 -0.00558691 0.999984 0.0640937 0.0252101 0.0132517
FixedParameters: 0 0 0

#Transform 149
Transform: AffineTransform_float_3_3
Parameters: 0.999999 -0.0011962 -0.00054189 0.00119892 0.999982 0.00583456 0.000534863 -0.00583444 0.999983 0.0514152 -0.013982 0.0264005
FixedParameters: 0 0 0

#Transform 150
Transform: AffineTransform_float_3_3
Parameters: 0.999999 -0.00112551 -0.000568923 0.00112774 0.999984 0.00547221 0.000562619 -0.00547279 0.999984 0.0523587 0.0562213 0.0230721
FixedParameters: 0 0 0

#Transform 151
Transform: AffineTransform_float_3_3
Parameters: 0.999999 -0.00101626 -0.000697664 0.0010197 0.999987 0.0049395 0.000692322 -0.0049395 0.999988 0.0553716 0.0666102 0.0315638
FixedParameters: 0 0 0

#Transform 152
Transform: AffineTransform_float_3_3
Parameters: 0.999999 -0.000633841 -0.000492818 0.000636696 0.999982 0.00586268 0.000488773 -0.00586331 0.999982 0.0549704 -0.0282143 0.0865088
FixedParameters: 0 0 0

#Transform 153
Transform: AffineTransform_float_3_3
Parameters: 1 -0.00107442 -0.00049409 0.00107745 0.999982 0.00578647 0.000488193 -0.00578753 0.999983 0.05158 0.0139456 0.0334935
FixedParameters: 0 0 0

#Transform 154
Transform: AffineTransform_float_3_3
Parameters: 1 -0.00109633 -0.000545097 0.00109891 0.999986 0.00517825 0.000539364 -0.00517875 0.999987 0.0522015 0.0983935 -0.00690511
FixedParameters: 0 0 0

#Transform 155
Transform: AffineTransform_float_3_3
Parameters: 0.999999 -0.00122364 -0.0003538 0.0012253 0.999987 0.00483557 0.000348122 -0.00483643 0.999988 0.050172 0.101372 -0.0139465
FixedParameters: 0 0 0

#Transform 156
Transform: AffineTransform_float_3_3
Parameters: 0.999998 -0.00156704 -0.000526819 0.00156942 0.999982 0.00583103 0.000517707 -0.00583198 0.999983 0.0522532 0.0138775 0.0120895
FixedParameters: 0 0 0

#Transform 157
Transform: AffineTransform_float_3_3
Parameters: 0.999999 -0.00152598 -0.000332865 0.00152805 0.999981 0.00599099 0.000322963 -0.00599201 0.999982 0.066212 0.0267306 -0.0310014
FixedParameters: 0 0 0

#Transform 158
Transform: AffineTransform_float_3_3
Parameters: 0.999999 -0.00146856 -0.000163394 0.00146939 0.999984 0.00559326 0.000154967 -0.00559375 0.999984 0.0605315 0.109025 -0.0417131
FixedParameters: 0 0 0

#Transform 159
Transform: AffineTransform_float_3_3
Parameters: 0.999999 -0.00131195 -1.36305e-05 0.00131255 0.999986 0.00512147 6.49353e-06 -0.00512152 0.999987 0.0583645 0.0737731 -0.0274428
FixedParameters: 0 0 0

#Transform 160
Transform: AffineTransform_float_3_3
Parameters: 0.999999 -0.00143396 3.39355e-05 0.00143353 0.999985 0.00528469 -4.14746e-05 -0.00528531 0.999986 0.0568817 0.030123 0.00222736
FixedParameters: 0 0 0

#Transform 161
Transform: AffineTransform_float_3_3
Parameters: 0.999999 -0.00142879 -4.32204e-05 0.00142871 0.99998 0.00619643 3.44407e-05 -0.00619657 0.99998 0.0606303 0.0281608 -0.0270285
FixedParameters: 0 0 0

#Transform 162
Transform: AffineTransform_float_3_3
Parameters: 0.999999 -0.00150867 0.000103588 0.00150912 0.999982 0.0056838 -0.000111675 -0.0056842 0.999984 0.0612405 0.0970624 -0.0568613
FixedParameters: 0 0 0

#Transform 163
Transform: AffineTransform_float_3_3
Parameters: 0.999999 -0.00149214 0.000330134 0.0014898 0.999984 0.00541114 -0.000338124 -0.00541086 0.999986 0.0663573 0.0776939 -0.0401424
FixedParameters: 0 0 0

#Transform 164
Transform: AffineTransform_float_3_3
Parameters: 0.999999 -0.00140537 -0.000267414 0.00140672 0.99998 0.00610748 0.000258636 -0.00610752 0.999981 0.0775173 0.0126649 -0.0251129
FixedParameters: 0 0 0

#Transform 165
Transform: AffineTransform_float_3_3
Parameters: 0.999999 -0.00149095 0.000288272 0.00148939 0.999979 0.00619407 -0.000296746 -0.00619392 0.999981 0.0702787 0.0541572 -0.051919
FixedParameters: 0 0 0

#Transform 166
Transform: AffineTransform_float_3_3
Parameters: 0.999999 -0.00153658 0.000180085 0.00153558 0.999986 0.00512777 -0.000188612 -0.00512723 0.999986 0.0692108 0.132554 -0.0662584
FixedParameters: 0 0 0

#Transform 167
Transform: AffineTransform_float_3_3
Parameters: 0.999998 -0.00161834 0.000271521 0.00161676 0.999982 0.00588457 -0.000281492 -0.00588442 0.999982 0.0697598 0.0535567 -0.0440485
FixedParameters: 0 0 0

#Transform 168
Transform: AffineTransform_float_3_3
Parameters: 0.999999 -0.00154049 0.00030956 0.00153848 0.999978 0.00647112 -0.000319497 -0.00647087 0.999979 0.068386 0.0596005 -0.0645695
FixedParameters: 0 0 0

#Transform 169
Transform: AffineTransform_float_3_3
Parameters: 0.999998 -0.0015754 0.000368898 0.0015737 0.999979 0.00626023 -0.000379016 -0.00625977 0.999981 0.0711056 0.0827475 -0.0919621
FixedParameters: 0 0 0

#Transform 170
Transform: AffineTransform_float_3_3
Parameters: 0.999998 -0.00164262 0.000366724 0.00164014 0.999983 0.0055851 -0.000375991 -0.0055839 0.999984 0.0779204 0.123844 -0.0993255
FixedParameters: 0 0 0

#Transform 171
Transform: AffineTransform_float_3_3
Parameters: 0.999998 -0.00167941 0.000441695 0.00167727 0.99998 0.00617503 -0.000451907 -0.00617497 0.999981 0.07584 0.052654 -0.0777231
FixedParameters: 0 0 0

#Transform 172
Transform: AffineTransform_float_3_3
Parameters: 0.999999 -0.00169681 0.000412873 0.00169395 0.999979 0.00634684 -0.000423486 -0.00634616 0.999979 0.0798726 0.0497688 -0.0790034
FixedParameters: 0 0 0

#Transform 173
Transform: AffineTransform_float_3_3
Parameters: 0.999998 -0.00162106 0.000521925 0.00161786 0.999982 0.00587413 -0.000531355 -0.00587387 0.999983 0.0829088 0.105886 -0.120458
FixedParameters: 0 0 0

#Transform 174
Transform: AffineTransform_float_3_3
Parameters: 0.999999 -0.00173079 0.000526412 0.00172745 0.99998 0.00595256 -0.0005374 -0.00595144 0.999982 0.0862734 0.0813642 -0.110946
FixedParameters: 0 0 0

#Transform 175
Transform: AffineTransform_float_3_3
Parameters: 0.999999 -0.00178006 0.000381713 0.00177764 0.999975 0.00679597 -0.000394064 -0.00679603 0.999977 0.0836608 0.0354324 -0.0878367
FixedParameters: 0 0 0

#Transform 176
Transform: AffineTransform_float_3_3
Parameters: 0.999999 -0.00183101 0.000191879 0.00182897 0.999976 0.00670085 -0.000204714 -0.00670015 0.999978 0.0833921 0.0624996 -0.112116
FixedParameters: 0 0 0

#Transform 177
Transform: AffineTransform_float_3_3
Parameters: 0.999999 -0.00182512 0.000271572 0.0018232 0.999979 0.00623715 -0.000283029 -0.00623686 0.999981 0.0846915 0.0867606 -0.115637
FixedParameters: 0 0 0

#Transform 178
Transform: AffineTransform_float_3_3
Parameters: 0.999999 -0.00182057 9.16887e-05 0.00182021 0.999975 0.00697452 -0.000104471 -0.00697349 0.999976 0.0888399 0.0345359 -0.0922222
FixedParameters: 0 0 0

#Transform 179
Transform: AffineTransform_float_3_3
Parameters: 0.999998 -0.00161732 0.000376613 0.00161483 0.99997 0.0074921 -0.000388079 -0.00749089 0.999972 0.0836813 0.0547454 -0.115264
FixedParameters: 0 0 0

#Transform 180
Transform: AffineTransform_float_3_3
Parameters: 0.999998 -0.00160872 0.000187544 0.00160741 0.999978 0.00639196 -0.000197725 -0.00639206 0.99998 0.0848377 0.102089 -0.126301
FixedParameters: 0 0 0

#Transform 181
Transform: AffineTransform_float_3_3
Parameters: 0.999998 -0.00164282 8.1089e-05 0.00164257 0.999972 0.00728264 -9.24062e-05 -0.00728237 0.999974 0.0893975 0.0242572 -0.106056
FixedParameters: 0 0 0

#Transform 182
Transform: AffineTransform_float_3_3
Parameters: 0.999998 -0.00173567 0.000112261 0.00173521 0.999968 0.0078137 -0.000125852 -0.00781331 0.99997 0.0901988 0.0527835 -0.131045
FixedParameters: 0 0 0

#Transform 183
Transform: AffineTransform_float_3_3
Parameters: 0.999998 -0.00169448 0.000207507 0.00169314 0.999976 0.00674385 -0.000219054 -0.00674315 0.999977 0.0866041 0.10052 -0.131245
FixedParameters: 0 0 0

#Transform 184
Transform: AffineTransform_float_3_3
Parameters: 0.999999 -0.00174015 0.000120599 0.00173893 0.999972 0.0072187 -0.000134024 -0.00721829 0.999974 0.085766 0.0418356 -0.0710292
FixedParameters: 0 0 0

#Transform 185
Transform: AffineTransform_float_3_3
Parameters: 0.999999 -0.00182973 -0.000106322 0.00183043 0.999968 0.00777731 9.12455e-05 -0.0077777 0.99997 0.090297 0.0321897 -0.0758132
FixedParameters: 0 0 0

#Transform 186
Transform: AffineTransform_float_3_3
Parameters: 0.999999 -0.00180401 -0.000326028 0.00180631 0.999968 0.00780076 0.000312035 -0.00780124 0.999969 0.0908308 0.109554 -0.0996262
FixedParameters: 0 0 0

#Transform 187
Transform: AffineTransform_float_3_3
Parameters: 0.999998 -0.00170545 -0.000236289 0.00170668 0.999971 0.00734509 0.000224086 -0.0073459 0.999973 0.0910218 0.0542947 -0.071794
FixedParameters: 0 0 0

#Transform 188
Transform: AffineTransform_float_3_3
