#Insight Transform File V1.0
#Transform 0
Transform: AffineTransform_float_3_3
Parameters: 1 7.78205e-05 0.000183153 -7.76904e-05 1 -0.000355014 -0.000183208 0.000354986 1 -0.00520838 -0.0966761 0.118512
FixedParameters: 0 0 0

#Transform 1
Transform: AffineTransform_float_3_3
Parameters: 1 -6.6425e-05 -0.000156485 6.64235e-05 1 -5.01039e-06 0.000156486 4.98961e-06 1 0.00446788 -0.159171 0.144249
FixedParameters: 0 0 0

#Transform 2
Transform: AffineTransform_float_3_3
Parameters: 1 2.50361e-05 5.88998e-05 -2.49774e-05 1 -0.000498001 -5.89248e-05 0.000497998 1 -0.00167186 -0.105024 0.119696
FixedParameters: 0 0 0

#Transform 3
Transform: AffineTransform_float_3_3
Parameters: 1 0.000163742 9.12006e-05 -0.00016324 1 -0.000611015 -9.04799e-05 0.000610985 1 -0.00239614 -0.00456821 0.0261308
FixedParameters: 0 0 0

#Transform 4
Transform: AffineTransform_float_3_3
Parameters: 1 9.89616e-05 0.000232842 -9.87482e-05 1 -0.000458023 -0.000232933 0.000457977 1 -0.00876061 -0.0201724 0.0303411
FixedParameters: 0 0 0

#Transform 5
Transform: AffineTransform_float_3_3
Parameters: 1 2.89212e-05 6.81144e-05 -2.8907e-05 1 -0.000104002 -6.81204e-05 0.000103998 1 -0.00193546 -0.129054 0.113338
FixedParameters: 0 0 0

#Transform 6
Transform: AffineTransform_float_3_3
Parameters: 1 -4.37659e-05 -0.000103095 4.37578e-05 1 -3.90045e-05 0.000103098 3.89955e-05 1 0.000388086 -0.110372 0.109038
FixedParameters: 0 0 0

#Transform 7
Transform: AffineTransform_float_3_3
Parameters: 1 9.70156e-05 0.000228237 -9.67869e-05 1 -0.000501022 -0.000228334 0.000500978 1 -0.00649888 -0.0317359 0.0648075
FixedParameters: 0 0 0

#Transform 8
Transform: AffineTransform_float_3_3
Parameters: 1 0.000184024 6.73796e-05 -0.000183956 1 -0.000508012 -6.75666e-05 0.000507987 1 -0.00174246 0.0396249 0.0138407
FixedParameters: 0 0 0

#Transform 9
Transform: AffineTransform_float_3_3
Parameters: 1 5.74306e-05 0.000135317 -5.74444e-05 1 5.09922e-05 -0.000135311 -5.10078e-05 1 -0.00382998 -0.0867331 0.0671612
FixedParameters: 0 0 0

#Transform 10
Transform: AffineTransform_float_3_3
Parameters: 1 -2.57841e-05 -6.07551e-05 2.57924e-05 1 6.89984e-05 6.07515e-05 -6.90016e-05 1 0.00174212 -0.132982 0.102484
FixedParameters: 0 0 0

#Transform 11
Transform: AffineTransform_float_3_3
Parameters: 1 -5.46897e-05 -0.000128876 5.4715e-05 1 9.79929e-05 0.000128865 -9.8007e-05 1 0.00369756 -0.0856314 0.0814547
FixedParameters: 0 0 0

#Transform 12
Transform: AffineTransform_float_3_3
Parameters: 1 0.000213876 0.000178578 -0.000213735 1 -0.000394038 -0.000178747 0.000393962 1 -0.00488272 0.0155776 0.0127626
FixedParameters: 0 0 0

#Transform 13
Transform: AffineTransform_float_3_3
Parameters: 1 9.69716e-05 0.000228255 -9.6831e-05 1 -0.000308022 -0.000228315 0.000307978 1 -0.00650544 -0.00528534 0.0248499
FixedParameters: 0 0 0

#Transform 14
Transform: AffineTransform_float_3_3
Parameters: 1 -0.000117228 -0.000276148 0.00011721 1 -3.30324e-05 0.000276155 3.29676e-05 1 0.00790322 -0.124115 0.0847645
FixedParameters: 0 0 0

#Transform 15
Transform: AffineTransform_float_3_3
Parameters: 1 9.69314e-05 0.000228272 -9.68711e-05 1 -0.000132022 -0.000228298 0.000131978 1 -0.00650167 -0.0796249 0.0729269
FixedParameters: 0 0 0

#Transform 16
Transform: AffineTransform_float_3_3
Parameters: 1 -6.37871e-05 -0.000150001 6.35911e-05 1 -0.000653009 0.000150084 0.00065299 1 0.00430054 -0.0158531 0.0308658
FixedParameters: 0 0 0

#Transform 17
Transform: AffineTransform_float_3_3
Parameters: 1 9.70503e-05 0.000228222 -9.67522e-05 1 -0.000653022 -0.000228348 0.000652978 1 -0.00650736 0.0280042 0.00232404
FixedParameters: 0 0 0

#Transform 18
Transform: AffineTransform_float_3_3
Parameters: 1 -6.83489e-05 -0.000161101 6.84069e-05 1 0.000179989 0.000161076 -0.000180011 1 0.00459511 -0.119132 0.0745083
FixedParameters: 0 0 0

#Transform 19
Transform: AffineTransform_float_3_3
Parameters: 1 -8.01091e-05 -0.0001887 8.00906e-05 1 -4.90151e-05 0.000188707 4.89849e-05 1 0.00538537 -0.0817322 0.0617389
FixedParameters: 0 0 0

#Transform 20
Transform: AffineTransform_float_3_3
Parameters: 1 8.40309e-05 -8.35153e-05 -8.40958e-05 1 -0.000388993 8.34499e-05 0.000389007 1 0.00253393 -0.0217444 0.0250822
FixedParameters: 0 0 0

#Transform 21
Transform: AffineTransform_float_3_3
Parameters: 1 1.17266e-06 2.76132e-06 -1.17173e-06 1 -0.000169 -2.76171e-06 0.000169 1 -4.54351e-05 0.0310853 -0.00750124
FixedParameters: 0 0 0

#Transform 22
Transform: AffineTransform_float_3_3
Parameters: 1 -6.28739e-05 -0.000148216 6.29415e-05 1 0.000227991 0.000148187 -0.000228009 1 0.00422956 -0.0989942 0.0620437
FixedParameters: 0 0 0

#Transform 23
Transform: AffineTransform_float_3_3
Parameters: 1 -9.13072e-05 -0.000215451 9.15549e-05 1 0.00057498 0.000215345 -0.000575019 1 0.00612716 -0.109814 0.0652124
FixedParameters: 0 0 0

#Transform 24
Transform: AffineTransform_float_3_3
Parameters: 1 3.55989e-05 -0.000269319 -3.55984e-05 1 1.00959e-06 0.000269319 -9.90413e-07 1 0.00790075 -0.0518145 0.0339092
FixedParameters: 0 0 0

#Transform 25
Transform: AffineTransform_float_3_3
Parameters: 1 -2.65835e-05 -6.25885e-05 2.65559e-05 1 -0.000220002 6.26002e-05 0.000219998 1 0.00180931 0.0431708 -0.030418
FixedParameters: 0 0 0

#Transform 26
Transform: AffineTransform_float_3_3
Parameters: 1 -4.18056e-05 -0.000421123 4.19378e-05 1 0.000156982 0.000421109 -0.000157018 1 0.0121579 -0.0432917 0.0294499
FixedParameters: 0 0 0

#Transform 27
Transform: AffineTransform_float_3_3
Parameters: 1 -3.23489e-05 -0.000355576 3.26781e-05 1 0.000462988 0.000355546 -0.000463011 1 0.0102655 -0.125856 0.0631408
FixedParameters: 0 0 0

#Transform 28
Transform: AffineTransform_float_3_3
Parameters: 1 -0.000197498 -0.000465865 0.000197921 1 0.000453908 0.000465686 -0.000454092 1 0.013298 -0.102592 0.0443604
FixedParameters: 0 0 0

#Transform 29
Transform: AffineTransform_float_3_3
Parameters: 1 -1.95221e-05 -0.000685886 1.95797e-05 1 4.19866e-05 0.000685884 -4.20134e-05 1 0.0219195 -0.0411132 0.0240028
FixedParameters: 0 0 0

#Transform 30
Transform: AffineTransform_float_3_3
Parameters: 1 -0.000100425 -0.000236567 0.00010041 1 -3.20238e-05 0.000236573 3.19762e-05 1 0.00677376 0.0354339 -0.0311252
FixedParameters: 0 0 0

#Transform 31
Transform: AffineTransform_float_3_3
Parameters: 1 -0.00012958 -0.000305668 0.000129865 1 0.00046696 0.000305547 -0.000467039 1 0.0134371 -0.078575 0.033805
FixedParameters: 0 0 0

#Transform 32
Transform: AffineTransform_float_3_3
Parameters: 1 -0.000152208 -0.000359072 0.000152562 1 0.000493945 0.000358921 -0.000494055 1 0.0136675 -0.139836 0.059522
FixedParameters: 0 0 0

#Transform 33
Transform: AffineTransform_float_3_3
Parameters: 1 1.67199e-05 -0.000537112 -1.61538e-05 1 0.000527009 0.000537129 -0.000526991 0.999999 0.0156412 -0.0848829 0.0356744
FixedParameters: 0 0 0

#Transform 34
Transform: AffineTransform_float_3_3
Parameters: 1 -3.36293e-05 -0.000409402 3.36506e-05 1 2.59862e-05 0.0004094 -2.60138e-05 1 0.0118969 -0.00645325 -0.0198933
FixedParameters: 0 0 0

#Transform 35
Transform: AffineTransform_float_3_3
Parameters: 1 -7.12071e-05 -0.000393413 7.15541e-05 1 0.000440972 0.00039335 -0.000441028 1 0.0113037 -0.0563239 0.028728
FixedParameters: 0 0 0

#Transform 36
Transform: AffineTransform_float_3_3
Parameters: 1 -0.00015223 -0.000359063 0.00015254 1 0.000432945 0.000358931 -0.000433055 1 0.0102442 -0.140881 0.0691737
FixedParameters: 0 0 0

#Transform 37
Transform: AffineTransform_float_3_3
Parameters: 1 -0.00015223 -0.000359063 0.00015254 1 0.000432945 0.000358931 -0.000433055 1 0.0102409 -0.111226 0.0660129
FixedParameters: 0 0 0

#Transform 38
Transform: AffineTransform_float_3_3
Parameters: 1 0.000160626 -0.000491833 -0.000161468 1 7.92321e-05 0.000492249 -7.97683e-05 1 0.014571 -0.0495997 0.0302256
FixedParameters: 0 0 0

#Transform 39
Transform: AffineTransform_float_3_3
Parameters: 1 4.93375e-05 -0.000388096 -4.92075e-05 1 0.000167172 0.000388113 -0.000167828 1 0.011351 0.0323895 -0.0255874
FixedParameters: 0 0 0

#Transform 40
Transform: AffineTransform_float_3_3
Parameters: 1 -7.93727e-05 -0.000389924 7.99575e-05 0.999999 0.000749968 0.000389805 -0.000750031 0.999999 0.011263 -0.0726789 0.0286358
FixedParameters: 0 0 0

#Transform 41
Transform: AffineTransform_float_3_3
Parameters: 1 -0.000250047 -0.000590218 0.00025087 0.999999 0.000696852 0.000589869 -0.000697147 0.999999 0.0168236 -0.119535 0.0661419
FixedParameters: 0 0 0

#Transform 42
Transform: AffineTransform_float_3_3
Parameters: 1 -4.93151e-05 -0.000641633 4.90493e-05 1 0.000509968 0.000641973 -0.000510032 0.999999 0.0254671 -0.0887559 0.0464347
FixedParameters: 0 0 0

#Transform 43
Transform: AffineTransform_float_3_3
Parameters: 1 0.00015885 -0.00049103 -0.000158641 1 0.000213078 0.000491098 -0.000212922 1 0.0144915 0.0185067 -0.0214109
FixedParameters: 0 0 0

#Transform 44
Transform: AffineTransform_float_3_3
Parameters: 1 -6.73368e-06 -0.000420736 7.15693e-06 1 0.000502997 0.000420729 -0.000503003 1 0.0177016 -0.00403994 -0.00827282
FixedParameters: 0 0 0

#Transform 45
Transform: AffineTransform_float_3_3
Parameters: 0.999999 -0.000200212 -0.000806756 0.000201116 0.999999 0.00112999 0.000806693 -0.00113101 0.999999 0.0231467 -0.147949 0.0725604
FixedParameters: 0 0 0

#Transform 46
Transform: AffineTransform_float_3_3
Parameters: 0.999999 -0.000309066 -0.000729206 0.000309851 1 0.000537774 0.000728873 -0.000538225 0.999999 0.0296574 -0.0988047 0.0523637
FixedParameters: 0 0 0

#Transform 47
Transform: AffineTransform_float_3_3
Parameters: 1 -3.30935e-06 -0.000599299 3.56584e-06 1 0.000213998 0.000599297 -0.000214002 1 0.0174343 -0.0119134 -0.0155796
FixedParameters: 0 0 0

#Transform 48
Transform: AffineTransform_float_3_3
Parameters: 1 -0.000200628 -0.000473227 0.000201043 1 0.000437905 0.000473051 -0.000438095 1 0.0135517 0.0161721 -0.0254195
FixedParameters: 0 0 0

#Transform 49
Transform: AffineTransform_float_3_3
Parameters: 0.999999 -0.000227851 -0.000763605 0.000228138 0.999999 0.000791186 0.000763635 -0.000790815 1 0.0218642 -0.111451 0.0439896
FixedParameters: 0 0 0

#Transform 50
Transform: AffineTransform_float_3_3
Parameters: 1 -0.000272539 -0.00064368 0.000272783 0.999999 0.000905184 0.000643577 -0.000904816 1 0.0183149 -0.133719 0.0632443
FixedParameters: 0 0 0

#Transform 51
Transform: AffineTransform_float_3_3
Parameters: 0.999999 -9.46409e-05 -0.000820119 9.53215e-05 1 0.000414922 0.00082004 -0.000415078 0.999999 0.0237175 -0.0578537 0.022966
FixedParameters: 0 0 0

#Transform 52
Transform: AffineTransform_float_3_3
Parameters: 1 9.81294e-06 -0.000555917 -9.27259e-06 1 0.000486005 0.000555926 -0.000485994 0.999999 0.0162615 0.0112287 -0.0260657
FixedParameters: 0 0 0

#Transform 53
Transform: AffineTransform_float_3_3
Parameters: 1 -0.000241842 -0.000570887 0.000242664 0.999999 0.000720861 0.000570538 -0.000721138 0.999999 0.0163113 -0.0402406 0.0103878
FixedParameters: 0 0 0

#Transform 54
Transform: AffineTransform_float_3_3
Parameters: 0.999999 -0.000208453 -0.000771811 0.000209795 0.999999 0.000870198 0.000771447 -0.000869801 0.999999 0.0262911 -0.131527 0.0641551
FixedParameters: 0 0 0

#Transform 55
Transform: AffineTransform_float_3_3
Parameters: 0.999999 -0.000308982 -0.000729242 0.000309015 1 0.000654135 0.000729229 -0.000653866 1 0.0271801 -0.121181 0.0499543
FixedParameters: 0 0 0

#Transform 56
Transform: AffineTransform_float_3_3
Parameters: 0.999999 -0.00021132 -0.000770613 0.000211531 1 0.000734197 0.000770693 -0.000733804 1 0.02215 -0.0570637 0.0215861
FixedParameters: 0 0 0

#Transform 57
Transform: AffineTransform_float_3_3
Parameters: 1 -3.91082e-05 -0.000676386 3.97142e-05 1 0.000447973 0.000676351 -0.000448026 0.999999 0.0232843 0.0179484 -0.034405
FixedParameters: 0 0 0

#Transform 58
Transform: AffineTransform_float_3_3
Parameters: 1 -0.00015095 -0.000356347 0.000151475 0.999999 0.000736946 0.000356124 -0.000737053 0.999999 0.0102228 -0.034019 -0.00706373
FixedParameters: 0 0 0

#Transform 59
Transform: AffineTransform_float_3_3
Parameters: 0.999999 -0.000308919 -0.000729269 0.000309079 1 0.000741135 0.000729202 -0.000740866 1 0.0207669 -0.108351 0.0433994
FixedParameters: 0 0 0

#Transform 60
Transform: AffineTransform_float_3_3
Parameters: 0.999999 -0.000308924 -0.000729267 0.000309074 1 0.000734135 0.000729204 -0.000733866 1 0.0207821 -0.0730397 0.0198571
FixedParameters: 0 0 0

#Transform 61
Transform: AffineTransform_float_3_3
Parameters: 0.999999 -0.000102902 -0.000816609 0.00010363 1 0.000445915 0.000816517 -0.000446084 0.999999 0.0235871 -0.0367085 -0.00867277
FixedParameters: 0 0 0

#Transform 62
Transform: AffineTransform_float_3_3
Parameters: 0.999999 -0.000349498 -0.000825026 0.000349772 1 0.000724071 0.00082491 -0.000723929 1 0.0275718 0.0208259 -0.0462626
FixedParameters: 0 0 0

#Transform 63
Transform: AffineTransform_float_3_3
Parameters: 0.999999 -0.000308871 -0.000729289 0.000309127 0.999999 0.000807135 0.000729181 -0.000806866 1 0.028378 -0.0583062 -0.00132433
FixedParameters: 0 0 0

#Transform 64
Transform: AffineTransform_float_3_3
Parameters: 0.999999 -0.000361512 -0.000853603 0.000361983 0.999999 0.000815051 0.000853404 -0.000814949 0.999999 0.0243207 -0.102729 0.0279233
FixedParameters: 0 0 0

#Transform 65
Transform: AffineTransform_float_3_3
Parameters: 0.999999 -0.000151464 -0.000795967 0.000152642 1 0.000740238 0.000795742 -0.000739761 1 0.0229222 -0.0720707 0.01027
FixedParameters: 0 0 0

#Transform 66
Transform: AffineTransform_float_3_3
Parameters: 0.999999 -0.000121881 -0.000808467 0.000122391 0.999999 0.000884414 0.000808641 -0.000884586 1 0.0234092 -0.0160045 -0.0554158
FixedParameters: 0 0 0

#Transform 67
Transform: AffineTransform_float_3_3
Parameters: 0.999999 -0.00013504 -0.000802962 0.000135927 1 0.000551891 0.000802812 -0.000552108 0.999999 0.0299668 0.0281251 -0.047332
FixedParameters: 0 0 0

#Transform 68
Transform: AffineTransform_float_3_3
Parameters: 0.999999 -0.000180815 -0.000783512 0.000182202 0.999999 0.00088537 0.000783191 -0.000885629 1 0.0225024 -0.0871553 0.0113024
FixedParameters: 0 0 0

#Transform 69
Transform: AffineTransform_float_3_3
Parameters: 0.999999 -0.000308533 -0.000729432 0.000309464 0.999999 0.00126977 0.000729038 -0.00127023 0.999999 0.0207702 -0.132415 0.0463044
FixedParameters: 0 0 0

#Transform 70
Transform: AffineTransform_float_3_3
Parameters: 0.999999 -0.000308833 -0.000729305 0.000309164 0.999999 0.000858134 0.000729166 -0.000857866 1 0.0207867 -0.0917112 0.0201319
FixedParameters: 0 0 0

#Transform 71
Transform: AffineTransform_float_3_3
Parameters: 0.999999 -0.000203068 -0.000774114 0.000203214 1 0.000689203 0.000774225 -0.000688798 1 0.0222716 -0.0284865 -0.0266448
FixedParameters: 0 0 0

#Transform 72
Transform: AffineTransform_float_3_3
Parameters: 0.999999 -0.000308741 -0.000729344 0.000309257 0.999999 0.000985134 0.000729126 -0.000984865 0.999999 0.0297763 0.0158335 -0.0400896
FixedParameters: 0 0 0

#Transform 73
Transform: AffineTransform_float_3_3
Parameters: 0.999999 -0.000308515 -0.000729439 0.000309482 0.999999 0.00129377 0.00072903 -0.00129423 0.999999 0.0292605 -0.0875294 0.026861
FixedParameters: 0 0 0

#Transform 74
Transform: AffineTransform_float_3_3
Parameters: 0.999999 -0.000350995 -0.000829821 0.000352181 0.999999 0.00126971 0.000829319 -0.00127029 0.999999 0.0402562 -0.135389 0.0477057
FixedParameters: 0 0 0

#Transform 75
Transform: AffineTransform_float_3_3
Parameters: 0.999999 -0.000328842 -0.000777302 0.000329791 0.999999 0.00120274 0.0007769 -0.00120326 0.999999 0.0336608 -0.0887958 0.0256861
FixedParameters: 0 0 0

#Transform 76
Transform: AffineTransform_float_3_3
Parameters: 0.999999 -0.000278819 -0.000658396 0.000279006 0.999999 0.000841176 0.000658317 -0.000840824 1 0.0353856 0.0220084 -0.0419901
FixedParameters: 0 0 0

#Transform 77
Transform: AffineTransform_float_3_3
Parameters: 0.999999 -0.000308374 -0.000729499 0.000309623 0.999999 0.00148677 0.00072897 -0.00148722 0.999998 0.0332556 -0.0386405 0.00320512
FixedParameters: 0 0 0

#Transform 78
Transform: AffineTransform_float_3_3
Parameters: 0.999999 -0.000308372 -0.0007295 0.000309625 0.999999 0.00148977 0.00072897 -0.00149022 0.999998 0.0373836 -0.135491 0.0443902
FixedParameters: 0 0 0

#Transform 79
Transform: AffineTransform_float_3_3
Parameters: 0.999999 -0.000376565 -0.000700669 0.000376746 0.999999 0.00144274 0.000700364 -0.00144326 0.999998 0.0365128 -0.10605 0.03256
FixedParameters: 0 0 0

#Transform 80
Transform: AffineTransform_float_3_3
Parameters: 0.999999 -0.000209207 -0.000771466 0.000209962 1 0.00108584 0.000771402 -0.00108616 0.999999 0.0387915 -0.0280029 -0.0277495
FixedParameters: 0 0 0

#Transform 81
Transform: AffineTransform_float_3_3
Parameters: 1 -0.000270022 -0.00063823 0.000270611 1 0.00118283 0.000637981 -0.00118317 0.999999 0.034835 0.0346668 -0.0553225
FixedParameters: 0 0 0

#Transform 82
Transform: AffineTransform_float_3_3
Parameters: 0.999999 -0.000308079 -0.000729624 0.000309918 0.999998 0.00189177 0.000728845 -0.00189223 0.999998 0.0374019 -0.0663095 0.00360262
FixedParameters: 0 0 0

#Transform 83
Transform: AffineTransform_float_3_3
Parameters: 0.999999 -0.000474971 -0.000659111 0.000476248 0.999998 0.00166905 0.000657914 -0.00166895 0.999999 0.0351265 -0.127729 0.0387108
FixedParameters: 0 0 0

#Transform 84
Transform: AffineTransform_float_3_3
Parameters: 0.999999 -0.000362776 -0.000706497 0.000362921 0.999999 0.00140574 0.000706258 -0.00140626 0.999999 0.0366906 -0.0764043 0.0203206
FixedParameters: 0 0 0

#Transform 85
Transform: AffineTransform_float_3_3
Parameters: 0.999999 -0.000308456 -0.000729464 0.000309541 0.999999 0.00137477 0.000729005 -0.00137523 0.999999 0.0374372 0.00348192 -0.0634452
FixedParameters: 0 0 0

#Transform 86
Transform: AffineTransform_float_3_3
Parameters: 0.999999 -0.000308526 -0.000729435 0.000309471 0.999999 0.00127877 0.000729035 -0.00127923 0.999999 0.030112 0.0052584 -0.0460955
FixedParameters: 0 0 0

#Transform 87
Transform: AffineTransform_float_3_3
Parameters: 0.999999 -0.0004345 -0.000676197 0.000434795 0.999998 0.00158007 0.000675605 -0.00157993 0.999999 0.0357118 -0.0986603 0.0110657
FixedParameters: 0 0 0

#Transform 88
Transform: AffineTransform_float_3_3
Parameters: 0.999999 -0.000308204 -0.000729571 0.000309793 0.999998 0.00172113 0.000728898 -0.00172087 0.999998 0.0374028 -0.101284 0.0144509
FixedParameters: 0 0 0

#Transform 89
Transform: AffineTransform_float_3_3
Parameters: 0.999999 -0.000363755 -0.000706078 0.000364703 0.999999 0.00132374 0.000705504 -0.00132426 0.999999 0.0366207 -0.0428704 -0.0209047
FixedParameters: 0 0 0

#Transform 90
Transform: AffineTransform_float_3_3
Parameters: 0.999999 -0.000308378 -0.000729497 0.000309619 0.999999 0.00148177 0.000728972 -0.00148222 0.999998 0.0341643 0.033101 -0.0652078
FixedParameters: 0 0 0

#Transform 91
Transform: AffineTransform_float_3_3
Parameters: 0.999999 -0.000308134 -0.000729601 0.000309863 0.999999 0.00181678 0.000728869 -0.00181723 0.999998 0.0374055 -0.0560252 -0.0153461
FixedParameters: 0 0 0

#Transform 92
Transform: AffineTransform_float_3_3
Parameters: 0.999999 -0.000308057 -0.000729633 0.00030902 0.999998 0.00192178 0.000729228 -0.00192223 0.999998 0.0374043 -0.129854 0.0245754
FixedParameters: 0 0 0

#Transform 93
Transform: AffineTransform_float_3_3
Parameters: 0.999999 -0.000308442 -0.00072947 0.000309555 0.999999 0.00139377 0.000728999 -0.00139422 0.999999 0.0374235 -0.0296958 -0.0319834
FixedParameters: 0 0 0

#Transform 94
Transform: AffineTransform_float_3_3
Parameters: 0.999999 -0.000682242 -0.00057153 0.000683597 0.999998 0.00165082 0.000570587 -0.00165018 0.999998 0.0322959 0.0302328 -0.0604467
FixedParameters: 0 0 0

#Transform 95
Transform: AffineTransform_float_3_3
Parameters: 0.999999 -0.000327271 -0.000721525 0.000328468 0.999998 0.00210612 0.000720926 -0.00210588 0.999998 0.037206 -0.105563 0.005572
FixedParameters: 0 0 0

#Transform 96
Transform: AffineTransform_float_3_3
Parameters: 0.999999 -0.000252768 -0.000752975 0.000253848 0.999998 0.00193981 0.000752774 -0.00194019 0.999998 0.0382458 -0.117498 0.0209776
FixedParameters: 0 0 0

#Transform 97
Transform: AffineTransform_float_3_3
Parameters: 0.999999 -0.000357147 -0.000708885 0.000358423 0.999998 0.00154975 0.000708167 -0.00155025 0.999998 0.0367542 -0.000552479 -0.0617832
FixedParameters: 0 0 0

#Transform 98
Transform: AffineTransform_float_3_3
Parameters: 0.999999 -0.000347421 -0.000617506 0.000348168 0.999997 0.00209678 0.000616829 -0.00209721 0.999997 0.0341742 -0.0112414 -0.0384346
FixedParameters: 0 0 0

#Transform 99
Transform: AffineTransform_float_3_3
Parameters: 0.999999 -0.000654794 -0.000507311 0.000656342 0.999998 0.00205051 0.000505934 -0.00205048 0.999997 0.0270252 -0.10137 0.00439278
FixedParameters: 0 0 0

#Transform 100
Transform: AffineTransform_float_3_3
Parameters: 0.999999 -0.000501713 -0.000797676 0.00050343 0.999998 0.0019856 0.000797382 -0.0019864 0.999997 0.0391727 -0.0997217 0.00490907
FixedParameters: 0 0 0

#Transform 101
Transform: AffineTransform_float_3_3
Parameters: 0.999999 -0.000438829 -0.00070479 0.000440772 0.999999 0.00175469 0.000704558 -0.00175531 0.999998 0.0365897 -0.0202022 -0.0535701
FixedParameters: 0 0 0

#Transform 102
Transform: AffineTransform_float_3_3
Parameters: 1 -0.000415286 -0.000492182 0.000416025 0.999998 0.00168716 0.000491171 -0.00168684 0.999999 0.0304159 0.00704308 -0.0503256
FixedParameters: 0 0 0

#Transform 103
Transform: AffineTransform_float_3_3
Parameters: 1 -0.000545034 -0.000437477 0.000545858 0.999998 0.00199776 0.000435689 -0.00199824 0.999998 0.0286649 -0.0936828 -0.00410403
FixedParameters: 0 0 0

#Transform 104
Transform: AffineTransform_float_3_3
Parameters: 1 -0.000525696 -0.000445633 0.000526535 0.999998 0.00197677 0.000443944 -0.00197723 0.999998 0.0289461 -0.10738 -0.0017556
FixedParameters: 0 0 0

#Transform 105
Transform: AffineTransform_float_3_3
Parameters: 0.999999 -0.000533613 -0.000743982 0.000534275 0.999998 0.00168296 0.000742966 -0.00168304 0.999998 0.0375948 -0.0605688 -0.0355904
FixedParameters: 0 0 0

#Transform 106
Transform: AffineTransform_float_3_3
Parameters: 1 -0.00020728 -0.000580073 0.000207963 0.999999 0.00138288 0.00057989 -0.00138312 0.999999 0.0332505 0.0212088 -0.0826765
FixedParameters: 0 0 0

#Transform 107
Transform: AffineTransform_float_3_3
Parameters: 0.999999 -0.00058738 -0.000675624 0.000588915 0.999999 0.00152845 0.000675138 -0.00152855 0.999998 0.033354 -0.0363838 -0.0431778
FixedParameters: 0 0 0

#Transform 108
Transform: AffineTransform_float_3_3
Parameters: 0.999999 -0.000664555 -0.000530294 0.000666117 0.999998 0.00197465 0.000528977 -0.00197535 0.999998 0.0312123 -0.102324 -0.001526
FixedParameters: 0 0 0

#Transform 109
Transform: AffineTransform_float_3_3
Parameters: 1 -0.000537756 -0.000838871 0.000538929 0.999998 0.00179755 0.000837716 -0.00179845 0.999998 0.0404262 -0.0626778 -0.0308923
FixedParameters: 0 0 0

#Transform 110
Transform: AffineTransform_float_3_3
Parameters: 0.999999 -0.00033531 -0.000762627 0.0003359 0.999998 0.0015941 0.000762339 -0.0015939 0.999999 0.0384278 -0.0027536 -0.0728791
FixedParameters: 0 0 0

#Transform 111
Transform: AffineTransform_float_3_3
Parameters: 1 -0.000408843 -0.000494903 0.000409582 0.999999 0.001679 0.00049392 -0.001678 0.999998 0.0304673 0.0106239 -0.0741554
FixedParameters: 0 0 0

#Transform 112
Transform: AffineTransform_float_3_3
Parameters: 0.999999 -0.000518416 -0.000688651 0.000520049 0.999998 0.00223864 0.000688028 -0.00223936 0.999998 0.0360503 -0.097995 -0.00686568
FixedParameters: 0 0 0

#Transform 113
Transform: AffineTransform_float_3_3
Parameters: 1 -0.000567964 -0.000792492 0.000569575 0.999998 0.00193155 0.000791996 -0.00193245 0.999998 0.0390719 -0.0837385 -0.00861126
FixedParameters: 0 0 0

#Transform 114
Transform: AffineTransform_float_3_3
Parameters: 1 -0.00037757 -0.0005081 0.00037826 0.999998 0.00158581 0.000507292 -0.00158619 0.999998 0.0309809 -0.031879 -0.0434758
FixedParameters: 0 0 0

#Transform 115
Transform: AffineTransform_float_3_3
Parameters: 1 -0.00043176 -0.000485272 0.000432689 0.999998 0.00190779 0.000484014 -0.00190821 0.999998 0.0302194 0.0433573 -0.0851113
FixedParameters: 0 0 0

#Transform 116
Transform: AffineTransform_float_3_3
Parameters: 1 -0.000501151 -0.000387649 0.00050224 0.999997 0.0020898 0.000386864 -0.00209019 0.999997 0.027283 -0.0746638 -0.0213038
FixedParameters: 0 0 0

#Transform 117
Transform: AffineTransform_float_3_3
Parameters: 1 -0.000614344 -0.000702444 0.000615998 0.999997 0.00221093 0.000701425 -0.00221107 0.999997 0.0337099 -0.128558 0.00656478
FixedParameters: 0 0 0

#Transform 118
Transform: AffineTransform_float_3_3
Parameters: 0.999999 -0.000571161 -0.000666302 0.000573161 0.999998 0.00189862 0.000665441 -0.00189938 0.999998 0.032338 -0.0772884 -0.00350797
FixedParameters: 0 0 0

#Transform 119
Transform: AffineTransform_float_3_3
Parameters: 1 -0.000535222 -0.000441365 0.00053542 0.999999 0.00126776 0.000440398 -0.00126824 0.999999 0.0288626 -0.0248053 -0.0634689
FixedParameters: 0 0 0

#Transform 120
Transform: AffineTransform_float_3_3
Parameters: 0.999999 -0.000552533 -0.000657843 0.000553374 0.999999 0.00174164 0.000657618 -0.00174237 0.999999 0.0350549 0.0307549 -0.0699541
FixedParameters: 0 0 0

#Transform 121
Transform: AffineTransform_float_3_3
Parameters: 0.999999 -0.000613088 -0.000408881 0.000614431 0.999997 0.00229375 0.000407376 -0.00229425 0.999998 0.0277431 -0.113731 0.00787222
FixedParameters: 0 0 0

#Transform 122
Transform: AffineTransform_float_3_3
Parameters: 1 -0.000689433 -0.00077833 0.000690994 0.999996 0.00252782 0.000776933 -0.00252818 0.999997 0.0385143 -0.124774 0.0185432
FixedParameters: 0 0 0

#Transform 123
Transform: AffineTransform_float_3_3
Parameters: 0.999999 -0.000691393 -0.000593857 0.000692806 0.999998 0.00196859 0.000591523 -0.00196941 0.999998 0.0329609 -0.0714334 -0.0146588
FixedParameters: 0 0 0

#Transform 124
Transform: AffineTransform_float_3_3
Parameters: 1 -0.000487105 -0.00046186 0.000487804 0.999999 0.00175578 0.000460539 -0.00175623 0.999999 0.0294044 0.0240465 -0.0735769
FixedParameters: 0 0 0

#Transform 125
Transform: AffineTransform_float_3_3
Parameters: 0.999999 -0.000613104 -0.000408857 0.000614415 0.999998 0.00225375 0.000407401 -0.00225425 0.999998 0.027703 -0.0123807 -0.0513765
FixedParameters: 0 0 0

#Transform 126
Transform: AffineTransform_float_3_3
Parameters: 0.999999 -0.00063738 -0.00071125 0.000639385 0.999997 0.00243139 0.000709847 -0.00243161 0.999996 0.0364168 -0.116167 0.0161077
FixedParameters: 0 0 0

#Transform 127
Transform: AffineTransform_float_3_3
Parameters: 1 -0.000820297 -0.000899918 0.00082282 0.999997 0.00220926 0.000897989 -0.00221074 0.999997 0.041731 -0.0889296 0.00787727
FixedParameters: 0 0 0

#Transform 128
Transform: AffineTransform_float_3_3
Parameters: 1 -0.000712237 -0.000805438 0.000714091 0.999998 0.00205263 0.000804212 -0.00205237 0.999998 0.0391618 -0.0715761 -0.0135105
FixedParameters: 0 0 0

#Transform 129
Transform: AffineTransform_float_3_3
Parameters: 0.999999 -0.000621337 -0.000687451 0.0006225 0.999998 0.00190057 0.000686788 -0.00190143 0.999998 0.0336951 0.000605863 -0.0673758
FixedParameters: 0 0 0

#Transform 130
Transform: AffineTransform_float_3_3
Parameters: 0.999999 -0.000499974 -0.000788659 0.000501426 0.999998 0.00208997 0.000787348 -0.00209004 0.999998 0.0368619 -0.00471158 -0.0586828
FixedParameters: 0 0 0

#Transform 131
Transform: AffineTransform_float_3_3
Parameters: 1 -0.00060802 -0.000813662 0.00061026 0.999998 0.00226935 0.000812599 -0.00226965 0.999997 0.0422315 -0.104022 -0.00195671
FixedParameters: 0 0 0

#Transform 132
Transform: AffineTransform_float_3_3
Parameters: 1 -0.000794054 -0.000837088 0.000795926 0.999998 0.00198654 0.000835632 -0.00198646 0.999998 0.0400311 -0.0854798 -0.02478
FixedParameters: 0 0 0

#Transform 133
Transform: AffineTransform_float_3_3
Parameters: 1 -0.000794013 -0.000837127 0.000795967 0.999998 0.00203554 0.000835593 -0.00203546 0.999998 0.0399957 -0.0613404 -0.0281194
FixedParameters: 0 0 0

#Transform 134
Transform: AffineTransform_float_3_3
Parameters: 1 -0.000766364 -0.000771754 0.000768131 0.999997 0.00208577 0.000770255 -0.00208623 0.999998 0.038141 0.00468866 -0.0846449
FixedParameters: 0 0 0

#Transform 135
Transform: AffineTransform_float_3_3
Parameters: 1 -0.000816729 -0.000891689 0.000818962 0.999997 0.00228727 0.000888728 -0.00228873 0.999997 0.0414611 0.00363339 -0.0735977
FixedParameters: 0 0 0

#Transform 136
Transform: AffineTransform_float_3_3
Parameters: 1 -0.000793776 -0.00083735 0.000796202 0.999997 0.00231633 0.000835368 -0.00231766 0.999997 0.0400268 -0.108513 -0.0108183
FixedParameters: 0 0 0

#Transform 137
Transform: AffineTransform_float_3_3
Parameters: 0.999999 -0.000857296 -0.000987385 0.000859141 0.999997 0.00213636 0.00098581 -0.00213664 0.999997 0.0442414 -0.105345 -0.0154666
FixedParameters: 0 0 0

#Transform 138
Transform: AffineTransform_float_3_3
Parameters: 1 -0.00065675 -0.000895059 0.00065892 0.999998 0.00202362 0.000894099 -0.00202338 0.999998 0.0418568 -0.0142594 -0.0706925
FixedParameters: 0 0 0

#Transform 139
Transform: AffineTransform_float_3_3
Parameters: 1 -0.000793849 -0.000837281 0.000796129 0.999997 0.00222934 0.000835437 -0.00223067 0.999997 0.0399766 0.0264091 -0.0792685
FixedParameters: 0 0 0

#Transform 140
Transform: AffineTransform_float_3_3
Parameters: 0.999999 -0.000890874 -0.00106775 0.000893549 0.999997 0.00236441 0.00106562 -0.00236559 0.999997 0.0465201 -0.080489 -0.0164165
FixedParameters: 0 0 0

#Transform 141
Transform: AffineTransform_float_3_3
Parameters: 1 -0.000793406 -0.000837701 0.000796045 0.999996 0.00275833 0.000836329 -0.00275966 0.999996 0.0455183 -0.117202 0.0124703
FixedParameters: 0 0 0

#Transform 142
Transform: AffineTransform_float_3_3
Parameters: 0.999999 -0.000834903 -0.000935079 0.000836992 0.999997 0.00238743 0.00093318 -0.00238758 0.999997 0.0426928 -0.0785239 0.00428831
FixedParameters: 0 0 0

#Transform 143
Transform: AffineTransform_float_3_3
Parameters: 1 -0.000881574 -0.000645478 0.000883326 0.999995 0.00289564 0.000643381 -0.00289536 0.999996 0.0309871 -0.0894342 0.0120721
FixedParameters: 0 0 0

#Transform 144
Transform: AffineTransform_float_3_3
Parameters: 1 -0.00086736 -0.000806402 0.000869372 0.999996 0.00247666 0.000805113 -0.00247734 0.999997 0.0389664 -0.0323796 -0.0017963
FixedParameters: 0 0 0

#Transform 145
Transform: AffineTransform_float_3_3
Parameters: 0.999999 -0.00105532 -0.000727192 0.00105698 0.999996 0.00250944 0.000724904 -0.00250956 0.999997 0.0364558 0.0189949 -0.055658
FixedParameters: 0 0 0

#Transform 146
Transform: AffineTransform_float_3_3
Parameters: 1 -0.000793478 -0.000837633 0.000795973 0.999996 0.00267234 0.000836397 -0.00267367 0.999996 0.0447116 -0.0312458 -0.0255521
FixedParameters: 0 0 0

#Transform 147
Transform: AffineTransform_float_3_3
Parameters: 0.999999 -0.000983172 -0.000757837 0.000985525 0.999995 0.00286362 0.000755212 -0.00286439 0.999996 0.0374117 -0.131676 0.0205236
FixedParameters: 0 0 0

#Transform 148
Transform: AffineTransform_float_3_3
Parameters: 1 -0.000793415 -0.000837692 0.000796036 0.999996 0.00274733 0.000836337 -0.00274866 0.999996 0.0400109 -0.104937 0.00486638
FixedParameters: 0 0 0

#Transform 149
Transform: AffineTransform_float_3_3
Parameters: 1 -0.000793415 -0.000837692 0.000796036 0.999996 0.00274733 0.000836337 -0.00274866 0.999996 0.0450228 -0.0454172 -0.0205855
FixedParameters: 0 0 0

#Transform 150
Transform: AffineTransform_float_3_3
Parameters: 1 -0.000793736 -0.000837388 0.000796242 0.999997 0.00236433 0.00083533 -0.00236566 0.999997 0.0399623 0.0609842 -0.0890233
FixedParameters: 0 0 0

#Transform 151
Transform: AffineTransform_float_3_3
Parameters: 0.999999 -0.001035 -0.000735802 0.0010368 0.999997 0.00257209 0.000733486 -0.00257292 0.999996 0.0432651 0.00793656 -0.0629602
FixedParameters: 0 0 0

#Transform 152
Transform: AffineTransform_float_3_3
Parameters: 1 -0.000793376 -0.00083773 0.000796076 0.999996 0.00279554 0.0008363 -0.00279546 0.999996 0.040015 -0.103349 -0.0015862
FixedParameters: 0 0 0

#Transform 153
Transform: AffineTransform_float_3_3
Parameters: 1 -0.000793324 -0.00083778 0.000796129 0.999996 0.00285854 0.00083625 -0.00285846 0.999996 0.0420289 -0.106003 -0.00378414
FixedParameters: 0 0 0

#Transform 154
Transform: AffineTransform_float_3_3
Parameters: 0.999999 -0.000885219 -0.00105627 0.000888519 0.999995 0.00293727 0.00105447 -0.00293773 0.999995 0.0542311 -0.0863715 -0.01265
FixedParameters: 0 0 0

#Transform 155
Transform: AffineTransform_float_3_3
Parameters: 1 -0.000793973 -0.000837165 0.000796007 0.999998 0.00208354 0.000835554 -0.00208346 0.999997 0.0399889 0.0119238 -0.0801918
FixedParameters: 0 0 0

#Transform 156
Transform: AffineTransform_float_3_3
Parameters: 0.999999 -0.000684493 -0.000578537 0.000685894 0.999996 0.0024676 0.000576857 -0.00246839 0.999997 0.0324976 0.0281504 -0.0851016
FixedParameters: 0 0 0

#Transform 157
Transform: AffineTransform_float_3_3
Parameters: 1 -0.000797124 -0.000847071 0.000799748 0.999996 0.00295233 0.000844449 -0.00295368 0.999996 0.040275 -0.0965798 -0.0109146
FixedParameters: 0 0 0

#Transform 158
Transform: AffineTransform_float_3_3
Parameters: 0.999999 -0.00124463 -0.000891919 0.00124784 0.999995 0.00291774 0.000887658 -0.00291926 0.999995 0.0441378 -0.128649 0.0126822
FixedParameters: 0 0 0

#Transform 159
Transform: AffineTransform_float_3_3
Parameters: 0.999999 -0.000734418 -0.000697602 0.000736776 0.999996 0.00273349 0.000695281 -0.00273451 0.999996 0.0486779 -0.0813878 -0.00538898
FixedParameters: 0 0 0

#Transform 160
Transform: AffineTransform_float_3_3
Parameters: 1 -0.000790755 -0.00067378 0.000793135 0.999996 0.00255483 0.000672356 -0.00255517 0.999997 0.0431863 0.0330024 -0.0695493
FixedParameters: 0 0 0

#Transform 161
Transform: AffineTransform_float_3_3
Parameters: 0.999999 -0.00111112 -0.00053927 0.00111291 0.999994 0.00313625 0.000536228 -0.00313675 0.999995 0.0391925 -0.00485659 -0.0527565
FixedParameters: 0 0 0

#Transform 162
Transform: AffineTransform_float_3_3
Parameters: 0.999999 -0.0011685 -0.000711396 0.00116989 0.999995 0.00301902 0.000707739 -0.00301998 0.999995 0.0358254 -0.10815 0.0165205
FixedParameters: 0 0 0

#Transform 163
Transform: AffineTransform_float_3_3
Parameters: 1 -0.000900208 -0.000627858 0.000901842 0.999995 0.00288328 0.000625675 -0.00288372 0.999995 0.0338242 -0.115449 0.0258218
FixedParameters: 0 0 0

#Transform 164
Transform: AffineTransform_float_3_3
Parameters: 0.999999 -0.00118293 -0.000872548 0.00118559 0.999994 0.00319118 0.000868393 -0.00319182 0.999995 0.0403927 -0.0874373 0.00998103
FixedParameters: 0 0 0

#Transform 165
Transform: AffineTransform_float_3_3
Parameters: 0.999999 -0.000684025 -0.000577711 0.000685581 0.999996 0.00260596 0.000575843 -0.00260603 0.999997 0.0403494 0.0193314 -0.0480834
FixedParameters: 0 0 0

#Transform 166
Transform: AffineTransform_float_3_3
Parameters: 1 -0.000898646 -0.000749938 0.000900327 0.999996 0.00270617 0.000747161 -0.00270683 0.999996 0.0372824 0.0228379 -0.0506679
FixedParameters: 0 0 0

#Transform 167
Transform: AffineTransform_float_3_3
Parameters: 0.999999 -0.000998269 -0.000763621 0.0010002 0.999994 0.00316745 0.000760695 -0.00316756 0.999995 0.0376075 -0.110788 0.0114171
FixedParameters: 0 0 0

#Transform 168
Transform: AffineTransform_float_3_3
Parameters: 0.999999 -0.000964191 -0.000777936 0.000966682 0.999994 0.00313225 0.000773979 -0.00313375 0.999995 0.0379938 -0.101842 0.0118249
FixedParameters: 0 0 0

#Transform 169
Transform: AffineTransform_float_3_3
Parameters: 0.999999 -0.000982829 -0.000769921 0.000984867 0.999995 0.00286945 0.000766367 -0.00286955 0.999996 0.0377295 -0.0269978 -0.0316083
FixedParameters: 0 0 0

#Transform 170
Transform: AffineTransform_float_3_3
Parameters: 0.999999 -0.000970641 -0.000775223 0.000972199 0.999994 0.00313425 0.000771616 -0.00313575 0.999995 0.0379335 0.0429405 -0.0733595
FixedParameters: 0 0 0

#Transform 171
Transform: AffineTransform_float_3_3
Parameters: 1 -0.000878503 -0.000813972 0.000881159 0.999995 0.00309413 0.000810619 -0.00309487 0.999994 0.0391736 -0.0506462 -0.0245889
FixedParameters: 0 0 0

#Transform 172
Transform: AffineTransform_float_3_3
Parameters: 0.999999 -0.000989977 -0.000767108 0.000991921 0.999995 0.00316345 0.000764242 -0.00316355 0.999995 0.0377113 -0.107465 -0.000992996
FixedParameters: 0 0 0

#Transform 173
Transform: AffineTransform_float_3_3
Parameters: 0.999999 -0.0011847 -0.000961859 0.00118702 0.999994 0.00319907 0.000958066 -0.00319993 0.999994 0.0430683 -0.0802137 0.00455393
FixedParameters: 0 0 0

#Transform 174
Transform: AffineTransform_float_3_3
Parameters: 1 -0.000769738 -0.000781474 0.000771651 0.999996 0.0027444 0.000779335 -0.0027456 0.999996 0.0384211 -0.0145802 -0.0517189
FixedParameters: 0 0 0

#Transform 175
Transform: AffineTransform_float_3_3
Parameters: 0.999999 -0.000978283 -0.000771781 0.000980207 0.999996 0.00278809 0.000768413 -0.00278891 0.999995 0.0377617 0.0541527 -0.0857721
FixedParameters: 0 0 0

#Transform 176
Transform: AffineTransform_float_3_3
Parameters: 0.999999 -0.00125277 -0.000918253 0.00125567 0.999993 0.00345506 0.0009143 -0.00345594 0.999994 0.0417018 -0.0817861 -0.0150781
FixedParameters: 0 0 0

#Transform 177
Transform: AffineTransform_float_3_3
Parameters: 0.999999 -0.00104635 -0.00105376 0.00105042 0.999994 0.00330974 0.00105022 -0.00331126 0.999994 0.0458735 -0.106764 -0.00960007
FixedParameters: 0 0 0

#Transform 178
Transform: AffineTransform_float_3_3
Parameters: 1 -0.000797497 -0.000848007 0.000800156 0.999995 0.00296968 0.000845354 -0.00297032 0.999995 0.0402673 -0.0566492 -0.0266434
FixedParameters: 0 0 0

#Transform 179
Transform: AffineTransform_float_3_3
Parameters: 0.999999 -0.00106191 -0.000845357 0.00106441 0.999994 0.00319831 0.00084196 -0.00319869 0.999995 0.0398584 0.0339364 -0.0870887
FixedParameters: 0 0 0

#Transform 180
Transform: AffineTransform_float_3_3
Parameters: 0.999999 -0.000962281 -0.000778796 0.000965305 0.999994 0.00321946 0.000775603 -0.00321954 0.999995 0.0380815 -0.0229209 -0.0620831
FixedParameters: 0 0 0

#Transform 181
Transform: AffineTransform_float_3_3
Parameters: 0.999998 -0.00135623 -0.000947375 0.00135921 0.999993 0.00338992 0.000942883 -0.00339108 0.999994 0.04241 -0.113877 -0.00426278
FixedParameters: 0 0 0

#Transform 182
Transform: AffineTransform_float_3_3
Parameters: 0.999999 -0.00127218 -0.000747234 0.00127461 0.999994 0.0033079 0.000743133 -0.0033091 0.999994 0.0367616 -0.089988 -0.00951739
FixedParameters: 0 0 0

#Transform 183
Transform: AffineTransform_float_3_3
Parameters: 0.999999 -0.00116315 -0.000881867 0.00116697 0.999995 0.00307518 0.000878634 -0.00307582 0.999995 0.040713 -0.0148987 -0.0598109
FixedParameters: 0 0 0

#Transform 184
Transform: AffineTransform_float_3_3
Parameters: 0.999999 -0.00123703 -0.00066311 0.00123825 0.999994 0.00311303 0.000658807 -0.00311397 0.999995 0.034253 0.0522482 -0.0973677
FixedParameters: 0 0 0

#Transform 185
Transform: AffineTransform_float_3_3
Parameters: 0.999999 -0.0013016 -0.000815832 0.0013038 0.999995 0.00289579 0.00081261 -0.00289722 0.999996 0.0386958 -0.0539407 -0.0423262
FixedParameters: 0 0 0

#Transform 186
Transform: AffineTransform_float_3_3
Parameters: 0.999998 -0.0013641 -0.00080083 0.00136641 0.999993 0.00334876 0.00079732 -0.00335024 0.999994 0.0382172 -0.100835 -0.0101644
FixedParameters: 0 0 0

#Transform 187
Transform: AffineTransform_float_3_3
Parameters: 0.999998 -0.00135866 -0.000952754 0.00136147 0.999994 0.00327855 0.000948548 -0.00328045 0.999994 0.0425237 -0.0707969 -0.025556
FixedParameters: 0 0 0

#Transform 188
Transform: AffineTransform_float_3_3
Parameters: 0.999999 -0.00123697 -0.00066323 0.00123831 0.999995 0.00321003 0.000658687 -0.00321097 0.999995 0.0343007 0.00172068 -0.0870171
FixedParameters: 0 0 0

#Transform 189
Transform: AffineTransform_float_3_3
