# transform file /out/sourcedata/freesurfer/sub-v2s5x29547_ses-1/mri/transforms/cc_up.lta
# created by oesteban on Fri Mar 13 09:28:40 2026

type      = 0 # LINEAR_VOX_TO_VOX
nxforms   = 1
mean      = 158.0000 122.0000 149.0000
sigma     = 10000.0000
1 4 4
9.997535347938538e-01 1.957358606159687e-02 -1.047566998749971e-02 -2.929897880554199e+01 
-1.957251131534576e-02 9.998083710670471e-01 2.050857146969065e-04 2.307837677001953e+01 
1.047767698764801e-02 1.455191522836685e-11 9.999451041221619e-01 -3.643997907638550e+00 
0.000000000000000e+00 0.000000000000000e+00 0.000000000000000e+00 1.000000000000000e+00 
src volume info
valid = 1  # volume info valid
filename = /out/sourcedata/freesurfer/sub-v2s5x29547_ses-1/mri/norm.mgz
volume = 320 320 320
voxelsize = 6.999999880790710e-01 6.999999880790710e-01 6.999999880790710e-01
xras   = -1.000000000000000e+00 0.000000000000000e+00 0.000000000000000e+00
yras   = 0.000000000000000e+00 0.000000000000000e+00 -1.000000000000000e+00
zras   = 0.000000000000000e+00 1.000000000000000e+00 0.000000000000000e+00
cras   = 2.652198791503906e+00 2.488600158691406e+01 -7.800292968750000e-02
dst volume info
valid = 1  # volume info valid
filename = /out/sourcedata/freesurfer/sub-v2s5x29547_ses-1/mri/norm.mgz
volume = 320 320 320
voxelsize = 6.999999880790710e-01 6.999999880790710e-01 6.999999880790710e-01
xras   = -1.000000000000000e+00 0.000000000000000e+00 0.000000000000000e+00
yras   = 0.000000000000000e+00 0.000000000000000e+00 -1.000000000000000e+00
zras   = 0.000000000000000e+00 1.000000000000000e+00 0.000000000000000e+00
cras   = 2.652198791503906e+00 2.488600158691406e+01 -7.800292968750000e-02
