#Insight Transform File V1.0
#Transform 0
Transform: AffineTransform_float_3_3
Parameters: 0.999998 -0.0015526 0.000672738 0.00155106 0.999996 0.00259533 -0.00067619 -0.00259467 0.999996 0.280708 0.128383 -0.917323
FixedParameters: 0 0 0

#Transform 1
Transform: AffineTransform_float_3_3
Parameters: 0.999999 -0.000897049 0.000869665 0.000894507 0.999994 0.00341242 -0.000872877 -0.00341158 0.999994 0.286028 0.259861 -0.891198
FixedParameters: 0 0 0

#Transform 2
Transform: AffineTransform_float_3_3
Parameters: 1 -0.000301074 0.000562124 0.0002987 0.99999 0.00443817 -0.000563726 -0.00443783 0.99999 0.226863 0.111313 -0.720265
FixedParameters: 0 0 0

#Transform 3
Transform: AffineTransform_float_3_3
Parameters: 1 -0.000483449 0.000307145 0.000483264 1 0.000301148 -0.000307436 -0.000300851 1 0.130994 -0.0483167 -0.190478
FixedParameters: 0 0 0

#Transform 4
Transform: AffineTransform_float_3_3
Parameters: 1 -0.000999257 -0.00067728 0.000999007 0.999999 -0.000184317 0.000677648 0.000183683 1 0.0717507 0.09472 -0.136893
FixedParameters: 0 0 0

#Transform 5
Transform: AffineTransform_float_3_3
Parameters: 0.999999 -0.000397597 -0.00123581 0.000398355 0.999999 0.00067902 0.00123566 -0.000679979 0.999999 0.00169067 0.161893 -0.202369
FixedParameters: 0 0 0

#Transform 6
Transform: AffineTransform_float_3_3
Parameters: 0.999996 0.000366056 -0.00254406 -0.00036366 0.999999 0.000910105 0.00254458 -0.000908894 0.999996 -0.0840179 0.19728 -0.296835
FixedParameters: 0 0 0

#Transform 7
Transform: AffineTransform_float_3_3
Parameters: 0.999996 0.00110557 -0.0026557 -0.00110239 0.999999 0.00116854 0.0026563 -0.00116546 0.999996 -0.110572 0.249991 -0.319889
FixedParameters: 0 0 0

#Transform 8
Transform: AffineTransform_float_3_3
Parameters: 0.999996 0.00146141 -0.00216719 -0.00145827 0.999997 0.00142142 0.00216935 -0.00141858 0.999997 -0.0992842 0.252685 -0.309333
FixedParameters: 0 0 0

#Transform 9
Transform: AffineTransform_float_3_3
Parameters: 0.999997 0.000951929 -0.0019519 -0.000949671 0.999999 0.00135116 0.00195249 -0.00134884 0.999997 -0.0698274 0.196913 -0.33863
FixedParameters: 0 0 0

#Transform 10
Transform: AffineTransform_float_3_3
Parameters: 0.999998 0.000580754 -0.00179494 -0.00057853 0.999999 0.00135035 0.00179545 -0.00134965 0.999998 -0.055118 0.117579 -0.270817
FixedParameters: 0 0 0

#Transform 11
Transform: AffineTransform_float_3_3
Parameters: 0.999998 7.45724e-05 -0.00158157 -7.45253e-05 1 0.000429631 0.0015811 -0.00042937 0.999999 -0.0384359 0.0748858 -0.248541
FixedParameters: 0 0 0

#Transform 12
Transform: AffineTransform_float_3_3
Parameters: 0.999998 7.3924e-05 -0.0015816 -7.38623e-05 1 1.96292e-05 0.0015816 -1.93708e-05 0.999999 -0.0354215 0.124637 -0.310376
FixedParameters: 0 0 0

#Transform 13
Transform: AffineTransform_float_3_3
Parameters: 1 8.82294e-07 -0.0011748 -1.22182e-06 1 -0.000144486 0.0011748 0.000144514 1 -0.0130717 0.143305 -0.357121
FixedParameters: 0 0 0

#Transform 14
Transform: AffineTransform_float_3_3
Parameters: 1 0.00032302 -0.000994372 -0.000323339 1 -0.000160526 0.000994268 0.000160474 0.999999 0.0067159 0.12758 -0.394788
FixedParameters: 0 0 0

#Transform 15
Transform: AffineTransform_float_3_3
Parameters: 1 -7.16873e-05 -0.00103734 7.14671e-05 1 0.000337439 0.00103768 -0.000337562 1 0.00611992 0.151503 -0.403678
FixedParameters: 0 0 0

#Transform 16
Transform: AffineTransform_float_3_3
Parameters: 1 7.39243e-05 -0.00045063 -7.36377e-05 1 0.000318033 0.000450677 -0.000317967 1 0.0569063 0.182362 -0.645335
FixedParameters: 0 0 0

#Transform 17
Transform: AffineTransform_float_3_3
Parameters: 1 7.37067e-05 -0.00109858 -7.21778e-05 0.999999 0.00111423 0.00109913 -0.00111477 0.999999 0.0368867 0.284409 -0.806542
FixedParameters: 0 0 0

#Transform 18
Transform: AffineTransform_float_3_3
Parameters: 0.999999 0.000359604 -0.000742411 -0.000359329 1 0.000185267 0.000742544 -0.000184733 0.999999 0.0486031 0.19264 -0.781936
FixedParameters: 0 0 0

#Transform 19
Transform: AffineTransform_float_3_3
Parameters: 1 0.000309394 -0.000272133 -0.000309243 1 0.000995724 0.000271829 -0.000996276 0.999999 0.0397513 0.0911552 -0.397982
FixedParameters: 0 0 0

#Transform 20
Transform: AffineTransform_float_3_3
Parameters: 1 0.000164529 -0.000188245 -0.000164519 1 2.5031e-05 0.000188254 -2.4969e-05 1 0.00148277 -0.00397187 0.0214121
FixedParameters: 0 0 0

#Transform 21
Transform: AffineTransform_float_3_3
Parameters: 0.999999 -0.000567189 -0.00060785 0.00056782 0.999999 0.000518655 0.000607261 -0.000519344 0.999999 -0.00694081 0.101714 -0.0428575
FixedParameters: 0 0 0

#Transform 22
Transform: AffineTransform_float_3_3
Parameters: 0.999999 -0.000572562 -0.000679424 0.000572323 1 0.000501458 0.00067924 -0.000501541 0.999999 -0.0172781 0.116396 -0.109476
FixedParameters: 0 0 0

#Transform 23
Transform: AffineTransform_float_3_3
Parameters: 0.999999 -1.99782e-05 -0.000831123 1.98225e-05 1 0.000459983 0.000831495 -0.000460017 0.999999 -0.0353855 0.159498 -0.211389
FixedParameters: 0 0 0

#Transform 24
Transform: AffineTransform_float_3_3
Parameters: 0.999999 0.000766638 -0.00104602 -0.000765748 1 0.000612594 0.00104604 -0.000612405 0.999999 -0.059065 0.20849 -0.330003
FixedParameters: 0 0 0

#Transform 25
Transform: AffineTransform_float_3_3
Parameters: 0.999999 0.000840055 -0.000211501 -0.000840175 1 0.000639818 0.000211656 -0.000640182 1 -0.00926763 0.235329 -0.394177
FixedParameters: 0 0 0

#Transform 26
Transform: AffineTransform_float_3_3
Parameters: 0.999999 0.000791807 -6.37026e-05 -0.000791679 0.999999 0.000988051 6.52671e-05 -0.000987949 1 -0.00403411 0.233942 -0.355687
FixedParameters: 0 0 0

#Transform 27
Transform: AffineTransform_float_3_3
Parameters: 0.999999 0.00075334 2.69992e-05 -0.000753356 1 0.000301827 -2.65449e-05 -0.000301173 1 0.00969204 0.177229 -0.339814
FixedParameters: 0 0 0

#Transform 28
Transform: AffineTransform_float_3_3
Parameters: 0.999999 0.000697553 0.000351654 -0.000697907 0.999999 0.000504754 -0.000350949 -0.000505245 1 0.0293367 0.161072 -0.342892
FixedParameters: 0 0 0

#Transform 29
Transform: AffineTransform_float_3_3
Parameters: 0.999999 0.000786156 0.000396614 -0.00078652 0.999999 0.000458688 -0.000395892 -0.000459311 1 0.0332388 0.140724 -0.337998
FixedParameters: 0 0 0

#Transform 30
Transform: AffineTransform_float_3_3
Parameters: 0.999999 0.000513514 0.000493689 -0.000513827 1 0.000317594 -0.000493363 -0.000317406 0.999999 0.0371796 0.155795 -0.360573
FixedParameters: 0 0 0

#Transform 31
Transform: AffineTransform_float_3_3
Parameters: 0.99997 -0.00542808 0.0056283 0.00546023 0.999969 -0.00566964 -0.0055975 0.00570036 0.999968 0.51092 -0.184334 -0.71055
FixedParameters: 0 0 0

#Transform 32
Transform: AffineTransform_float_3_3
Parameters: 0.999954 -0.00678182 0.00670084 0.00681462 0.999965 -0.00485769 -0.00666742 0.0049033 0.999966 0.624769 -0.247386 -0.848536
FixedParameters: 0 0 0

#Transform 33
Transform: AffineTransform_float_3_3
Parameters: 0.99996 -0.00601885 0.00661301 0.00604846 0.999972 -0.00447495 -0.00658526 0.00451504 0.999968 0.602186 -0.222947 -0.935311
FixedParameters: 0 0 0

#Transform 34
Transform: AffineTransform_float_3_3
Parameters: 0.999955 -0.00574983 0.00761631 0.00578439 0.999973 -0.00447246 -0.00759032 0.00451653 0.999961 0.647417 -0.185969 -1.02935
FixedParameters: 0 0 0

#Transform 35
Transform: AffineTransform_float_3_3
Parameters: 0.999954 -0.0056736 0.0077949 0.00570824 0.999974 -0.00437336 -0.00777073 0.00441764 0.99996 0.653412 -0.183769 -1.02804
FixedParameters: 0 0 0

#Transform 36
Transform: AffineTransform_float_3_3
Parameters: 0.999951 -0.005525 0.00813656 0.00556321 0.999973 -0.00468343 -0.00811051 0.00472856 0.999956 0.646248 -0.162214 -1.02674
FixedParameters: 0 0 0

#Transform 37
Transform: AffineTransform_float_3_3
Parameters: 0.999957 -0.0044613 0.00805041 0.00448331 0.999986 -0.00277536 -0.00803851 0.00281164 0.999964 0.609284 -0.058709 -0.934019
FixedParameters: 0 0 0

#Transform 38
Transform: AffineTransform_float_3_3
Parameters: 0.999974 -0.00290672 0.00651683 0.00290679 0.999996 4.04056e-06 -0.00651679 1.50403e-05 0.999979 0.513419 0.050715 -0.96487
FixedParameters: 0 0 0

#Transform 39
Transform: AffineTransform_float_3_3
Parameters: 0.999977 -0.00255611 0.00617724 0.00255503 0.999997 0.000127145 -0.00617693 -0.000110855 0.999981 0.499185 0.0798537 -1.03741
FixedParameters: 0 0 0

#Transform 40
Transform: AffineTransform_float_3_3
Parameters: 0.999994 -0.00163938 0.00302198 0.00163419 0.999997 0.00179251 -0.0030248 -0.0017875 0.999994 0.269819 0.0454661 -0.466405
FixedParameters: 0 0 0

#Transform 41
Transform: AffineTransform_float_3_3
Parameters: 0.999996 -0.0021895 0.00140212 0.00219155 0.999997 -0.00161822 -0.00139832 0.00162078 0.999997 0.18076 -0.00764068 -0.275077
FixedParameters: 0 0 0

#Transform 42
Transform: AffineTransform_float_3_3
Parameters: 0.999995 -0.00278372 0.00192171 0.0027912 0.999987 -0.003996 -0.00191021 0.004001 0.99999 0.226383 -0.0436839 -0.517107
FixedParameters: 0 0 0

#Transform 43
Transform: AffineTransform_float_3_3
Parameters: 0.999992 -0.00312656 0.00227178 0.00313582 0.999988 -0.00385597 -0.00225933 0.00386304 0.99999 0.247902 -0.086289 -0.558573
FixedParameters: 0 0 0

#Transform 44
Transform: AffineTransform_float_3_3
Parameters: 0.999991 -0.00298445 0.00319965 0.00299877 0.999986 -0.00428654 -0.00318688 0.00429646 0.999986 0.321326 -0.0507783 -0.884795
FixedParameters: 0 0 0

#Transform 45
Transform: AffineTransform_float_3_3
Parameters: 0.999987 -0.00266618 0.00436806 0.00268096 0.999991 -0.00336994 -0.00435899 0.00338206 0.999984 0.380958 0.0491418 -1.00964
FixedParameters: 0 0 0

#Transform 46
Transform: AffineTransform_float_3_3
Parameters: 0.999988 -0.00277948 0.00416798 0.00279278 0.999991 -0.00324252 -0.00415925 0.00325448 0.999986 0.378366 -0.0158033 -0.972258
FixedParameters: 0 0 0

#Transform 47
Transform: AffineTransform_float_3_3
Parameters: 0.999986 -0.00253943 0.004532 0.00255398 0.999992 -0.00303256 -0.00452406 0.00304444 0.999985 0.390927 0.0103281 -0.961857
FixedParameters: 0 0 0

#Transform 48
Transform: AffineTransform_float_3_3
Parameters: 0.999989 -0.00249663 0.00411987 0.00250701 0.999994 -0.00251246 -0.00411374 0.00252254 0.999988 0.376374 -0.0705401 -0.88445
FixedParameters: 0 0 0

#Transform 49
Transform: AffineTransform_float_3_3
Parameters: 0.999993 -0.00251658 0.00274856 0.00252233 0.999994 -0.00228276 -0.00274284 0.00229024 0.999994 0.304156 -0.196671 -0.666429
FixedParameters: 0 0 0

#Transform 50
Transform: AffineTransform_float_3_3
Parameters: 0.999994 -0.00298601 0.0020709 0.00299504 0.999986 -0.00436553 -0.00205833 0.00437148 0.999989 0.273319 -0.187901 -0.782738
FixedParameters: 0 0 0

#Transform 51
Transform: AffineTransform_float_3_3
Parameters: 0.999993 -0.00307457 0.00218691 0.00308115 0.999991 -0.00290949 -0.00217832 0.0029165 0.999993 0.295618 -0.0768997 -0.860411
FixedParameters: 0 0 0

#Transform 52
Transform: AffineTransform_float_3_3
Parameters: 0.999993 -0.00264891 0.00284889 0.00265947 0.99999 -0.00348633 -0.00283945 0.00349366 0.99999 0.296351 -0.0784623 -0.99153
FixedParameters: 0 0 0

#Transform 53
Transform: AffineTransform_float_3_3
Parameters: 0.999993 -0.00272415 0.00264977 0.0027362 0.999986 -0.00442882 -0.00263703 0.00443618 0.999987 0.291467 -0.153145 -1.04217
FixedParameters: 0 0 0

#Transform 54
Transform: AffineTransform_float_3_3
Parameters: 0.999994 -0.00230106 0.0028573 0.00231211 0.99999 -0.00372409 -0.00284881 0.0037309 0.999988 0.307461 -0.0903888 -1.13759
FixedParameters: 0 0 0

#Transform 55
Transform: AffineTransform_float_3_3
Parameters: 0.999993 -0.00213562 0.00329918 0.00214907 0.999989 -0.00412495 -0.00329086 0.00413205 0.999986 0.338169 -0.0539075 -1.3344
FixedParameters: 0 0 0

#Transform 56
Transform: AffineTransform_float_3_3
Parameters: 0.999983 -0.00488657 0.00336535 0.00490619 0.99997 -0.00592127 -0.00333677 0.00593772 0.999977 0.466619 -0.174841 -1.61644
FixedParameters: 0 0 0

#Transform 57
Transform: AffineTransform_float_3_3
Parameters: 0.999983 -0.00548371 0.00227671 0.0054973 0.999968 -0.00573206 -0.00224539 0.00574394 0.999981 0.455458 -0.21525 -1.76287
FixedParameters: 0 0 0

#Transform 58
Transform: AffineTransform_float_3_3
Parameters: 0.99998 -0.00534241 0.00318548 0.00535671 0.999976 -0.00434073 -0.00316263 0.00435827 0.999986 0.50327 -0.272306 -1.63402
FixedParameters: 0 0 0

#Transform 59
Transform: AffineTransform_float_3_3
Parameters: 0.999982 -0.00493348 0.00337154 0.00494628 0.999981 -0.00372008 -0.00335339 0.00373693 0.999988 0.508373 -0.342563 -1.57391
FixedParameters: 0 0 0

#Transform 60
Transform: AffineTransform_float_3_3
Parameters: 0.999989 -0.00447359 0.00181308 0.00448106 0.99998 -0.00434224 -0.00179349 0.00434976 0.999989 0.407455 -0.386607 -1.43431
FixedParameters: 0 0 0

#Transform 61
Transform: AffineTransform_float_3_3
Parameters: 0.999986 -0.0048815 0.00164763 0.00489133 0.999972 -0.00550599 -0.00162073 0.005514 0.999983 0.388308 -0.362629 -1.45622
FixedParameters: 0 0 0

#Transform 62
Transform: AffineTransform_float_3_3
Parameters: 0.999987 -0.00484802 0.00170532 0.00485759 0.999972 -0.00574562 -0.00167792 0.00575339 0.999983 0.389153 -0.319948 -1.50734
FixedParameters: 0 0 0

#Transform 63
Transform: AffineTransform_float_3_3
Parameters: 0.999987 -0.00471175 0.00222343 0.00472383 0.999974 -0.00549746 -0.00219781 0.00550755 0.999982 0.403758 -0.311901 -1.5846
FixedParameters: 0 0 0

#Transform 64
Transform: AffineTransform_float_3_3
Parameters: 0.999989 -0.00397199 0.00222833 0.00398157 0.999983 -0.00423846 -0.0022113 0.00424753 0.999988 0.386319 -0.192591 -1.61541
FixedParameters: 0 0 0

#Transform 65
Transform: AffineTransform_float_3_3
Parameters: 0.999989 -0.00393617 0.00224267 0.00394644 0.999981 -0.00475049 -0.00222334 0.0047595 0.999986 0.384035 -0.154712 -1.58277
FixedParameters: 0 0 0

#Transform 66
Transform: AffineTransform_float_3_3
Parameters: 0.99999 -0.00392248 0.00243307 0.00393493 0.999978 -0.00525862 -0.00241224 0.00526838 0.999983 0.387261 -0.155628 -1.48975
FixedParameters: 0 0 0

#Transform 67
Transform: AffineTransform_float_3_3
Parameters: 0.99999 -0.0036487 0.00266237 0.0036621 0.99998 -0.00500877 -0.00264402 0.00501822 0.999984 0.39899 -0.198056 -1.39134
FixedParameters: 0 0 0

#Transform 68
Transform: AffineTransform_float_3_3
Parameters: 0.999992 -0.0027471 0.0029517 0.00275985 0.999987 -0.00424913 -0.00293935 0.00425687 0.999986 0.351676 -0.306129 -1.17888
FixedParameters: 0 0 0

#Transform 69
Transform: AffineTransform_float_3_3
Parameters: 0.999996 -0.00188094 0.00210283 0.00189123 0.999986 -0.00497766 -0.00209367 0.00498134 0.999985 0.200203 -0.322881 -0.818266
FixedParameters: 0 0 0

#Transform 70
Transform: AffineTransform_float_3_3
Parameters: 0.999995 -0.00307317 0.000423115 0.00307451 0.999988 -0.00390761 -0.000411305 0.00390939 0.999992 0.147658 -0.191652 -0.736562
FixedParameters: 0 0 0

#Transform 71
Transform: AffineTransform_float_3_3
Parameters: 0.999991 -0.00407633 0.000139665 0.00407716 0.999974 -0.00599955 -0.000115432 0.00600044 0.999982 0.166268 -0.213359 -1.06537
FixedParameters: 0 0 0

#Transform 72
Transform: AffineTransform_float_3_3
Parameters: 0.999992 -0.00393114 0.000497201 0.00393412 0.999978 -0.00542121 -0.000475309 0.00542278 0.999985 0.172168 -0.233608 -1.0065
FixedParameters: 0 0 0

#Transform 73
Transform: AffineTransform_float_3_3
Parameters: 0.999995 -0.00330925 0.000436442 0.00330979 0.99999 -0.00302283 -0.000426416 0.00302417 0.999995 0.15887 -0.0683248 -0.982868
FixedParameters: 0 0 0

#Transform 74
Transform: AffineTransform_float_3_3
Parameters: 0.999996 -0.00285003 0.00108992 0.00285308 0.999992 -0.00284686 -0.00108104 0.00285014 0.999995 0.200217 0.0817549 -1.04042
FixedParameters: 0 0 0

#Transform 75
Transform: AffineTransform_float_3_3
Parameters: 0.999995 -0.00305487 0.000544727 0.00305559 0.999994 -0.00125209 -0.000541143 0.00125391 0.999999 0.19362 0.0460809 -0.975176
FixedParameters: 0 0 0

#Transform 76
Transform: AffineTransform_float_3_3
Parameters: 0.999996 -0.00297507 0.000509274 0.00297602 0.999996 -0.000795233 -0.000506769 0.000796768 1 0.209256 -0.126552 -0.944049
FixedParameters: 0 0 0

#Transform 77
Transform: AffineTransform_float_3_3
Parameters: 0.999995 -0.00336232 4.96334e-05 0.00336291 0.999993 -0.00190389 -4.35238e-05 0.00190411 0.999999 0.188553 -0.145536 -0.943543
FixedParameters: 0 0 0

#Transform 78
Transform: AffineTransform_float_3_3
Parameters: 0.999994 -0.00364908 6.72011e-05 0.00364902 0.99999 -0.00237897 -5.83715e-05 0.00238003 0.999997 0.185448 -0.117898 -0.929345
FixedParameters: 0 0 0

#Transform 79
Transform: AffineTransform_float_3_3
Parameters: 0.999993 -0.00377757 0.000329749 0.00377853 0.99999 -0.00264169 -0.000319239 0.0026433 0.999996 0.204326 -0.0878117 -0.94901
FixedParameters: 0 0 0

#Transform 80
Transform: AffineTransform_float_3_3
Parameters: 0.999993 -0.00367378 0.000283827 0.00367506 0.999991 -0.00223474 -0.000275018 0.00223526 0.999997 0.195694 -0.0834778 -0.926393
FixedParameters: 0 0 0

#Transform 81
Transform: AffineTransform_float_3_3
Parameters: 0.999992 -0.00378318 0.000665565 0.00378496 0.999991 -0.00172211 -0.000658826 0.00172489 0.999998 0.225499 -0.0395074 -1.00294
FixedParameters: 0 0 0

#Transform 82
Transform: AffineTransform_float_3_3
Parameters: 0.999993 -0.00336968 0.00113272 0.00337093 0.999993 -0.0014185 -0.00112774 0.0014225 0.999998 0.235558 0.110419 -0.994716
FixedParameters: 0 0 0

#Transform 83
Transform: AffineTransform_float_3_3
Parameters: 0.999994 -0.00312263 0.00104421 0.00312483 0.999994 -0.00154906 -0.00103952 0.00155194 0.999998 0.224815 0.0770738 -0.982803
FixedParameters: 0 0 0

#Transform 84
Transform: AffineTransform_float_3_3
Parameters: 0.999995 -0.00311199 0.000666751 0.00311434 0.999994 -0.00185404 -0.000660585 0.00185596 0.999998 0.202377 -0.0351259 -0.942002
FixedParameters: 0 0 0

#Transform 85
Transform: AffineTransform_float_3_3
Parameters: 0.999994 -0.00338004 0.000400852 0.00338059 0.999994 -0.00100991 -0.000397173 0.00101109 1 0.213581 -0.125164 -0.906055
FixedParameters: 0 0 0

#Transform 86
Transform: AffineTransform_float_3_3
Parameters: 0.999994 -0.00363909 -0.000152212 0.00363845 0.999991 -0.00212377 0.000160051 0.00212323 0.999998 0.17811 -0.185055 -0.903396
FixedParameters: 0 0 0

#Transform 87
Transform: AffineTransform_float_3_3
Parameters: 0.999992 -0.00384902 -8.76812e-05 0.00384914 0.99999 -0.00238292 9.70952e-05 0.00238208 0.999997 0.200093 -0.1263 -0.972279
FixedParameters: 0 0 0

#Transform 88
Transform: AffineTransform_float_3_3
Parameters: 0.999991 -0.00413497 0.000115861 0.00413473 0.999989 -0.00233461 -0.000106008 0.00233538 0.999997 0.224172 -0.0793474 -1.07488
FixedParameters: 0 0 0

#Transform 89
Transform: AffineTransform_float_3_3
Parameters: 0.999991 -0.00398028 0.000894188 0.00398245 0.99999 -0.00171343 -0.000887753 0.00171757 0.999998 0.254648 -0.00407501 -1.09357
FixedParameters: 0 0 0

#Transform 90
Transform: AffineTransform_float_3_3
Parameters: 0.999992 -0.00361251 0.00201799 0.0036181 0.99999 -0.00268129 -0.00200831 0.00268871 0.999995 0.296116 -0.00693057 -1.10454
FixedParameters: 0 0 0

#Transform 91
Transform: AffineTransform_float_3_3
Parameters: 0.999993 -0.0032702 0.00211494 0.00327409 0.999993 -0.00209266 -0.0021078 0.00209934 0.999995 0.311372 0.0451357 -1.12996
FixedParameters: 0 0 0

#Transform 92
Transform: AffineTransform_float_3_3
Parameters: 0.999993 -0.00317234 0.00191364 0.00317661 0.999993 -0.00217379 -0.00190679 0.00218021 0.999996 0.290026 -0.0573421 -1.00175
FixedParameters: 0 0 0

#Transform 93
Transform: AffineTransform_float_3_3
Parameters: 0.999994 -0.00304235 0.00117387 0.00304385 0.999994 -0.00147423 -0.00116949 0.00147777 0.999998 0.236712 -0.181708 -0.835935
FixedParameters: 0 0 0

#Transform 94
Transform: AffineTransform_float_3_3
Parameters: 0.999991 -0.00353938 0.00204925 0.00354503 0.99999 -0.00255933 -0.00203991 0.00256667 0.999994 0.226694 -0.173795 -0.414657
FixedParameters: 0 0 0

#Transform 95
Transform: AffineTransform_float_3_3
Parameters: 0.999996 -0.00243431 -0.00188988 0.00243381 0.999997 -0.000134132 0.00189052 0.000129867 0.999999 0.00182089 0.0904536 -0.370926
FixedParameters: 0 0 0

#Transform 96
Transform: AffineTransform_float_3_3
Parameters: 0.999995 -0.00319743 -0.00019539 0.00319732 0.999994 -0.000631317 0.000197193 0.000630683 1 0.148456 0.0470882 -0.72497
FixedParameters: 0 0 0

#Transform 97
Transform: AffineTransform_float_3_3
Parameters: 0.999989 -0.00454528 0.00117412 0.00454706 0.999989 -0.00103073 -0.00116879 0.00103627 0.999999 0.298915 0.171995 -1.11579
FixedParameters: 0 0 0

#Transform 98
Transform: AffineTransform_float_3_3
Parameters: 0.999991 -0.00358194 0.0020049 0.00358425 0.999993 -0.000962395 -0.00200166 0.000969607 0.999998 0.31185 0.0993964 -0.998624
FixedParameters: 0 0 0

#Transform 99
Transform: AffineTransform_float_3_3
Parameters: 0.999992 -0.0035656 0.00179992 0.00356934 0.999991 -0.00216516 -0.00179142 0.00217083 0.999996 0.289726 0.0389386 -0.973376
FixedParameters: 0 0 0

#Transform 100
Transform: AffineTransform_float_3_3
Parameters: 0.999992 -0.00331922 0.00190014 0.00332454 0.999991 -0.00267392 -0.00189117 0.00268009 0.999995 0.298711 -0.0130988 -0.93145
FixedParameters: 0 0 0

#Transform 101
Transform: AffineTransform_float_3_3
Parameters: 0.999994 -0.0031389 0.00181931 0.00314191 0.999994 -0.00172315 -0.0018136 0.00172885 0.999997 0.27733 -0.149025 -0.822061
FixedParameters: 0 0 0

#Transform 102
Transform: AffineTransform_float_3_3
Parameters: 0.999992 -0.00316965 0.00216207 0.00317393 0.999993 -0.00204821 -0.00215472 0.00205478 0.999995 0.316324 -0.227916 -0.892184
FixedParameters: 0 0 0

#Transform 103
Transform: AffineTransform_float_3_3
Parameters: 0.999991 -0.00423778 0.00111508 0.00424289 0.999983 -0.00405901 -0.00109746 0.004064 0.999992 0.306149 -0.217068 -1.03842
FixedParameters: 0 0 0

#Transform 104
Transform: AffineTransform_float_3_3
Parameters: 0.999995 -0.00330253 0.00071257 0.00330502 0.999988 -0.00377413 -0.000699454 0.00377587 0.999992 0.256895 -0.157469 -1.05865
FixedParameters: 0 0 0

#Transform 105
Transform: AffineTransform_float_3_3
Parameters: 0.999994 -0.00318649 0.000838199 0.00318952 0.999988 -0.00352829 -0.000827523 0.0035307 0.999993 0.259875 -0.160817 -1.08798
FixedParameters: 0 0 0

#Transform 106
Transform: AffineTransform_float_3_3
Parameters: 0.999995 -0.00246251 0.00204521 0.00246936 0.999991 -0.00340495 -0.00203736 0.00341005 0.999992 0.28167 -0.102753 -1.07851
FixedParameters: 0 0 0

#Transform 107
Transform: AffineTransform_float_3_3
Parameters: 0.999994 -0.00249985 0.00268136 0.00250734 0.999993 -0.00281233 -0.0026749 0.00281867 0.999992 0.309599 -0.0860945 -1.08344
FixedParameters: 0 0 0

#Transform 108
Transform: AffineTransform_float_3_3
Parameters: 0.999995 -0.00216343 0.00200295 0.00216704 0.999996 -0.00194765 -0.00199925 0.00195135 0.999996 0.262054 -0.0290173 -1.04457
FixedParameters: 0 0 0

#Transform 109
Transform: AffineTransform_float_3_3
Parameters: 0.999997 -0.00167208 0.00132548 0.00167179 0.999999 0.000109649 -0.00132584 -0.00010735 0.999999 0.247502 0.0491305 -1.22058
FixedParameters: 0 0 0

#Transform 110
Transform: AffineTransform_float_3_3
Parameters: 0.999994 -0.00234658 0.00255039 0.00234629 0.999997 0.000394158 -0.00255078 -0.000387845 0.999996 0.345294 0.102876 -1.32628
FixedParameters: 0 0 0

#Transform 111
Transform: AffineTransform_float_3_3
Parameters: 0.999994 -0.00241876 0.00215973 0.00241769 0.999997 0.000341396 -0.00216045 -0.000336604 0.999998 0.346065 -0.0392764 -1.3371
FixedParameters: 0 0 0

#Transform 112
Transform: AffineTransform_float_3_3
Parameters: 0.999996 -0.00236211 0.00194373 0.00235926 0.999997 0.00093561 -0.0019463 -0.000931388 0.999998 0.350338 -0.154595 -1.25888
FixedParameters: 0 0 0

#Transform 113
Transform: AffineTransform_float_3_3
Parameters: 0.999997 -0.00236207 0.00128273 0.00235998 0.999995 0.00193595 -0.00128765 -0.00193204 0.999997 0.362742 -0.0518971 -1.42945
FixedParameters: 0 0 0

#Transform 114
Transform: AffineTransform_float_3_3
Parameters: 0.999996 -0.00235547 0.00164617 0.00235386 0.999997 0.000728744 -0.00164776 -0.000725255 0.999998 0.372014 -0.0591588 -1.38233
FixedParameters: 0 0 0

#Transform 115
Transform: AffineTransform_float_3_3
Parameters: 0.999997 -0.00187137 0.00161512 0.00185889 0.99997 0.00743661 -0.00162824 -0.00743339 0.999971 0.385347 0.166837 -1.07933
FixedParameters: 0 0 0

#Transform 116
Transform: AffineTransform_float_3_3
Parameters: 0.999993 -0.0023508 0.00288573 0.00234048 0.99999 0.00371425 -0.00289483 -0.00370774 0.999989 0.420648 0.164424 -1.32286
FixedParameters: 0 0 0

#Transform 117
Transform: AffineTransform_float_3_3
Parameters: 0.999994 -0.00315708 0.00154313 0.00315649 0.999995 0.000319867 -0.00154421 -0.000315132 0.999999 0.327694 -0.0471143 -1.14097
FixedParameters: 0 0 0

#Transform 118
Transform: AffineTransform_float_3_3
Parameters: 0.999993 -0.00327401 0.0018754 0.00327558 0.999994 -0.00108008 -0.0018716 0.00108592 0.999998 0.351119 -0.100673 -1.22602
FixedParameters: 0 0 0

#Transform 119
Transform: AffineTransform_float_3_3
Parameters: 0.999973 -0.00613742 0.00401767 0.00614321 0.99998 -0.00126182 -0.00400991 0.00128618 0.999992 0.613041 -0.115769 -1.74378
FixedParameters: 0 0 0

#Transform 120
Transform: AffineTransform_float_3_3
Parameters: 0.999972 -0.00568468 0.00491199 0.00569322 0.999982 -0.00170891 -0.00490186 0.00173708 0.999986 0.64217 -0.093791 -1.82584
FixedParameters: 0 0 0

#Transform 121
Transform: AffineTransform_float_3_3
Parameters: 0.999973 -0.00498007 0.00542005 0.00499099 0.999985 -0.00197342 -0.00540986 0.00200057 0.999983 0.648483 -0.136802 -1.75915
FixedParameters: 0 0 0

#Transform 122
Transform: AffineTransform_float_3_3
Parameters: 0.999972 -0.0045742 0.00603743 0.00459044 0.999986 -0.00275473 -0.00602433 0.00278326 0.999978 0.658679 -0.172698 -1.73555
FixedParameters: 0 0 0

#Transform 123
Transform: AffineTransform_float_3_3
Parameters: 0.999975 -0.00429225 0.00563405 0.00430617 0.999988 -0.00243327 -0.00562462 0.00245773 0.999981 0.621195 -0.184129 -1.64593
FixedParameters: 0 0 0

#Transform 124
Transform: AffineTransform_float_3_3
Parameters: 0.99998 -0.00348278 0.00519059 0.00349145 0.999992 -0.00173504 -0.00518529 0.00175296 0.999985 0.585284 -0.368385 -1.59816
FixedParameters: 0 0 0

#Transform 125
Transform: AffineTransform_float_3_3
Parameters: 0.999975 -0.00346705 0.00628009 0.00347889 0.999992 -0.00196554 -0.00627389 0.00198746 0.999979 0.68676 -0.277588 -1.95572
FixedParameters: 0 0 0

#Transform 126
Transform: AffineTransform_float_3_3
Parameters: 0.999969 -0.00463995 0.00633966 0.00468613 0.999963 -0.00718879 -0.00630664 0.00721821 0.999954 0.740377 -0.482236 -2.35852
FixedParameters: 0 0 0

#Transform 127
Transform: AffineTransform_float_3_3
Parameters: 0.999971 -0.00536212 0.0053942 0.0053943 0.999967 -0.00611658 -0.00536172 0.00614543 0.999967 0.712403 -0.39282 -2.51891
FixedParameters: 0 0 0

#Transform 128
Transform: AffineTransform_float_3_3
Parameters: 0.99997 -0.0062489 0.00455194 0.00627236 0.999966 -0.00535334 -0.00451857 0.00538167 0.999975 0.734853 -0.522188 -2.40756
FixedParameters: 0 0 0

#Transform 129
Transform: AffineTransform_float_3_3
Parameters: 0.999976 -0.00603889 0.00318328 0.00606445 0.999949 -0.00802054 -0.00313515 0.00803945 0.999962 0.558992 -0.584857 -1.69205
FixedParameters: 0 0 0

#Transform 130
Transform: AffineTransform_float_3_3
Parameters: 0.999975 -0.00677817 0.00191319 0.0067986 0.999919 -0.0106864 -0.00184004 0.0106995 0.999941 0.507089 -0.623054 -1.5856
FixedParameters: 0 0 0

#Transform 131
Transform: AffineTransform_float_3_3
Parameters: 0.999975 -0.00631385 0.00296071 0.00634333 0.99993 -0.00993814 -0.00289754 0.00995585 0.999946 0.562252 -0.583624 -1.73
FixedParameters: 0 0 0

#Transform 132
Transform: AffineTransform_float_3_3
Parameters: 0.999977 -0.00545066 0.00400997 0.00548662 0.999944 -0.00900987 -0.00396015 0.00903212 0.999951 0.600114 -0.425311 -1.9658
FixedParameters: 0 0 0

#Transform 133
Transform: AffineTransform_float_3_3
Parameters: 0.999973 -0.00487547 0.0055153 0.00491588 0.999961 -0.00732899 -0.00547952 0.00735601 0.999958 0.650197 -0.340445 -2.01134
FixedParameters: 0 0 0

#Transform 134
Transform: AffineTransform_float_3_3
Parameters: 0.99997 -0.00454131 0.00629259 0.00458367 0.999967 -0.00673943 -0.00626183 0.00676858 0.999957 0.696792 -0.312949 -1.94343
FixedParameters: 0 0 0

#Transform 135
Transform: AffineTransform_float_3_3
Parameters: 0.999973 -0.0038056 0.00627788 0.00383478 0.999982 -0.00465632 -0.00626017 0.00467968 0.99997 0.682134 -0.363479 -1.86456
FixedParameters: 0 0 0

#Transform 136
Transform: AffineTransform_float_3_3
Parameters: 0.999978 -0.00444972 0.00496055 0.00447395 0.999978 -0.00488235 -0.0049381 0.00490464 0.999976 0.621732 -0.663664 -1.79339
FixedParameters: 0 0 0

#Transform 137
Transform: AffineTransform_float_3_3
Parameters: 0.999983 -0.00502715 0.0031146 0.00504238 0.999974 -0.00507873 -0.00308904 0.00509427 0.999982 0.519681 -0.451255 -1.56772
FixedParameters: 0 0 0

#Transform 138
Transform: AffineTransform_float_3_3
Parameters: 0.999979 -0.00554974 0.00327179 0.00556581 0.999972 -0.00488117 -0.00324441 0.00489883 0.999983 0.544224 -0.393441 -1.58885
FixedParameters: 0 0 0

#Transform 139
Transform: AffineTransform_float_3_3
Parameters: 0.999978 -0.00575708 0.00348608 0.0057741 0.999972 -0.00471361 -0.00345858 0.00473438 0.999983 0.572271 -0.340612 -1.66661
FixedParameters: 0 0 0

#Transform 140
Transform: AffineTransform_float_3_3
Parameters: 0.999977 -0.0057315 0.00377771 0.00574709 0.999974 -0.00412292 -0.00375408 0.00414407 0.999984 0.582448 -0.339596 -1.66272
FixedParameters: 0 0 0

#Transform 141
Transform: AffineTransform_float_3_3
Parameters: 0.999977 -0.00557342 0.00391104 0.00559473 0.99997 -0.00530542 -0.00388114 0.00532757 0.999978 0.570144 -0.35973 -1.68687
FixedParameters: 0 0 0

#Transform 142
Transform: AffineTransform_float_3_3
Parameters: 0.999976 -0.00525432 0.0046492 0.00528212 0.99997 -0.00578164 -0.00461844 0.00580635 0.999972 0.584405 -0.316967 -1.68432
FixedParameters: 0 0 0

#Transform 143
Transform: AffineTransform_float_3_3
Parameters: 0.999977 -0.00464161 0.00480662 0.00466822 0.999974 -0.00549364 -0.0047812 0.00551637 0.999974 0.582584 -0.236893 -1.73088
FixedParameters: 0 0 0

#Transform 144
Transform: AffineTransform_float_3_3
Parameters: 0.999976 -0.00450721 0.00512441 0.00453105 0.999979 -0.00468754 -0.00510316 0.00471046 0.999976 0.606552 -0.208701 -1.71228
FixedParameters: 0 0 0

#Transform 145
Transform: AffineTransform_float_3_3
Parameters: 0.999977 -0.00395896 0.00539325 0.00397519 0.999987 -0.00305168 -0.0053803 0.00307331 0.99998 0.593199 -0.263348 -1.53498
FixedParameters: 0 0 0

#Transform 146
Transform: AffineTransform_float_3_3
Parameters: 0.999985 -0.00419348 0.00354306 0.00420594 0.999986 -0.00339945 -0.00352906 0.00341355 0.999988 0.497979 -0.437396 -1.42731
FixedParameters: 0 0 0

#Transform 147
Transform: AffineTransform_float_3_3
Parameters: 0.999979 -0.00524361 0.00361208 0.00525457 0.999981 -0.00305169 -0.00359588 0.0030703 0.999988 0.515765 -0.234763 -1.57075
FixedParameters: 0 0 0

#Transform 148
Transform: AffineTransform_float_3_3
Parameters: 0.999972 -0.0051049 0.00538066 0.00514022 0.999964 -0.0066343 -0.00534616 0.00666169 0.999963 0.594636 -0.375912 -1.7128
FixedParameters: 0 0 0

#Transform 149
Transform: AffineTransform_float_3_3
Parameters: 0.99999 -0.0037479 0.00267514 0.0037418 0.999991 0.0022162 -0.00268328 -0.0022068 0.999994 0.419248 0.0134641 -1.43087
FixedParameters: 0 0 0

#Transform 150
Transform: AffineTransform_float_3_3
Parameters: 0.999992 -0.00407099 0.000749364 0.00406408 0.999952 0.00887114 -0.000785256 -0.00886785 0.999961 0.343038 0.250203 -1.08614
FixedParameters: 0 0 0

#Transform 151
Transform: AffineTransform_float_3_3
Parameters: 0.999993 -0.00342071 0.00143109 0.00341122 0.999972 0.0065424 -0.00145368 -0.00653759 0.999977 0.335162 0.316186 -1.09229
FixedParameters: 0 0 0

#Transform 152
Transform: AffineTransform_float_3_3
Parameters: 0.999993 -0.0034651 0.00185485 0.00345328 0.999973 0.00652488 -0.00187813 -0.00651911 0.999977 0.348009 0.369464 -1.13911
FixedParameters: 0 0 0

#Transform 153
Transform: AffineTransform_float_3_3
Parameters: 0.999992 -0.00341803 0.00196718 0.00340619 0.999976 0.00606717 -0.00198764 -0.00606082 0.999979 0.359563 0.244226 -1.09241
FixedParameters: 0 0 0

#Transform 154
Transform: AffineTransform_float_3_3
Parameters: 0.999989 -0.00322265 0.00361662 0.00320803 0.999986 0.00413666 -0.00363013 -0.00412534 0.999985 0.444281 0.0919013 -1.21659
FixedParameters: 0 0 0

#Transform 155
Transform: AffineTransform_float_3_3
Parameters: 0.99999 -0.00391862 0.00189198 0.00391609 0.999991 0.00173998 -0.00189862 -0.00173302 0.999996 0.405954 -0.0598933 -1.23005
FixedParameters: 0 0 0

#Transform 156
Transform: AffineTransform_float_3_3
Parameters: 0.999989 -0.0044899 0.00129282 0.00448764 0.999989 0.0015754 -0.0013001 -0.00156959 0.999997 0.404325 -0.0965427 -1.30038
FixedParameters: 0 0 0

#Transform 157
Transform: AffineTransform_float_3_3
Parameters: 0.999987 -0.00495325 0.00134629 0.00495466 0.999987 -0.000758114 -0.00134281 0.000764888 0.999999 0.42844 -0.154499 -1.47158
FixedParameters: 0 0 0

#Transform 158
Transform: AffineTransform_float_3_3
Parameters: 0.99998 -0.00582337 0.00217999 0.00582515 0.999983 -0.000850816 -0.00217461 0.000863181 0.999997 0.534412 -0.15405 -1.49083
FixedParameters: 0 0 0

#Transform 159
Transform: AffineTransform_float_3_3
Parameters: 0.999983 -0.0053121 0.00214005 0.00531196 0.999986 -5.05403e-05 -0.00214037 6.24635e-05 0.999997 0.490798 -0.148295 -1.52099
FixedParameters: 0 0 0

#Transform 160
Transform: AffineTransform_float_3_3
Parameters: 0.999987 -0.00483303 0.00195294 0.00483108 0.999987 0.00110277 -0.00195803 -0.00109323 0.999998 0.47012 -0.100175 -1.4827
FixedParameters: 0 0 0

#Transform 161
Transform: AffineTransform_float_3_3
Parameters: 0.999988 -0.00464312 0.00192191 0.00464156 0.999989 0.000817102 -0.00192577 -0.000807897 0.999997 0.463482 -0.109089 -1.45395
FixedParameters: 0 0 0

#Transform 162
Transform: AffineTransform_float_3_3
Parameters: 0.999986 -0.00475529 0.00223314 0.00475762 0.999988 -0.00086727 -0.00222853 0.000877726 0.999997 0.479053 -0.16999 -1.44678
FixedParameters: 0 0 0

#Transform 163
Transform: AffineTransform_float_3_3
Parameters: 0.999986 -0.00481801 0.00213953 0.00481836 0.999989 -0.000166729 -0.0021388 0.000177272 0.999998 0.46362 -0.123743 -1.4019
FixedParameters: 0 0 0

#Transform 164
Transform: AffineTransform_float_3_3
Parameters: 0.999988 -0.0044789 0.00203496 0.00447946 0.99999 -0.000228203 -0.00203379 0.000237796 0.999998 0.450408 -0.13432 -1.38078
FixedParameters: 0 0 0

#Transform 165
Transform: AffineTransform_float_3_3
Parameters: 0.99999 -0.00404226 0.00178691 0.00403924 0.99999 0.00171779 -0.0017934 -0.00171121 0.999997 0.393726 0.0123579 -1.26715
FixedParameters: 0 0 0

#Transform 166
Transform: AffineTransform_float_3_3
Parameters: 0.999989 -0.00441669 0.00172015 0.00441307 0.999988 0.00218515 -0.0017302 -0.00217785 0.999996 0.387363 0.207697 -1.22427
FixedParameters: 0 0 0

#Transform 167
Transform: AffineTransform_float_3_3
Parameters: 0.999988 -0.00455964 0.00170568 0.00455718 0.999988 0.00175268 -0.00171334 -0.00174432 0.999997 0.396308 0.0521758 -1.17914
FixedParameters: 0 0 0

#Transform 168
Transform: AffineTransform_float_3_3
Parameters: 0.999991 -0.00382435 0.00195924 0.00381914 0.999989 0.00275858 -0.00196964 -0.00275143 0.999995 0.394581 -0.0489293 -1.23399
FixedParameters: 0 0 0

#Transform 169
Transform: AffineTransform_float_3_3
Parameters: 0.999977 -0.00524656 0.00428107 0.00530086 0.999904 -0.012846 -0.0042134 0.012868 0.999908 0.60217 -0.704674 -2.03598
FixedParameters: 0 0 0

#Transform 170
Transform: AffineTransform_float_3_3
Parameters: 0.999988 -0.00405427 0.00267618 0.00407345 0.999965 -0.00737954 -0.00264564 0.00739047 0.999969 0.480177 -0.528897 -2.13258
FixedParameters: 0 0 0

#Transform 171
Transform: AffineTransform_float_3_3
Parameters: 0.99999 -0.003717 0.00274708 0.00372743 0.999986 -0.00385364 -0.00273336 0.00386337 0.999989 0.487572 -0.375906 -1.8987
FixedParameters: 0 0 0

#Transform 172
Transform: AffineTransform_float_3_3
Parameters: 0.999989 -0.00363697 0.00304006 0.00364026 0.999993 -0.000945625 -0.00303643 0.000956373 0.999995 0.499297 -0.256298 -1.61113
FixedParameters: 0 0 0

#Transform 173
Transform: AffineTransform_float_3_3
Parameters: 0.999989 -0.00348615 0.00309983 0.00349485 0.999991 -0.00254051 -0.00309101 0.00255148 0.999991 0.437454 -0.215805 -1.50339
FixedParameters: 0 0 0

#Transform 174
Transform: AffineTransform_float_3_3
Parameters: 0.999992 -0.00341891 0.00215031 0.00342407 0.999991 -0.00262787 -0.00214164 0.00263613 0.999994 0.367707 -0.218827 -1.1938
FixedParameters: 0 0 0

#Transform 175
Transform: AffineTransform_float_3_3
Parameters: 0.999996 -0.00248642 -0.0006671 0.00248694 0.999996 -0.000696478 0.000668857 0.000694521 0.999999 0.195647 -0.0690447 -0.816993
FixedParameters: 0 0 0

#Transform 176
Transform: AffineTransform_float_3_3
Parameters: 0.999999 -3.90759e-05 -0.00125647 4.22915e-05 0.999997 0.00253431 0.00125651 -0.00253369 0.999996 0.0590132 0.194108 -0.686471
FixedParameters: 0 0 0

#Transform 177
Transform: AffineTransform_float_3_3
Parameters: 0.999999 9.56027e-05 -0.000933192 -9.50913e-05 1 0.000767449 0.000933729 -0.000766551 0.999999 0.0418835 0.2052 -0.670794
FixedParameters: 0 0 0

#Transform 178
Transform: AffineTransform_float_3_3
Parameters: 0.999999 -0.000916952 -0.000902453 0.000915613 0.999997 -0.00205362 0.000904123 0.00205338 0.999997 0.0646803 0.0597249 -0.848501
FixedParameters: 0 0 0

#Transform 179
Transform: AffineTransform_float_3_3
Parameters: 0.999999 -0.00115438 -0.000568878 0.00115399 0.999999 -0.00034745 0.00056968 0.00034755 1 0.114068 -0.0283004 -0.84464
FixedParameters: 0 0 0

#Transform 180
Transform: AffineTransform_float_3_3
Parameters: 0.999993 -0.00116932 -0.00337315 0.00117148 0.999999 0.000455362 0.00337247 -0.000459635 0.999994 -0.0206938 -0.0578073 -0.854113
FixedParameters: 0 0 0

#Transform 181
Transform: AffineTransform_float_3_3
Parameters: 0.999992 -0.00119647 -0.00367038 0.00119597 0.999999 -0.000320722 0.00367036 0.000316281 0.999993 -0.0277064 -0.0156003 -0.96374
FixedParameters: 0 0 0

#Transform 182
Transform: AffineTransform_float_3_3
Parameters: 0.999994 -0.00204531 -0.00300097 0.00204314 0.999997 -0.000605282 0.00300173 0.000598717 0.999995 0.0371913 -0.0209421 -1.00813
FixedParameters: 0 0 0

#Transform 183
Transform: AffineTransform_float_3_3
Parameters: 0.999987 -0.00499084 -0.00100275 0.004991 0.999987 -0.000451641 0.00100461 0.000446361 0.999999 0.258728 -0.041345 -1.10787
FixedParameters: 0 0 0

#Transform 184
Transform: AffineTransform_float_3_3
Parameters: 0.999988 -0.00498013 -0.000803634 0.00497999 0.999988 -8.66336e-05 0.00080448 8.33643e-05 1 0.261962 -0.0488364 -1.10906
FixedParameters: 0 0 0

#Transform 185
Transform: AffineTransform_float_3_3
Parameters: 0.999989 -0.00464662 -0.000424399 0.00464699 0.99999 -0.000186019 0.000424807 0.000183984 0.999999 0.277969 -0.0840194 -1.13297
FixedParameters: 0 0 0

#Transform 186
Transform: AffineTransform_float_3_3
Parameters: 0.999993 -0.00375242 0.000251844 0.00375209 0.999993 0.000384386 -0.00025249 -0.000382617 1 0.287919 0.0218935 -1.12377
FixedParameters: 0 0 0

#Transform 187
Transform: AffineTransform_float_3_3
Parameters: 0.999987 -0.00462744 -0.00186371 0.00462916 0.99999 0.000743037 0.00185941 -0.000751958 0.999997 0.233809 0.00751441 -1.19711
FixedParameters: 0 0 0

#Transform 188
Transform: AffineTransform_float_3_3
Parameters: 0.999995 -0.00313826 -0.00109705 0.00313903 0.999994 0.000834797 0.00109443 -0.000838202 0.999999 0.24155 -0.0203929 -1.23488
FixedParameters: 0 0 0

#Transform 189
Transform: AffineTransform_float_3_3
