# transform file /out/sourcedata/freesurfer/sub-v2s5x29545_ses-1/mri/transforms/cc_up.lta
# created by oesteban on Fri Mar 13 09:12:58 2026

type      = 0 # LINEAR_VOX_TO_VOX
nxforms   = 1
mean      = 158.0000 122.0000 139.0000
sigma     = 10000.0000
1 4 4
9.989185929298401e-01 4.423410445451736e-02 1.430960558354855e-02 -3.678260803222656e+01 
-4.422956705093384e-02 9.990211129188538e-01 -6.335928337648511e-04 3.519817352294922e+01 
-1.432362478226423e-02 0.000000000000000e+00 9.998973011970520e-01 2.328842926025391e+01 
0.000000000000000e+00 0.000000000000000e+00 0.000000000000000e+00 1.000000000000000e+00 
src volume info
valid = 1  # volume info valid
filename = /out/sourcedata/freesurfer/sub-v2s5x29545_ses-1/mri/norm.mgz
volume = 320 320 320
voxelsize = 6.999999880790710e-01 6.999999880790710e-01 6.999999880790710e-01
xras   = -1.000000000000000e+00 0.000000000000000e+00 0.000000000000000e+00
yras   = 0.000000000000000e+00 0.000000000000000e+00 -1.000000000000000e+00
zras   = 0.000000000000000e+00 1.000000000000000e+00 0.000000000000000e+00
cras   = -9.798049926757812e-01 2.306999206542969e+01 -9.158004760742188e+00
dst volume info
valid = 1  # volume info valid
filename = /out/sourcedata/freesurfer/sub-v2s5x29545_ses-1/mri/norm.mgz
volume = 320 320 320
voxelsize = 6.999999880790710e-01 6.999999880790710e-01 6.999999880790710e-01
xras   = -1.000000000000000e+00 0.000000000000000e+00 0.000000000000000e+00
yras   = 0.000000000000000e+00 0.000000000000000e+00 -1.000000000000000e+00
zras   = 0.000000000000000e+00 1.000000000000000e+00 0.000000000000000e+00
cras   = -9.798049926757812e-01 2.306999206542969e+01 -9.158004760742188e+00
