# transform file /out/sourcedata/freesurfer/sub-v2s5x29543_ses-1/mri/transforms/cc_up.lta
# created by oesteban on Fri Mar 13 09:33:24 2026

type      = 0 # LINEAR_VOX_TO_VOX
nxforms   = 1
mean      = 156.0000 121.0000 140.0000
sigma     = 10000.0000
1 4 4
9.969086647033691e-01 -1.509405113756657e-02 -7.710580527782440e-02 -1.477056217193604e+01 
1.504910551011562e-02 9.998860359191895e-01 -1.163971610367298e-03 3.681953048706055e+01 
7.711458951234818e-02 -1.164153218269348e-10 9.970222711563110e-01 -5.589478492736816e+00 
0.000000000000000e+00 0.000000000000000e+00 0.000000000000000e+00 1.000000000000000e+00 
src volume info
valid = 1  # volume info valid
filename = /out/sourcedata/freesurfer/sub-v2s5x29543_ses-1/mri/norm.mgz
volume = 320 320 320
voxelsize = 6.999999880790710e-01 6.999999880790710e-01 6.999999880790710e-01
xras   = -1.000000000000000e+00 0.000000000000000e+00 0.000000000000000e+00
yras   = 0.000000000000000e+00 0.000000000000000e+00 -1.000000000000000e+00
zras   = 0.000000000000000e+00 1.000000000000000e+00 0.000000000000000e+00
cras   = -9.798049926757812e-01 1.641098022460938e+01 -1.218460083007812e+01
dst volume info
valid = 1  # volume info valid
filename = /out/sourcedata/freesurfer/sub-v2s5x29543_ses-1/mri/norm.mgz
volume = 320 320 320
voxelsize = 6.999999880790710e-01 6.999999880790710e-01 6.999999880790710e-01
xras   = -1.000000000000000e+00 0.000000000000000e+00 0.000000000000000e+00
yras   = 0.000000000000000e+00 0.000000000000000e+00 -1.000000000000000e+00
zras   = 0.000000000000000e+00 1.000000000000000e+00 0.000000000000000e+00
cras   = -9.798049926757812e-01 1.641098022460938e+01 -1.218460083007812e+01
