# transform file /out/sourcedata/freesurfer/sub-v2s5x29540_ses-1/mri/transforms/cc_up.lta
# created by oesteban on Fri Mar 13 09:15:05 2026

type      = 0 # LINEAR_VOX_TO_VOX
nxforms   = 1
mean      = 158.0000 117.0000 126.0000
sigma     = 10000.0000
1 4 4
9.913690686225891e-01 6.493891030550003e-02 -1.138869076967239e-01 -2.374184799194336e+01 
-6.451459974050522e-02 9.978892207145691e-01 7.411334663629532e-03 4.768441009521484e+01 
1.141277998685837e-01 0.000000000000000e+00 9.934660196304321e-01 7.526669502258301e+00 
0.000000000000000e+00 0.000000000000000e+00 0.000000000000000e+00 1.000000000000000e+00 
src volume info
valid = 1  # volume info valid
filename = /out/sourcedata/freesurfer/sub-v2s5x29540_ses-1/mri/norm.mgz
volume = 320 320 320
voxelsize = 6.999999880790710e-01 6.999999880790710e-01 6.999999880790710e-01
xras   = -1.000000000000000e+00 0.000000000000000e+00 0.000000000000000e+00
yras   = 0.000000000000000e+00 0.000000000000000e+00 -1.000000000000000e+00
zras   = 0.000000000000000e+00 1.000000000000000e+00 0.000000000000000e+00
cras   = 3.257499694824219e+00 1.398999786376953e+01 -3.094979858398438e+01
dst volume info
valid = 1  # volume info valid
filename = /out/sourcedata/freesurfer/sub-v2s5x29540_ses-1/mri/norm.mgz
volume = 320 320 320
voxelsize = 6.999999880790710e-01 6.999999880790710e-01 6.999999880790710e-01
xras   = -1.000000000000000e+00 0.000000000000000e+00 0.000000000000000e+00
yras   = 0.000000000000000e+00 0.000000000000000e+00 -1.000000000000000e+00
zras   = 0.000000000000000e+00 1.000000000000000e+00 0.000000000000000e+00
cras   = 3.257499694824219e+00 1.398999786376953e+01 -3.094979858398438e+01
