#Insight Transform File V1.0
#Transform 0
Transform: AffineTransform_float_3_3
Parameters: 1 -7.65221e-05 -0.000180445 7.66444e-05 1 0.000338986 0.000180393 -0.000339014 1 0.0101536 0.053806 0.0202701
FixedParameters: 0 0 0

#Transform 1
Transform: AffineTransform_float_3_3
Parameters: 1 -0.000141824 -6.80138e-05 0.000141853 1 0.00021299 6.79533e-05 -0.00021301 1 0.00877514 -0.00618728 0.0237969
FixedParameters: 0 0 0

#Transform 2
Transform: AffineTransform_float_3_3
Parameters: 1 0 0 0 1 0.000446 0 -0.000446 1 0.013382 0.0373654 -0.0379774
FixedParameters: 0 0 0

#Transform 3
Transform: AffineTransform_float_3_3
Parameters: 1 -5.70467e-05 -0.000134394 5.70467e-05 1 -7.66672e-09 0.000134394 -7.66672e-09 1 0.0118393 0.0921966 -0.0646725
FixedParameters: 0 0 0

#Transform 4
Transform: AffineTransform_float_3_3
Parameters: 1 0 0 0 1 -4.68514e-17 0 -2.7651e-17 1 0.008712 0.0945123 -0.0399225
FixedParameters: 0 0 0

#Transform 5
Transform: AffineTransform_float_3_3
Parameters: 1 -0.000166618 7.07065e-05 0.000166605 1 9.50118e-05 -7.07381e-05 -9.49882e-05 1 0.0158859 -0.00328001 -0.0370943
FixedParameters: 0 0 0

#Transform 6
Transform: AffineTransform_float_3_3
Parameters: 1 0 0 0 1 -4.68514e-17 0 -2.7651e-17 1 0.01579 0.0727607 -0.0898071
FixedParameters: 0 0 0

#Transform 7
Transform: AffineTransform_float_3_3
Parameters: 1 0 0 0 1 0.000127 0 -0.000127 1 0.011769 0.142562 -0.107312
FixedParameters: 0 0 0

#Transform 8
Transform: AffineTransform_float_3_3
Parameters: 1 -5.54488e-05 -0.000130727 5.55188e-05 1 0.000267993 0.000130697 -0.000268007 1 0.0119276 0.0749567 -0.0511654
FixedParameters: 0 0 0

#Transform 9
Transform: AffineTransform_float_3_3
Parameters: 1 0 0 0 1 0.000571 0 -0.000571 1 0 0.0245296 -0.0191616
FixedParameters: 0 0 0

#Transform 10
Transform: AffineTransform_float_3_3
Parameters: 1 1.99109e-05 4.69527e-05 -1.99436e-05 1 0.000347999 -4.69388e-05 -0.000348001 1 0.000519507 0.0693648 -0.0410331
FixedParameters: 0 0 0

#Transform 11
Transform: AffineTransform_float_3_3
Parameters: 1 0.000129775 2.42397e-05 -0.000129783 1 0.000178997 -2.41932e-05 -0.000179003 1 -0.00219263 0.145502 -0.0662932
FixedParameters: 0 0 0

#Transform 12
Transform: AffineTransform_float_3_3
Parameters: 1 -2.61008e-05 0.000130552 2.60141e-05 1 0.000332003 -0.000130569 -0.000331997 1 0.00132356 0.0159901 -0.000443227
FixedParameters: 0 0 0

#Transform 13
Transform: AffineTransform_float_3_3
Parameters: 1 0 0 0 1 0.000291 0 -0.000291 1 1.1e-05 0.0266763 -0.0236986
FixedParameters: 0 0 0

#Transform 14
Transform: AffineTransform_float_3_3
Parameters: 1 6.20836e-05 0.000146378 -6.21688e-05 1 0.000290991 -0.000146342 -0.000291009 1 0.0075618 0.0399371 -0.0358773
FixedParameters: 0 0 0

#Transform 15
Transform: AffineTransform_float_3_3
Parameters: 1 0 0 0 1 -2.2e-05 0 2.2e-05 1 0.007904 0.113365 -0.09823
FixedParameters: 0 0 0

#Transform 16
Transform: AffineTransform_float_3_3
Parameters: 1 -0.00024798 -0.000307522 0.000247805 1 -0.000284229 0.000307663 0.000284771 0.999999 0.0104003 0.0655245 -0.0390927
FixedParameters: 0 0 0

#Transform 17
Transform: AffineTransform_float_3_3
Parameters: 1 0 0 0 1 0.000115 0 -0.000115 1 0 -0.0269603 -0.00887414
FixedParameters: 0 0 0

#Transform 18
Transform: AffineTransform_float_3_3
Parameters: 1 2.61784e-05 6.16741e-05 -2.61796e-05 1 9.99839e-06 -6.16736e-05 -1.00016e-05 1 -0.00310376 0.0566409 -0.0553377
FixedParameters: 0 0 0

#Transform 19
Transform: AffineTransform_float_3_3
Parameters: 1 0 0 0 1 -0.000284 0 0.000284 1 0 0.125596 -0.0578832
FixedParameters: 0 0 0

#Transform 20
Transform: AffineTransform_float_3_3
Parameters: 1 -3.36082e-05 -7.91611e-05 3.35975e-05 1 -6.80027e-05 7.91657e-05 6.79973e-05 1 -0.000872701 -0.00517508 -0.00143623
FixedParameters: 0 0 0

#Transform 21
Transform: AffineTransform_float_3_3
Parameters: 1 2.34428e-05 5.52308e-05 -2.3445e-05 1 1.99987e-05 -5.52298e-05 -2.00013e-05 1 0.00734721 0.0125863 -0.0409462
FixedParameters: 0 0 0

#Transform 22
Transform: AffineTransform_float_3_3
Parameters: 1 -0.000124422 -1.67047e-05 0.00012442 1 -7.00021e-05 1.67221e-05 6.99979e-05 1 -0.000378475 0.0565392 -0.0593061
FixedParameters: 0 0 0

#Transform 23
Transform: AffineTransform_float_3_3
Parameters: 1 4.69419e-05 -1.99364e-05 -4.69496e-05 1 -0.000194999 1.99181e-05 0.000195001 1 -0.000122312 0.163261 -0.0923904
FixedParameters: 0 0 0

#Transform 24
Transform: AffineTransform_float_3_3
Parameters: 1 0 0 0 1 -0.000284 0 0.000284 1 0 0.0692023 -0.033292
FixedParameters: 0 0 0

#Transform 25
Transform: AffineTransform_float_3_3
Parameters: 1 4.06247e-05 9.57373e-05 -4.06473e-05 1 0.000117996 -9.57277e-05 -0.000118004 1 0.00103226 -0.0352304 -0.00573226
FixedParameters: 0 0 0

#Transform 26
Transform: AffineTransform_float_3_3
Parameters: 1 0 0 0 1 -0.000119 0 0.000119 1 0 0.0320538 -0.0607239
FixedParameters: 0 0 0

#Transform 27
Transform: AffineTransform_float_3_3
Parameters: 1 0 0 0 1 -0.000284 0 0.000284 1 0 0.114082 -0.0756074
FixedParameters: 0 0 0

#Transform 28
Transform: AffineTransform_float_3_3
Parameters: 1 -7.93416e-05 -0.000186853 7.92952e-05 1 -0.000124015 0.000186872 0.000123985 1 -0.00202396 0.0580465 -0.033607
FixedParameters: 0 0 0

#Transform 29
Transform: AffineTransform_float_3_3
Parameters: 1 -6.83773e-05 -0.000161089 6.83786e-05 1 3.98898e-06 0.000161088 -4.01101e-06 1 -0.00172787 -0.004712 -0.0155059
FixedParameters: 0 0 0

#Transform 30
Transform: AffineTransform_float_3_3
Parameters: 1 -3.00924e-05 -7.08763e-05 3.00802e-05 1 -8.60021e-05 7.08815e-05 8.59979e-05 1 -0.000760288 0.0205752 -0.0309349
FixedParameters: 0 0 0

#Transform 31
Transform: AffineTransform_float_3_3
Parameters: 1 -1.88398e-05 -0.000310339 1.86635e-05 1 -0.000284006 0.000310349 0.000283994 1 -0.00321822 0.123811 -0.0615439
FixedParameters: 0 0 0

#Transform 32
Transform: AffineTransform_float_3_3
Parameters: 1 -2.76383e-05 -0.000297896 2.75465e-05 1 -0.000154008 0.000297905 0.000153992 1 -0.00312119 0.119859 -0.00184475
FixedParameters: 0 0 0

#Transform 33
Transform: AffineTransform_float_3_3
Parameters: 1 -7.22713e-05 -0.000170299 7.22992e-05 1 8.19877e-05 0.000170287 -8.20123e-05 1 -0.00187572 -0.00321306 0.0209407
FixedParameters: 0 0 0

#Transform 34
Transform: AffineTransform_float_3_3
Parameters: 1 -9.26458e-05 -0.000218142 9.25607e-05 1 -0.00019502 0.000218178 0.00019498 1 -0.00240728 0.0358889 -0.0139501
FixedParameters: 0 0 0

#Transform 35
Transform: AffineTransform_float_3_3
Parameters: 1 -7.84881e-05 -0.000185042 7.85858e-05 1 0.000263985 0.000185001 -0.000264015 1 -0.00203854 0.0623404 -0.0316239
FixedParameters: 0 0 0

#Transform 36
Transform: AffineTransform_float_3_3
Parameters: 1 -0.000162577 -0.000382916 0.000162511 1 -8.60622e-05 0.000382944 8.59377e-05 1 -0.00419434 0.150232 -0.0497483
FixedParameters: 0 0 0

#Transform 37
Transform: AffineTransform_float_3_3
Parameters: 1 -0.000116416 -0.00027432 0.000116459 1 7.79681e-05 0.000274301 -7.80319e-05 1 -0.0030468 0.0291961 0.00601784
FixedParameters: 0 0 0

#Transform 38
Transform: AffineTransform_float_3_3
Parameters: 1 -0.000216789 -0.000359916 0.000216919 1 0.000179922 0.000359838 -0.000180078 1 -0.00402699 0.014623 -0.00966942
FixedParameters: 0 0 0

#Transform 39
Transform: AffineTransform_float_3_3
Parameters: 1 -0.000162574 -0.000382917 0.000162515 1 -7.70622e-05 0.000382942 7.69377e-05 1 -0.00418651 0.0591224 -0.0315027
FixedParameters: 0 0 0

#Transform 40
Transform: AffineTransform_float_3_3
Parameters: 1 -0.000162529 -0.000382936 0.000162559 1 3.99377e-05 0.000382923 -4.00622e-05 1 -0.0041947 0.131658 -0.0409188
FixedParameters: 0 0 0

#Transform 41
Transform: AffineTransform_float_3_3
Parameters: 1 -0.000162601 -0.000382906 0.000162487 1 -0.000150062 0.000382954 0.000149938 1 -0.00419248 0.0505651 -0.0123021
FixedParameters: 0 0 0

#Transform 42
Transform: AffineTransform_float_3_3
Parameters: 1 -0.000127072 -0.000299128 0.000126903 1 -0.000281038 0.0002992 0.000280962 1 0.00657285 0.0121164 -0.0385005
FixedParameters: 0 0 0

#Transform 43
Transform: AffineTransform_float_3_3
Parameters: 1 -0.000125514 -0.000295444 0.000125335 1 -0.000303037 0.00029552 0.000302963 1 0.00191502 0.0700358 -0.0631444
FixedParameters: 0 0 0

#Transform 44
Transform: AffineTransform_float_3_3
Parameters: 1 -0.00021665 -0.000509881 0.00021628 1 -0.00036311 0.000510038 0.000362889 1 0.00652005 0.127248 -0.0513146
FixedParameters: 0 0 0

#Transform 45
Transform: AffineTransform_float_3_3
Parameters: 1 -0.000390926 -0.000285897 0.000390732 1 -0.000338112 0.000286161 0.000337888 1 0.00722904 -0.00429856 0.0039863
FixedParameters: 0 0 0

#Transform 46
Transform: AffineTransform_float_3_3
Parameters: 1 -0.000378448 -3.90127e-05 0.000378007 0.999999 -0.000652014 3.85854e-05 0.000651985 1 0.0107766 0.00585824 -0.0125501
FixedParameters: 0 0 0

#Transform 47
Transform: AffineTransform_float_3_3
Parameters: 1 -0.000464665 -5.77566e-05 0.000464586 0.999999 -0.000680027 5.83885e-05 0.000679973 1 -0.00125956 0.112537 -0.0473725
FixedParameters: 0 0 0

#Transform 48
Transform: AffineTransform_float_3_3
Parameters: 1 -0.000535446 -0.000224451 0.000535251 1 -0.00043512 0.000224917 0.000434879 1 -0.00305613 0.108812 -0.0188934
FixedParameters: 0 0 0

#Transform 49
Transform: AffineTransform_float_3_3
Parameters: 1 -0.000640345 2.97892e-05 0.000640367 0.999999 -0.000362981 -2.93243e-05 0.000363019 1 -0.000569859 0.0185673 0.0271289
FixedParameters: 0 0 0

#Transform 50
Transform: AffineTransform_float_3_3
Parameters: 1 -0.000418888 4.9817e-05 0.000418543 1 -0.000454979 -5.03565e-05 0.000455021 1 -0.000110201 0.0631922 -0.0272929
FixedParameters: 0 0 0

#Transform 51
Transform: AffineTransform_float_3_3
Parameters: 1 -0.000535492 -0.000224342 0.000535205 0.999999 -0.00063912 0.000225026 0.000638879 1 -0.00308197 0.182025 -0.0560758
FixedParameters: 0 0 0

#Transform 52
Transform: AffineTransform_float_3_3
Parameters: 1 -0.000479896 -9.38124e-05 0.000479833 1 -0.000333198 9.41324e-05 0.000333802 1 -0.00164799 0.0708963 0.0291272
FixedParameters: 0 0 0

#Transform 53
Transform: AffineTransform_float_3_3
Parameters: 1 -0.000546693 -2.09947e-05 0.000546297 1 -0.000130011 2.02163e-05 0.000129989 1 -0.0162318 0.00230109 0.0242911
FixedParameters: 0 0 0

#Transform 54
Transform: AffineTransform_float_3_3
Parameters: 1 -0.000535422 -0.00022451 0.000535276 1 -0.000324273 0.000224858 0.000324727 0.999999 -0.01346 0.042574 0.000243167
FixedParameters: 0 0 0

#Transform 55
Transform: AffineTransform_float_3_3
Parameters: 1 -0.00041537 5.80825e-05 0.000415418 1 -0.000412976 -5.77394e-05 0.000413024 1 -0.00700427 0.168392 -0.0531231
FixedParameters: 0 0 0

#Transform 56
Transform: AffineTransform_float_3_3
Parameters: 1 -0.00044895 -0.000261191 0.000449612 1 -0.000494117 0.000261244 0.000493883 1 -0.0131835 0.101622 0.0188928
FixedParameters: 0 0 0

#Transform 57
Transform: AffineTransform_float_3_3
Parameters: 1 -0.000468557 -6.71173e-05 0.000468511 1 -0.000342184 6.74382e-05 0.000342816 1 -0.00729712 0.011392 0.0307484
FixedParameters: 0 0 0

#Transform 58
Transform: AffineTransform_float_3_3
Parameters: 1 -0.000367642 0.000170391 0.000367807 1 -0.000483937 -0.000170035 0.000484062 1 -0.00431322 0.0379046 -0.0089549
FixedParameters: 0 0 0

#Transform 59
Transform: AffineTransform_float_3_3
Parameters: 1 -0.000391088 0.000115258 0.00039125 0.999999 -0.000704955 -0.000114706 0.000705045 0.999999 -0.0107778 0.133358 -0.0586919
FixedParameters: 0 0 0

#Transform 60
Transform: AffineTransform_float_3_3
Parameters: 1 -0.000438836 2.98263e-06 0.000438449 0.999999 -0.000687998 -3.29957e-06 0.000688001 1 -0.0121089 0.0899343 -0.0108589
FixedParameters: 0 0 0

#Transform 61
Transform: AffineTransform_float_3_3
Parameters: 1 -0.000452529 -2.9293e-05 0.000452497 1 -0.000539013 2.97808e-05 0.000538986 1 -0.00963994 0.0277577 0.000430227
FixedParameters: 0 0 0

#Transform 62
Transform: AffineTransform_float_3_3
Parameters: 1 -0.000452526 -2.9341e-05 0.000452501 1 -0.000433013 2.97329e-05 0.000432986 1 -0.00890382 0.0627766 -0.0323186
FixedParameters: 0 0 0

#Transform 63
Transform: AffineTransform_float_3_3
Parameters: 1 -0.000452534 -2.92166e-05 0.000452492 0.999999 -0.000708013 2.98573e-05 0.000707986 0.999999 -0.00915642 0.131597 -0.0506193
FixedParameters: 0 0 0

#Transform 64
Transform: AffineTransform_float_3_3
Parameters: 1 -0.000452534 -2.92166e-05 0.000452492 0.999999 -0.000708013 2.98573e-05 0.000707986 0.999999 -0.00809801 0.0527975 0.025422
FixedParameters: 0 0 0

#Transform 65
Transform: AffineTransform_float_3_3
Parameters: 1 -0.00059675 -0.000102734 0.000596253 1 -0.000519214 0.000102433 0.000519786 0.999999 -0.0122735 0.0246053 0.0092149
FixedParameters: 0 0 0

#Transform 66
Transform: AffineTransform_float_3_3
Parameters: 1 -0.000452534 -2.92166e-05 0.000452492 0.999999 -0.000708013 2.98573e-05 0.000707986 0.999999 -0.0081902 0.0854392 -0.0280444
FixedParameters: 0 0 0

#Transform 67
Transform: AffineTransform_float_3_3
Parameters: 0.999999 -0.00060992 -0.000399072 0.000609254 0.999999 -0.000832884 0.000400088 0.000833116 1 -0.0157404 0.1578 -0.00299095
FixedParameters: 0 0 0

#Transform 68
Transform: AffineTransform_float_3_3
Parameters: 0.999999 -0.000691112 -0.000222239 0.000690406 0.999999 -0.000708306 0.000222297 0.000708693 0.999999 -0.0201811 0.0154155 0.0634351
FixedParameters: 0 0 0

#Transform 69
Transform: AffineTransform_float_3_3
Parameters: 1 -0.00053513 -0.00022335 0.000534785 0.999999 -0.000772119 0.000224176 0.00077188 0.999999 -0.0149303 0.0291074 0.0273884
FixedParameters: 0 0 0

#Transform 70
Transform: AffineTransform_float_3_3
Parameters: 1 -0.000585213 -0.000341173 0.000584729 1 -0.000708352 0.000342002 0.000708647 0.999999 -0.0145862 0.111987 -0.0169539
FixedParameters: 0 0 0

#Transform 71
Transform: AffineTransform_float_3_3
Parameters: 0.999999 -0.000625166 -0.00043499 0.000624095 0.999999 -0.000782271 0.000435047 0.000781728 0.999999 -0.0168663 0.175772 -0.0209664
FixedParameters: 0 0 0

#Transform 72
Transform: AffineTransform_float_3_3
Parameters: 0.999999 -0.000770113 -0.000451707 0.000769222 0.999999 -0.0005535 0.000451638 0.000553499 0.999999 -0.0290885 0.0438448 0.0565097
FixedParameters: 0 0 0

#Transform 73
Transform: AffineTransform_float_3_3
Parameters: 0.999999 -0.00061138 -0.000402913 0.00061092 1 -0.000570399 0.00040361 0.0005706 0.999999 -0.0168242 0.0226565 0.0264885
FixedParameters: 0 0 0

#Transform 74
Transform: AffineTransform_float_3_3
Parameters: 0.999999 -0.00074084 -0.000463945 0.000740503 1 -0.000934345 0.000464017 0.000933657 1 -0.0164443 0.120878 -0.0189359
FixedParameters: 0 0 0

#Transform 75
Transform: AffineTransform_float_3_3
Parameters: 0.999999 -0.000631889 -0.000450538 0.000630656 0.999999 -0.000933925 0.000450797 0.000934075 1 -0.0177143 0.126794 0.0287417
FixedParameters: 0 0 0

#Transform 76
Transform: AffineTransform_float_3_3
Parameters: 0.999999 -0.000653659 -0.000500842 0.000652787 0.999999 -0.00139933 0.000501358 0.00139867 0.999999 -0.0294183 -0.050006 0.16008
FixedParameters: 0 0 0

#Transform 77
Transform: AffineTransform_float_3_3
Parameters: 1 -0.000458031 -0.00102335 0.00045665 0.999998 -0.00157411 0.00102401 0.00157389 0.999998 -0.0502908 0.0361539 0.13902
FixedParameters: 0 0 0

#Transform 78
Transform: AffineTransform_float_3_3
Parameters: 1 -0.000518291 -0.00107594 0.000517091 0.999999 -0.00141235 0.00107662 0.00141265 0.999998 -0.0583178 0.0532525 0.118284
FixedParameters: 0 0 0

#Transform 79
Transform: AffineTransform_float_3_3
Parameters: 1 -0.00036076 -0.00102242 0.000359984 0.999999 -0.00147001 0.00102362 0.00146999 0.999999 -0.0575976 0.170212 0.144724
FixedParameters: 0 0 0

#Transform 80
Transform: AffineTransform_float_3_3
Parameters: 0.999999 -0.000460027 -0.000842051 0.000459324 0.999999 -0.00151003 0.000842657 0.00150997 0.999999 -0.0470063 -0.0121773 0.215345
FixedParameters: 0 0 0

#Transform 81
Transform: AffineTransform_float_3_3
Parameters: 1 -5.86153e-05 -0.000599 5.7642e-05 0.999998 -0.00158103 0.000598793 0.00158096 0.999998 -0.0528679 -0.000254832 0.185212
FixedParameters: 0 0 0

#Transform 82
Transform: AffineTransform_float_3_3
Parameters: 0.999999 -0.000427042 -0.00117032 0.00042451 0.999997 -0.00226135 0.00117108 0.00225965 0.999997 -0.0524277 0.0842412 0.142321
FixedParameters: 0 0 0

#Transform 83
Transform: AffineTransform_float_3_3
Parameters: 0.999999 -0.00037254 -0.00119358 0.000370395 0.999998 -0.00205508 0.00119393 0.00205492 0.999997 -0.051276 0.112695 0.15947
FixedParameters: 0 0 0

#Transform 84
Transform: AffineTransform_float_3_3
Parameters: 0.999999 -0.00033884 -0.000799134 0.000337628 0.999998 -0.00191027 0.000799644 0.00190973 0.999998 -0.0427641 -0.0262542 0.210117
FixedParameters: 0 0 0

#Transform 85
Transform: AffineTransform_float_3_3
Parameters: 0.999999 -0.000299989 -0.000903797 0.00029802 0.999998 -0.00210691 0.000904275 0.00210709 0.999998 -0.0451323 0.00980419 0.16084
FixedParameters: 0 0 0

#Transform 86
Transform: AffineTransform_float_3_3
Parameters: 0.999999 -0.000481955 -0.00113926 0.000480112 0.999998 -0.00202019 0.00114003 0.00201981 0.999997 -0.0482195 0.0714303 0.147909
FixedParameters: 0 0 0

#Transform 87
Transform: AffineTransform_float_3_3
Parameters: 0.999999 -0.000210976 -0.000893959 0.000209439 0.999998 -0.00210683 0.000894984 0.00210717 0.999998 -0.0484959 0.176225 0.117554
FixedParameters: 0 0 0

#Transform 88
Transform: AffineTransform_float_3_3
Parameters: 1 -0.000264621 -0.0011951 0.000262172 0.999997 -0.00217995 0.00119507 0.00218004 0.999997 -0.0566022 0.138515 0.184188
FixedParameters: 0 0 0

#Transform 89
Transform: AffineTransform_float_3_3
Parameters: 0.999999 -0.000309207 -0.000978177 0.000306406 0.999997 -0.0023723 0.000978856 0.0023717 0.999996 -0.0587854 0.0411723 0.282976
FixedParameters: 0 0 0

#Transform 90
Transform: AffineTransform_float_3_3
Parameters: 0.999999 -0.00036932 -0.00120043 0.000366476 0.999998 -0.00233408 0.00120097 0.00233392 0.999997 -0.0595988 -0.079986 0.269749
FixedParameters: 0 0 0

#Transform 91
Transform: AffineTransform_float_3_3
Parameters: 1 -0.000198353 -0.00103425 0.000195226 0.999997 -0.00240205 0.00103441 0.00240095 0.999997 -0.0437171 -0.0576391 0.177156
FixedParameters: 0 0 0

#Transform 92
Transform: AffineTransform_float_3_3
Parameters: 0.999999 -3.62872e-05 -0.00104695 3.35306e-05 0.999997 -0.00238204 0.00104725 0.00238196 0.999996 -0.0509927 0.083655 0.105779
FixedParameters: 0 0 0

#Transform 93
Transform: AffineTransform_float_3_3
Parameters: 0.999999 4.31517e-05 -0.000931973 -4.56384e-05 0.999996 -0.00253145 0.000931888 0.00253155 0.999997 -0.0471295 0.0990932 0.109981
FixedParameters: 0 0 0

#Transform 94
Transform: AffineTransform_float_3_3
Parameters: 0.999999 -0.000184392 -0.00130765 0.000180895 0.999997 -0.00218972 0.00130859 0.00218927 0.999997 -0.0561648 -0.00163098 0.155256
FixedParameters: 0 0 0

#Transform 95
Transform: AffineTransform_float_3_3
Parameters: 0.999999 -8.44891e-05 -0.00123177 8.14774e-05 0.999998 -0.00212774 0.00123226 0.00212826 0.999997 -0.0525947 0.0105701 0.127087
FixedParameters: 0 0 0

#Transform 96
Transform: AffineTransform_float_3_3
Parameters: 1 -5.9522e-05 -0.0011729 5.64302e-05 0.999998 -0.00226907 0.0011733 0.00226893 0.999996 -0.053271 0.03829 0.11846
FixedParameters: 0 0 0

#Transform 97
Transform: AffineTransform_float_3_3
Parameters: 0.999999 -0.000149698 -0.00138443 0.000145991 0.999998 -0.00214384 0.0013852 0.00214415 0.999996 -0.0583987 0.117969 0.105108
FixedParameters: 0 0 0

#Transform 98
Transform: AffineTransform_float_3_3
Parameters: 0.999999 -0.000207694 -0.00134543 0.000205396 0.999998 -0.00188077 0.00134504 0.00188024 0.999998 -0.056807 0.0576661 0.161721
FixedParameters: 0 0 0

#Transform 99
Transform: AffineTransform_float_3_3
Parameters: 1 -7.99865e-05 -0.00122167 7.73832e-05 0.999998 -0.00197858 0.00122212 0.00197842 0.999998 -0.0554487 -0.00165974 0.156138
FixedParameters: 0 0 0

#Transform 100
Transform: AffineTransform_float_3_3
Parameters: 0.999999 -1.99337e-05 -0.00108002 1.7091e-05 0.999997 -0.00234902 0.00108024 0.00234898 0.999996 -0.0526565 0.0352643 0.120017
FixedParameters: 0 0 0

#Transform 101
Transform: AffineTransform_float_3_3
Parameters: 0.999999 -0.000149751 -0.00138346 0.000146077 0.999997 -0.00246669 0.00138394 0.00246631 0.999996 -0.0584408 0.0647342 0.0997037
FixedParameters: 0 0 0

#Transform 102
Transform: AffineTransform_float_3_3
Parameters: 0.999999 -0.000149256 -0.00138352 0.000145651 0.999998 -0.00210884 0.00138428 0.00210915 0.999996 -0.0659109 0.0494708 0.134677
FixedParameters: 0 0 0

#Transform 103
Transform: AffineTransform_float_3_3
Parameters: 0.999999 -0.000143831 -0.000920663 0.000141161 0.999995 -0.00294977 0.000920332 0.00295023 0.999995 -0.0467452 -0.0477424 0.161004
FixedParameters: 0 0 0

#Transform 104
Transform: AffineTransform_float_3_3
Parameters: 0.999999 -0.000117279 -0.00130617 0.000112906 0.999995 -0.00288064 0.00130659 0.00288036 0.999995 -0.0536494 -0.00710875 0.140631
FixedParameters: 0 0 0

#Transform 105
Transform: AffineTransform_float_3_3
Parameters: 0.999998 -0.000642126 -0.00177661 0.000637486 0.999996 -0.00260042 0.00177798 0.00259958 0.999995 -0.0573758 0.064356 0.146947
FixedParameters: 0 0 0

#Transform 106
Transform: AffineTransform_float_3_3
Parameters: 0.999999 -0.000613621 -0.00160287 0.000607843 0.999994 -0.00323626 0.00160487 0.00323574 0.999994 -0.0568684 0.0376332 0.167587
FixedParameters: 0 0 0

#Transform 107
Transform: AffineTransform_float_3_3
Parameters: 0.999999 -0.000209352 -0.00143311 0.000205754 0.999997 -0.00267594 0.00143358 0.00267606 0.999996 -0.0635156 -0.0406566 0.224181
FixedParameters: 0 0 0

#Transform 108
Transform: AffineTransform_float_3_3
Parameters: 0.999999 -0.000311094 -0.00176387 0.000306947 0.999995 -0.00296167 0.00176519 0.00296133 0.999994 -0.063348 0.00600038 0.193233
FixedParameters: 0 0 0

#Transform 109
Transform: AffineTransform_float_3_3
Parameters: 0.999999 -0.000272497 -0.00174993 0.000267123 0.999996 -0.00296196 0.00175049 0.00296104 0.999994 -0.0734444 0.103525 0.181982
FixedParameters: 0 0 0

#Transform 110
Transform: AffineTransform_float_3_3
Parameters: 0.999998 -0.000437017 -0.00199493 0.000431791 0.999995 -0.00288899 0.00199693 0.002888 0.999994 -0.0770924 -0.00818613 0.262684
FixedParameters: 0 0 0

#Transform 111
Transform: AffineTransform_float_3_3
Parameters: 0.999998 -0.000435244 -0.00201093 0.000429388 0.999995 -0.002926 0.00201204 0.002925 0.999993 -0.0699261 -0.0225868 0.255638
FixedParameters: 0 0 0

#Transform 112
Transform: AffineTransform_float_3_3
Parameters: 0.999999 -0.000357814 -0.0018318 0.000352593 0.999997 -0.00253593 0.00183296 0.00253607 0.999995 -0.0732394 0.0259835 0.220915
FixedParameters: 0 0 0

#Transform 113
Transform: AffineTransform_float_3_3
Parameters: 0.999998 -0.000529658 -0.00198249 0.000523066 0.999995 -0.00292117 0.00198453 0.00291983 0.999994 -0.0793868 0.135214 0.196061
FixedParameters: 0 0 0

#Transform 114
Transform: AffineTransform_float_3_3
Parameters: 0.999998 -0.000512842 -0.00194293 0.000506279 0.999995 -0.00297312 0.00194493 0.00297188 0.999993 -0.0755491 0.0296397 0.26672
FixedParameters: 0 0 0

#Transform 115
Transform: AffineTransform_float_3_3
Parameters: 0.999997 -0.000584702 -0.00211018 0.00057718 0.999995 -0.00309051 0.00211143 0.00308949 0.999993 -0.0778767 -0.0390207 0.266162
FixedParameters: 0 0 0

#Transform 116
Transform: AffineTransform_float_3_3
Parameters: 0.999997 -0.000711494 -0.00240721 0.000704107 0.999995 -0.00295347 0.00240958 0.00295152 0.999992 -0.0849778 0.0278243 0.226195
FixedParameters: 0 0 0

#Transform 117
Transform: AffineTransform_float_3_3
Parameters: 0.999996 -0.000740187 -0.00247122 0.000731036 0.999994 -0.00341959 0.00247405 0.00341741 0.999991 -0.0874241 0.0975192 0.207236
FixedParameters: 0 0 0

#Transform 118
Transform: AffineTransform_float_3_3
Parameters: 0.999997 -0.000689905 -0.0023525 0.000680511 0.999993 -0.00364338 0.00235528 0.00364162 0.999991 -0.0870776 0.0343526 0.238457
FixedParameters: 0 0 0

#Transform 119
Transform: AffineTransform_float_3_3
Parameters: 0.999998 -0.000400304 -0.00199022 0.000392902 0.999994 -0.00344192 0.00199245 0.00344108 0.999992 -0.0767656 -0.0420185 0.238869
FixedParameters: 0 0 0

#Transform 120
Transform: AffineTransform_float_3_3
Parameters: 0.999998 -0.000552855 -0.00203366 0.000545475 0.999994 -0.0034934 0.00203568 0.0034926 0.999991 -0.0805501 0.0181272 0.205533
FixedParameters: 0 0 0

#Transform 121
Transform: AffineTransform_float_3_3
Parameters: 0.999998 -0.000532473 -0.00227405 0.000525197 0.999995 -0.00330449 0.00227534 0.00330352 0.999992 -0.0827821 0.133617 0.197049
FixedParameters: 0 0 0

#Transform 122
Transform: AffineTransform_float_3_3
Parameters: 0.999998 -0.000626091 -0.00220669 0.000619152 0.999995 -0.0031205 0.00220876 0.0031185 0.999992 -0.0803206 0.0103825 0.278077
FixedParameters: 0 0 0

#Transform 123
Transform: AffineTransform_float_3_3
Parameters: 0.999998 -0.000645143 -0.00225284 0.000638253 0.999996 -0.00284121 0.00225506 0.00283979 0.999994 -0.0782729 -0.0146451 0.271767
FixedParameters: 0 0 0

#Transform 124
Transform: AffineTransform_float_3_3
Parameters: 0.999996 -0.000737782 -0.00247194 0.000731212 0.999997 -0.00244658 0.00247319 0.00244441 0.999994 -0.0967225 0.0504241 0.245141
FixedParameters: 0 0 0

#Transform 125
Transform: AffineTransform_float_3_3
Parameters: 0.999996 -0.00073865 -0.00247168 0.000731653 0.999996 -0.00279759 0.00247398 0.00279541 0.999993 -0.0869975 0.139319 0.219675
FixedParameters: 0 0 0

#Transform 126
Transform: AffineTransform_float_3_3
Parameters: 0.999996 -0.00073992 -0.0024713 0.000731304 0.999995 -0.00331159 0.00247397 0.00330941 0.999992 -0.0796692 0.0639227 0.271402
FixedParameters: 0 0 0

#Transform 127
Transform: AffineTransform_float_3_3
Parameters: 0.999998 -0.000510661 -0.00193635 0.000503913 0.999994 -0.00326826 0.00193824 0.00326773 0.999992 -0.0734062 -0.0399334 0.290933
FixedParameters: 0 0 0

#Transform 128
Transform: AffineTransform_float_3_3
Parameters: 0.999998 -0.000497548 -0.00190604 0.000491238 0.999995 -0.00320522 0.00190779 0.00320478 0.999993 -0.0700615 0.017958 0.253179
FixedParameters: 0 0 0

#Transform 129
Transform: AffineTransform_float_3_3
Parameters: 0.999998 -0.000517677 -0.00149691 0.000514522 0.999998 -0.00166805 0.00149785 0.00166795 0.999998 -0.0602292 0.220698 0.0391907
FixedParameters: 0 0 0

#Transform 130
Transform: AffineTransform_float_3_3
Parameters: 0.999999 -0.000542558 -0.000852563 0.000541777 0.999999 -0.00130946 0.00085228 0.00130854 0.999999 -0.0506823 0.0868685 -0.0134045
FixedParameters: 0 0 0

#Transform 131
Transform: AffineTransform_float_3_3
Parameters: 0.999999 -0.000314503 -0.00135722 0.000313058 0.999999 -0.000871913 0.00135737 0.000871086 0.999999 -0.0433663 -0.14399 0.2039
FixedParameters: 0 0 0

#Transform 132
Transform: AffineTransform_float_3_3
Parameters: 0.999998 -0.000348719 -0.00156965 0.000347355 0.999999 -0.000435033 0.00156995 0.000433965 0.999999 -0.0418477 -0.026515 0.306671
FixedParameters: 0 0 0

#Transform 133
Transform: AffineTransform_float_3_3
Parameters: 0.999998 -0.000665407 -0.00143506 0.000664895 0.999999 -0.000499595 0.00143533 0.000498405 0.999999 -0.0343537 0.13965 0.300346
FixedParameters: 0 0 0

#Transform 134
Transform: AffineTransform_float_3_3
Parameters: 0.999998 -0.000914128 -0.00132927 0.000913247 0.999999 -0.000678007 0.00133012 0.000676991 0.999998 -0.0403782 0.0788976 0.353346
FixedParameters: 0 0 0

#Transform 135
Transform: AffineTransform_float_3_3
Parameters: 0.999998 -0.000731225 -0.00140704 0.00072979 0.999999 -0.000837309 0.00140787 0.000836691 0.999999 -0.0347675 0.0463626 0.334132
FixedParameters: 0 0 0

#Transform 136
Transform: AffineTransform_float_3_3
Parameters: 0.999998 -0.00073184 -0.00140672 0.000730095 0.999999 -0.00127467 0.0014078 0.00127333 0.999998 -0.0407937 0.0716414 0.280651
FixedParameters: 0 0 0

#Transform 137
Transform: AffineTransform_float_3_3
Parameters: 0.999998 -0.000732469 -0.00140639 0.000730387 0.999998 -0.00172131 0.00140774 0.00172069 0.999998 -0.0539081 0.115973 0.288453
FixedParameters: 0 0 0

#Transform 138
Transform: AffineTransform_float_3_3
Parameters: 0.999998 -0.000732094 -0.00140658 0.00072984 0.999999 -0.00145567 0.00140793 0.00145433 0.999998 -0.0628653 0.0735157 0.446317
FixedParameters: 0 0 0

#Transform 139
Transform: AffineTransform_float_3_3
Parameters: 0.999999 -0.000336471 -0.00148063 0.000333961 0.999999 -0.00146914 0.00148083 0.00146886 0.999997 -0.0658458 -0.0241688 0.432076
FixedParameters: 0 0 0

#Transform 140
Transform: AffineTransform_float_3_3
Parameters: 0.999999 -0.000499402 -0.00145038 0.000496485 0.999998 -0.00195736 0.00145115 0.00195664 0.999997 -0.0600682 0.116664 0.284018
FixedParameters: 0 0 0

#Transform 141
Transform: AffineTransform_float_3_3
Parameters: 0.999998 -0.000338324 -0.00157459 0.000335129 0.999998 -0.00201517 0.0015757 0.00201483 0.999996 -0.0666638 0.16878 0.191992
FixedParameters: 0 0 0

#Transform 142
Transform: AffineTransform_float_3_3
Parameters: 0.999998 -0.000497011 -0.00150691 0.000493625 0.999997 -0.00234524 0.00150767 0.00234377 0.999996 -0.0661407 0.122449 0.168684
FixedParameters: 0 0 0

#Transform 143
Transform: AffineTransform_float_3_3
Parameters: 0.999998 -0.000530452 -0.00149258 0.000527382 0.999998 -0.00195343 0.00149347 0.00195257 0.999997 -0.0567635 0.032613 0.202179
FixedParameters: 0 0 0

#Transform 144
Transform: AffineTransform_float_3_3
Parameters: 0.999998 -0.000488271 -0.00165626 0.000485044 0.999998 -0.00192545 0.00165789 0.00192455 0.999996 -0.0614941 0.0370164 0.192227
FixedParameters: 0 0 0

#Transform 145
Transform: AffineTransform_float_3_3
Parameters: 0.999999 -0.000549878 -0.00171047 0.000546623 0.999997 -0.00214122 0.00171218 0.00214078 0.999996 -0.068206 0.116855 0.160966
FixedParameters: 0 0 0

#Transform 146
Transform: AffineTransform_float_3_3
Parameters: 0.999998 -0.000553624 -0.00193611 0.000549326 0.999997 -0.0020612 0.00193682 0.0020598 0.999996 -0.0706507 0.0866788 0.212993
FixedParameters: 0 0 0

#Transform 147
Transform: AffineTransform_float_3_3
Parameters: 0.999999 -0.00055105 -0.00177518 0.000546844 0.999998 -0.00196226 0.00177616 0.00196174 0.999997 -0.0689238 -0.0137 0.245392
FixedParameters: 0 0 0

#Transform 148
Transform: AffineTransform_float_3_3
Parameters: 0.999999 -0.00050182 -0.00179831 0.000498611 0.999999 -0.00176854 0.00179983 0.00176746 0.999996 -0.0643187 0.0437685 0.210017
FixedParameters: 0 0 0

#Transform 149
Transform: AffineTransform_float_3_3
Parameters: 0.999998 -0.00056662 -0.00193045 0.000563023 0.999998 -0.00164722 0.00193114 0.00164578 0.999997 -0.0706041 0.178578 0.170603
FixedParameters: 0 0 0

#Transform 150
Transform: AffineTransform_float_3_3
Parameters: 0.999997 -0.000624301 -0.0020983 0.000620649 0.999999 -0.00174844 0.00209891 0.00174657 0.999997 -0.0747626 0.0883667 0.245278
FixedParameters: 0 0 0

#Transform 151
Transform: AffineTransform_float_3_3
Parameters: 0.999999 -0.000450091 -0.00174759 0.000446435 0.999998 -0.00194707 0.00174908 0.00194694 0.999997 -0.0727713 -0.0130217 0.258942
FixedParameters: 0 0 0

#Transform 152
Transform: AffineTransform_float_3_3
Parameters: 0.999998 -0.000505314 -0.00190775 0.000502108 0.999998 -0.00190724 0.00190903 0.00190676 0.999996 -0.0711945 0.0774825 0.196032
FixedParameters: 0 0 0

#Transform 153
Transform: AffineTransform_float_3_3
Parameters: 0.999998 -0.000466287 -0.001868 0.000462371 0.999998 -0.00228015 0.00186816 0.00227985 0.999996 -0.0706872 0.18047 0.184114
FixedParameters: 0 0 0

#Transform 154
Transform: AffineTransform_float_3_3
Parameters: 0.999998 -0.000694704 -0.00199009 0.000690048 0.999997 -0.00232651 0.00199135 0.00232449 0.999996 -0.0755172 0.0384364 0.268842
FixedParameters: 0 0 0

#Transform 155
Transform: AffineTransform_float_3_3
Parameters: 0.999998 -0.000552952 -0.00184623 0.000549041 0.999997 -0.00241115 0.00184785 0.00240986 0.999996 -0.0681884 -0.00544754 0.246856
FixedParameters: 0 0 0

#Transform 156
Transform: AffineTransform_float_3_3
Parameters: 0.999998 -0.000425983 -0.00187983 0.000421832 0.999997 -0.00243193 0.00188086 0.00243108 0.999996 -0.0770093 0.0807499 0.194964
FixedParameters: 0 0 0

#Transform 157
Transform: AffineTransform_float_3_3
Parameters: 0.999998 -0.000610302 -0.00225561 0.000605589 0.999998 -0.0023553 0.00225705 0.00235471 0.999995 -0.0802384 0.1702 0.201929
FixedParameters: 0 0 0

#Transform 158
Transform: AffineTransform_float_3_3
Parameters: 0.999997 -0.000648828 -0.00236314 0.00064195 0.999997 -0.00242929 0.00236432 0.00242771 0.999994 -0.0801485 0.0469622 0.278719
FixedParameters: 0 0 0

#Transform 159
Transform: AffineTransform_float_3_3
Parameters: 0.999997 -0.000606307 -0.00238127 0.000599785 0.999997 -0.0023362 0.00238214 0.0023348 0.999995 -0.0751112 0.0170377 0.244725
FixedParameters: 0 0 0

#Transform 160
Transform: AffineTransform_float_3_3
Parameters: 0.999998 -0.000564882 -0.00217393 0.000559921 0.999997 -0.00250099 0.00217532 0.00250001 0.999995 -0.073745 0.0639689 0.2226
FixedParameters: 0 0 0

#Transform 161
Transform: AffineTransform_float_3_3
Parameters: 0.999997 -0.000733436 -0.00232698 0.000727635 0.999997 -0.00243347 0.00232819 0.00243153 0.999995 -0.0836331 0.162541 0.182011
FixedParameters: 0 0 0

#Transform 162
Transform: AffineTransform_float_3_3
Parameters: 0.999998 -0.000641765 -0.00218439 0.000637254 0.999998 -0.00187568 0.00218522 0.00187432 0.999995 -0.080318 0.0650976 0.236765
FixedParameters: 0 0 0

#Transform 163
Transform: AffineTransform_float_3_3
Parameters: 0.999998 -0.000535408 -0.00181449 0.000532009 0.999998 -0.00205825 0.00181605 0.00205775 0.999996 -0.0722071 0.00792308 0.265142
FixedParameters: 0 0 0

#Transform 164
Transform: AffineTransform_float_3_3
Parameters: 0.999998 -0.000522978 -0.00154256 0.00052006 0.999997 -0.00226529 0.00154428 0.00226371 0.999997 -0.0753832 0.0431875 0.227162
FixedParameters: 0 0 0

#Transform 165
Transform: AffineTransform_float_3_3
Parameters: 0.999998 -0.000606013 -0.0015071 0.000602328 0.999997 -0.00244355 0.00150849 0.00244245 0.999996 -0.0720186 0.159606 0.135385
FixedParameters: 0 0 0

#Transform 166
Transform: AffineTransform_float_3_3
Parameters: 0.999999 -0.000825084 -0.00162122 0.000821165 0.999997 -0.00222361 0.00162239 0.00222238 0.999996 -0.0653939 0.0753303 0.214571
FixedParameters: 0 0 0

#Transform 167
Transform: AffineTransform_float_3_3
Parameters: 0.999999 -0.000837795 -0.00165057 0.000833461 0.999997 -0.00231002 0.00165195 0.00230798 0.999996 -0.0661405 -0.00532384 0.2487
FixedParameters: 0 0 0

#Transform 168
Transform: AffineTransform_float_3_3
Parameters: 0.999999 -0.000562589 -0.00139842 0.000558923 0.999998 -0.00229743 0.00139982 0.00229658 0.999997 -0.0658632 0.056796 0.221095
FixedParameters: 0 0 0

#Transform 169
Transform: AffineTransform_float_3_3
Parameters: 0.999998 -0.0006346 -0.00154708 0.000631503 0.999997 -0.00219026 0.00154829 0.00218974 0.999997 -0.0639809 0.155617 0.169572
FixedParameters: 0 0 0

#Transform 170
Transform: AffineTransform_float_3_3
Parameters: 0.999998 -0.000669364 -0.0015953 0.000665995 0.999998 -0.00220971 0.00159668 0.0022083 0.999996 -0.0693373 0.106217 0.201328
FixedParameters: 0 0 0

#Transform 171
Transform: AffineTransform_float_3_3
Parameters: 0.999998 -0.000564947 -0.00149417 0.000562068 0.999998 -0.00201748 0.00149619 0.00201652 0.999997 -0.0613939 0.0350107 0.199616
FixedParameters: 0 0 0

#Transform 172
Transform: AffineTransform_float_3_3
Parameters: 0.999999 -0.000648081 -0.00172618 0.000644092 0.999997 -0.00222139 0.00172748 0.0022206 0.999996 -0.0675966 0.0606008 0.180082
FixedParameters: 0 0 0

#Transform 173
Transform: AffineTransform_float_3_3
Parameters: 0.999998 -0.000615651 -0.00152906 0.000612364 0.999998 -0.00197758 0.00153032 0.00197642 0.999997 -0.0637033 0.149519 0.139863
FixedParameters: 0 0 0

#Transform 174
Transform: AffineTransform_float_3_3
Parameters: 0.999998 -0.00075669 -0.00196358 0.000753251 0.999998 -0.00204776 0.00196472 0.00204624 0.999996 -0.0784135 0.101616 0.205347
FixedParameters: 0 0 0

#Transform 175
Transform: AffineTransform_float_3_3
Parameters: 0.999998 -0.000785273 -0.00195138 0.000781739 0.999997 -0.00208481 0.00195269 0.00208319 0.999996 -0.0719845 0.0335567 0.212494
FixedParameters: 0 0 0

#Transform 176
Transform: AffineTransform_float_3_3
Parameters: 0.999998 -0.000767542 -0.00186435 0.000763701 0.999998 -0.00201771 0.00186588 0.00201629 0.999996 -0.0696618 0.0667177 0.17271
FixedParameters: 0 0 0

#Transform 177
Transform: AffineTransform_float_3_3
Parameters: 0.999998 -0.000720538 -0.00180179 0.000716335 0.999997 -0.00218757 0.00180337 0.00218642 0.999996 -0.0713967 0.150678 0.136449
FixedParameters: 0 0 0

#Transform 178
Transform: AffineTransform_float_3_3
Parameters: 0.999998 -0.000804553 -0.00188661 0.000800065 0.999997 -0.00216479 0.00188852 0.0021632 0.999995 -0.0765103 0.0574449 0.202646
FixedParameters: 0 0 0

#Transform 179
Transform: AffineTransform_float_3_3
Parameters: 0.999998 -0.000666365 -0.00154982 0.000662086 0.999998 -0.00227067 0.00155166 0.00226933 0.999996 -0.0638668 0.0317567 0.183479
FixedParameters: 0 0 0

#Transform 180
Transform: AffineTransform_float_3_3
Parameters: 0.999998 -0.000733058 -0.00178992 0.000729503 0.999997 -0.00227895 0.0017913 0.00227705 0.999995 -0.0706102 0.105584 0.141616
FixedParameters: 0 0 0

#Transform 181
Transform: AffineTransform_float_3_3
Parameters: 0.999997 -0.000802323 -0.00205394 0.000797592 0.999998 -0.00227193 0.00205562 0.00227008 0.999995 -0.0746854 0.159643 0.139323
FixedParameters: 0 0 0

#Transform 182
Transform: AffineTransform_float_3_3
Parameters: 0.999998 -0.000791899 -0.00194856 0.000788002 0.999997 -0.00218046 0.00195005 0.00217954 0.999996 -0.0710777 0.0139141 0.188241
FixedParameters: 0 0 0

#Transform 183
Transform: AffineTransform_float_3_3
Parameters: 0.999998 -0.00088946 -0.00177206 0.000885336 0.999997 -0.00220185 0.0017744 0.00220014 0.999996 -0.0741546 0.0381217 0.170038
FixedParameters: 0 0 0

#Transform 184
Transform: AffineTransform_float_3_3
Parameters: 0.999998 -0.00078286 -0.00195242 0.000777709 0.999998 -0.00226181 0.00195439 0.0022602 0.999996 -0.0752069 0.115047 0.178279
FixedParameters: 0 0 0

#Transform 185
Transform: AffineTransform_float_3_3
Parameters: 0.999997 -0.000927596 -0.00219616 0.000921602 0.999997 -0.00241195 0.00219867 0.00241005 0.999995 -0.0806392 0.110646 0.209521
FixedParameters: 0 0 0

#Transform 186
Transform: AffineTransform_float_3_3
Parameters: 0.999997 -0.000870418 -0.0020379 0.000865903 0.999998 -0.00223705 0.00203983 0.00223495 0.999996 -0.0768618 -0.00533883 0.234297
FixedParameters: 0 0 0

#Transform 187
Transform: AffineTransform_float_3_3
Parameters: 0.999997 -0.000957871 -0.00192981 0.00095279 0.999996 -0.00264613 0.0019316 0.00264388 0.999995 -0.0765174 0.0571318 0.180529
FixedParameters: 0 0 0

#Transform 188
Transform: AffineTransform_float_3_3
Parameters: 0.999998 -0.000645062 -0.00213426 0.000638372 0.999997 -0.0026455 0.0021357 0.0026435 0.999995 -0.0829465 0.0288306 0.184218
FixedParameters: 0 0 0

#Transform 189
Transform: AffineTransform_float_3_3
Parameters: 0.999996 -0.000929353 -0.00248464 0.000923362 0.999997 -0.00213186 0.00248664 0.00213014 0.999995 -0.0850694 0.052349 0.247002
FixedParameters: 0 0 0

#Transform 190
Transform: AffineTransform_float_3_3
Parameters: 0.999997 -0.00109622 -0.00225682 0.00109133 0.999997 -0.00210339 0.00225946 0.00210061 0.999995 -0.0756849 0.0223003 0.256349
FixedParameters: 0 0 0

#Transform 191
Transform: AffineTransform_float_3_3
Parameters: 0.999997 -0.000981258 -0.00198396 0.000975508 0.999996 -0.00274222 0.00198606 0.00273978 0.999994 -0.0778666 0.106974 0.195517
FixedParameters: 0 0 0

#Transform 192
Transform: AffineTransform_float_3_3
Parameters: 0.999997 -0.000915215 -0.00237549 0.000908054 0.999995 -0.00286309 0.00237797 0.00286091 0.999993 -0.0823522 0.173096 0.178719
FixedParameters: 0 0 0

#Transform 193
Transform: AffineTransform_float_3_3
