# transform file /out/sourcedata/freesurfer/sub-v2s5x29572_ses-1/mri/transforms/cc_up.lta
# created by oesteban on Fri Mar 13 11:00:51 2026

type      = 0 # LINEAR_VOX_TO_VOX
nxforms   = 1
mean      = 155.0000 121.0000 119.0000
sigma     = 10000.0000
1 4 4
9.947420954704285e-01 -1.017218306660652e-01 1.185806095600128e-02 -1.511931705474854e+01 
1.017146036028862e-01 9.948127269744873e-01 1.212513307109475e-03 1.183910369873047e+01 
-1.191989053040743e-02 0.000000000000000e+00 9.999288916587830e-01 2.883091735839844e+01 
0.000000000000000e+00 0.000000000000000e+00 0.000000000000000e+00 1.000000000000000e+00 
src volume info
valid = 1  # volume info valid
filename = /out/sourcedata/freesurfer/sub-v2s5x29572_ses-1/mri/norm.mgz
volume = 320 320 320
voxelsize = 6.999949216842651e-01 6.999949216842651e-01 6.999949216842651e-01
xras   = -1.000000000000000e+00 0.000000000000000e+00 1.064376409232182e-08
yras   = 0.000000000000000e+00 0.000000000000000e+00 -1.000000000000000e+00
zras   = 0.000000000000000e+00 1.000000000000000e+00 0.000000000000000e+00
cras   = -2.114082336425781e+00 2.851797485351562e+01 -2.978316497802734e+01
dst volume info
valid = 1  # volume info valid
filename = /out/sourcedata/freesurfer/sub-v2s5x29572_ses-1/mri/norm.mgz
volume = 320 320 320
voxelsize = 6.999949216842651e-01 6.999949216842651e-01 6.999949216842651e-01
xras   = -1.000000000000000e+00 0.000000000000000e+00 1.064376409232182e-08
yras   = 0.000000000000000e+00 0.000000000000000e+00 -1.000000000000000e+00
zras   = 0.000000000000000e+00 1.000000000000000e+00 0.000000000000000e+00
cras   = -2.114082336425781e+00 2.851797485351562e+01 -2.978316497802734e+01
