type      = 1 # LINEAR_RAS_TO_RAS
nxforms   = 1
mean      = 0.0000 0.0000 0.0000
sigma     = 1.0000
1 4 4
1.079470038414001e+00 -1.970699988305569e-02 -8.420900255441666e-02 -2.102272033691406e+00 
6.411500275135040e-02 1.004428029060364e+00 2.877410054206848e-01 -1.713241577148438e+01 
5.818799883127213e-02 -2.847290039062500e-01 1.076280951499939e+00 4.203079223632812e+00 
0.000000000000000e+00 0.000000000000000e+00 0.000000000000000e+00 1.000000000000000e+00 
src volume info
valid = 1  # volume info valid
filename = /out/sourcedata/freesurfer/sub-v2s5x29572_ses-1/mri/orig_nu.mgz
volume = 320 320 320
voxelsize = 6.999949216842651e-01 6.999949216842651e-01 6.999949216842651e-01
xras   = -1.000000000000000e+00 0.000000000000000e+00 1.064376409232182e-08
yras   = 0.000000000000000e+00 0.000000000000000e+00 -1.000000000000000e+00
zras   = 0.000000000000000e+00 1.000000000000000e+00 0.000000000000000e+00
cras   = -2.114082336425781e+00 2.851797485351562e+01 -2.978316497802734e+01
dst volume info
valid = 1  # volume info valid
filename = /opt/freesurfer/average/mni305.cor.mgz
volume = 256 256 256
voxelsize = 1.000000000000000e+00 1.000000000000000e+00 1.000000000000000e+00
xras   = -1.000000000000000e+00 0.000000000000000e+00 0.000000000000000e+00
yras   = 0.000000000000000e+00 0.000000000000000e+00 -1.000000000000000e+00
zras   = 0.000000000000000e+00 1.000000000000000e+00 0.000000000000000e+00
cras   = 0.000000000000000e+00 0.000000000000000e+00 0.000000000000000e+00
subject fsaverage
fscale 0.100000
