# transform file transforms/talairach.lta
# created by oesteban on Fri Mar 13 08:41:56 2026

type      = 0 # LINEAR_VOX_TO_VOX
nxforms   = 1
mean      = 156.0000 124.0000 121.0000
sigma     = 10000.0000
1 4 4
7.374266982078552e-01 -4.732151702046394e-02 -6.647112779319286e-03 1.904499435424805e+01 
4.761432856321335e-02 6.952769756317139e-01 2.004390805959702e-01 6.172157764434814e+00 
-6.422498263418674e-03 -2.099848389625549e-01 7.353733777999878e-01 4.721426773071289e+01 
0.000000000000000e+00 0.000000000000000e+00 0.000000000000000e+00 1.000000000000000e+00 
src volume info
valid = 1  # volume info valid
filename = nu.mgz
volume = 320 320 320
voxelsize = 6.999949216842651e-01 6.999949216842651e-01 6.999949216842651e-01
xras   = -1.000000000000000e+00 0.000000000000000e+00 1.064376409232182e-08
yras   = 0.000000000000000e+00 0.000000000000000e+00 -1.000000000000000e+00
zras   = 0.000000000000000e+00 1.000000000000000e+00 0.000000000000000e+00
cras   = -2.114082336425781e+00 2.851797485351562e+01 -2.978316497802734e+01
dst volume info
valid = 1  # volume info valid
filename = /opt/freesurfer/average/RB_all_2020-01-02.gca
volume = 256 256 256
voxelsize = 1.000000000000000e+00 1.000000000000000e+00 1.000000000000000e+00
xras   = -1.000000000000000e+00 0.000000000000000e+00 0.000000000000000e+00
yras   = 0.000000000000000e+00 0.000000000000000e+00 -1.000000000000000e+00
zras   = 0.000000000000000e+00 1.000000000000000e+00 0.000000000000000e+00
cras   = 0.000000000000000e+00 0.000000000000000e+00 0.000000000000000e+00
