type      = 0 # LINEAR_VOX_TO_VOX
nxforms   = 1
mean      = 0.0000 0.0000 0.0000
sigma     = 1.0000
1 4 4
7.556235194206238e-01 -5.894587561488152e-02 1.379480026662350e-02 1.676275634765625e+01 
4.073129594326019e-02 7.533912062644958e-01 1.993088573217392e-01 5.145866394042969e+00 
-4.488017410039902e-02 -2.014172375202179e-01 7.030945420265198e-01 5.771891784667969e+01 
0.000000000000000e+00 0.000000000000000e+00 0.000000000000000e+00 1.000000000000000e+00 
src volume info
valid = 1  # volume info valid
filename = /out/sourcedata/freesurfer/sub-v2s5x29572_ses-1/mri/orig.mgz
volume = 320 320 320
voxelsize = 6.999949216842651e-01 6.999949216842651e-01 6.999949216842651e-01
xras   = -1.000000000000000e+00 0.000000000000000e+00 1.064376409232182e-08
yras   = 0.000000000000000e+00 0.000000000000000e+00 -1.000000000000000e+00
zras   = 0.000000000000000e+00 1.000000000000000e+00 0.000000000000000e+00
cras   = -2.114082336425781e+00 2.851797485351562e+01 -2.978316497802734e+01
dst volume info
valid = 1  # volume info valid
filename = /opt/freesurfer/average/mni305.cor.mgz
volume = 256 256 256
voxelsize = 1.000000000000000e+00 1.000000000000000e+00 1.000000000000000e+00
xras   = -1.000000000000000e+00 0.000000000000000e+00 0.000000000000000e+00
yras   = 0.000000000000000e+00 0.000000000000000e+00 -1.000000000000000e+00
zras   = 0.000000000000000e+00 1.000000000000000e+00 0.000000000000000e+00
cras   = 0.000000000000000e+00 0.000000000000000e+00 0.000000000000000e+00
subject fsaverage
fscale 0.100000
