#Insight Transform File V1.0
#Transform 0
Transform: AffineTransform_float_3_3
Parameters: 1 -0.000152748 -0.000359929 0.000152803 1 7.5945e-05 0.000359906 -7.6055e-05 1 0.0237881 -0.0736092 0.0285641
FixedParameters: 0 0 0

#Transform 1
Transform: AffineTransform_float_3_3
Parameters: 1 -0.000173933 -0.0004096 0.000173818 1 -0.000140071 0.000409649 0.000139929 1 0.0257122 0.0411714 0.0281469
FixedParameters: 0 0 0

#Transform 2
Transform: AffineTransform_float_3_3
Parameters: 0.999999 -0.000764959 -0.000158196 0.000764328 0.999999 -0.00075712 0.000158433 0.000756878 0.999999 0.015428 0.0825442 -0.0437529
FixedParameters: 0 0 0

#Transform 3
Transform: AffineTransform_float_3_3
Parameters: 1 -0.000378249 0.000296393 0.000378297 1 -8.08879e-05 -0.000296332 8.11121e-05 1 -0.0359604 -0.15893 0.0384785
FixedParameters: 0 0 0

#Transform 4
Transform: AffineTransform_float_3_3
Parameters: 0.999999 -0.000609331 -0.000654532 0.000609386 0.999999 -0.0013634 0.000655412 0.0013626 0.999999 0.0261869 -0.0344847 -0.0597553
FixedParameters: 0 0 0

#Transform 5
Transform: AffineTransform_float_3_3
Parameters: 1 -0.00112038 -0.000279041 0.00112015 1 -0.000406825 0.000279952 0.000406174 1 0.0214853 0.151222 -0.0954101
FixedParameters: 0 0 0

#Transform 6
Transform: AffineTransform_float_3_3
Parameters: 0.999999 -0.000750349 -0.00030034 0.000749591 0.999999 -0.000611225 0.000300336 0.000610774 1 0.023983 -0.0812608 0.0170551
FixedParameters: 0 0 0

#Transform 7
Transform: AffineTransform_float_3_3
Parameters: 0.999999 -0.00069313 -0.000204 0.000693765 0.999999 -0.000698294 0.000204578 0.000698705 0.999999 0.0224677 -0.0957815 -0.0214437
FixedParameters: 0 0 0

#Transform 8
Transform: AffineTransform_float_3_3
Parameters: 1 -0.000973241 -0.000204765 0.000972757 0.999998 -0.00151835 0.000205488 0.00151865 0.999998 0.0266833 0.167134 -0.170349
FixedParameters: 0 0 0

#Transform 9
Transform: AffineTransform_float_3_3
Parameters: 0.999999 -0.000834336 -0.000263967 0.000834057 0.999998 -0.00152837 0.000265206 0.00152863 0.999998 0.0130277 0.0675842 -0.13878
FixedParameters: 0 0 0

#Transform 10
Transform: AffineTransform_float_3_3
Parameters: 0.999999 -0.000671518 -0.000333365 0.000671017 0.999998 -0.00154422 0.000334127 0.00154378 0.999999 0.0112101 -0.0633871 -0.0997495
FixedParameters: 0 0 0

#Transform 11
Transform: AffineTransform_float_3_3
Parameters: 1 -0.000816115 -0.000671543 0.00081492 0.999998 -0.0019677 0.00067305 0.0019673 0.999997 0.00843144 0.0897454 -0.158371
FixedParameters: 0 0 0

#Transform 12
Transform: AffineTransform_float_3_3
Parameters: 1 -0.000798554 -0.000721278 0.000797602 0.999997 -0.00230158 0.000722858 0.00230042 0.999997 0.00950448 0.122963 -0.144916
FixedParameters: 0 0 0

#Transform 13
Transform: AffineTransform_float_3_3
Parameters: 1 -0.000527279 -0.000944855 0.00052529 0.999998 -0.00202514 0.000946205 0.00202486 0.999998 0.00843977 -0.0352862 -0.0371573
FixedParameters: 0 0 0

#Transform 14
Transform: AffineTransform_float_3_3
Parameters: 0.999999 -0.000595667 -0.00129405 0.000593537 0.999998 -0.00188941 0.00129512 0.00188859 0.999998 0.0174799 -0.021325 -0.0677637
FixedParameters: 0 0 0

#Transform 15
Transform: AffineTransform_float_3_3
Parameters: 1 -0.000790547 -0.000832353 0.00078816 0.999997 -0.00230266 0.000834286 0.00230134 0.999997 0.00654939 0.14942 -0.131317
FixedParameters: 0 0 0

#Transform 16
Transform: AffineTransform_float_3_3
Parameters: 1 -0.000650178 -0.000809735 0.000648218 0.999997 -0.00210417 0.000810765 0.00210383 0.999998 0.00651821 0.113796 -0.110978
FixedParameters: 0 0 0

#Transform 17
Transform: AffineTransform_float_3_3
Parameters: 0.999999 -0.00073534 -0.00130181 0.000732441 0.999997 -0.00217239 0.00130382 0.00217261 0.999997 0.0157258 -0.0448787 -0.0421251
FixedParameters: 0 0 0

#Transform 18
Transform: AffineTransform_float_3_3
Parameters: 0.999998 -0.000798811 -0.00145848 0.000795125 0.999998 -0.0020756 0.0014597 0.0020754 0.999997 0.011628 0.0405193 -0.0184398
FixedParameters: 0 0 0

#Transform 19
Transform: AffineTransform_float_3_3
Parameters: 1 -0.000780544 -0.000864893 0.00077798 0.999997 -0.00231883 0.000866804 0.00231817 0.999997 -0.000651418 0.0695323 -0.0614811
FixedParameters: 0 0 0

#Transform 20
Transform: AffineTransform_float_3_3
Parameters: 0.999999 -0.00093913 -0.00159749 0.000935888 0.999997 -0.00233314 0.00159899 0.00233086 0.999996 -0.00749132 -0.00729248 -0.0513402
FixedParameters: 0 0 0

#Transform 21
Transform: AffineTransform_float_3_3
Parameters: 0.999999 -0.000995519 -0.00119921 0.000992684 0.999996 -0.00255198 0.0012018 0.00255101 0.999996 -0.00878735 0.126683 -0.115576
FixedParameters: 0 0 0

#Transform 22
Transform: AffineTransform_float_3_3
Parameters: 0.999999 -0.000962854 -0.00110771 0.000959673 0.999996 -0.00250286 0.00111043 0.00250214 0.999996 -0.0142465 0.132106 -0.113624
FixedParameters: 0 0 0

#Transform 23
Transform: AffineTransform_float_3_3
Parameters: 0.999999 -0.000788154 -0.00103231 0.000785359 0.999996 -0.00250045 0.00103415 0.00249955 0.999997 -0.019221 0.0180489 -0.0626097
FixedParameters: 0 0 0

#Transform 24
Transform: AffineTransform_float_3_3
Parameters: 1 -0.000998936 -0.00064185 0.000997334 0.999995 -0.00278564 0.000644396 0.00278436 0.999996 -0.0332477 0.129154 -0.129164
FixedParameters: 0 0 0

#Transform 25
Transform: AffineTransform_float_3_3
Parameters: 0.999999 -0.00123464 -0.000540407 0.00123215 0.999993 -0.00340082 0.000543941 0.00340018 0.999994 -0.0399226 0.228102 -0.228157
FixedParameters: 0 0 0

#Transform 26
Transform: AffineTransform_float_3_3
Parameters: 0.999998 -0.00142178 -0.000717994 0.00141892 0.999993 -0.00345918 0.000722574 0.00345783 0.999994 -0.0223148 0.0770921 -0.121495
FixedParameters: 0 0 0

#Transform 27
Transform: AffineTransform_float_3_3
Parameters: 0.999999 -0.00137934 -0.000711593 0.00137657 0.999994 -0.00305413 0.000716075 0.00305286 0.999995 -0.0288932 0.103941 -0.0833665
FixedParameters: 0 0 0

#Transform 28
Transform: AffineTransform_float_3_3
Parameters: 0.999998 -0.00126406 -0.000963295 0.00126111 0.999995 -0.00302701 0.000967534 0.00302599 0.999995 -0.0223228 0.11827 -0.109569
FixedParameters: 0 0 0

#Transform 29
Transform: AffineTransform_float_3_3
Parameters: 0.999998 -0.00121263 -0.00107173 0.0012095 0.999996 -0.00238209 0.00107448 0.00238091 0.999997 -0.0193504 0.00599731 -0.0593374
FixedParameters: 0 0 0

#Transform 30
Transform: AffineTransform_float_3_3
Parameters: 0.999998 -0.00136586 -0.000919972 0.00136274 0.999995 -0.00276505 0.000924502 0.00276395 0.999996 -0.0184411 0.133517 -0.105454
FixedParameters: 0 0 0

#Transform 31
Transform: AffineTransform_float_3_3
Parameters: 0.999998 -0.00124323 -0.00110484 0.00124013 0.999994 -0.00312517 0.00110881 0.00312383 0.999995 -0.0191557 0.16305 -0.0808882
FixedParameters: 0 0 0

#Transform 32
Transform: AffineTransform_float_3_3
Parameters: 0.999998 -0.000907675 -0.00137367 0.000903761 0.999995 -0.00295553 0.00137615 0.00295447 0.999995 -0.0179831 -0.0146845 0.0826605
FixedParameters: 0 0 0

#Transform 33
Transform: AffineTransform_float_3_3
Parameters: 0.999998 -0.00138869 -0.00160077 0.00138417 0.999994 -0.00288865 0.00160459 0.00288634 0.999994 -0.00908836 0.0934113 0.0272737
FixedParameters: 0 0 0

#Transform 34
Transform: AffineTransform_float_3_3
Parameters: 0.999998 -0.00168556 -0.0012739 0.00168229 0.999995 -0.00262909 0.00127804 0.00262691 0.999996 0.000403971 0.143185 -0.0275167
FixedParameters: 0 0 0

#Transform 35
Transform: AffineTransform_float_3_3
Parameters: 0.999998 -0.00136013 -0.00181458 0.00135611 0.999997 -0.0022679 0.00181786 0.0022651 0.999996 0.00515217 -0.0133587 0.0264681
FixedParameters: 0 0 0

#Transform 36
Transform: AffineTransform_float_3_3
Parameters: 0.999998 -0.00134897 -0.000899162 0.00134604 0.999996 -0.00251137 0.000901995 0.00250963 0.999997 -0.0195976 0.139261 -0.0360328
FixedParameters: 0 0 0

#Transform 37
Transform: AffineTransform_float_3_3
Parameters: 0.999997 -0.00158973 -0.0014402 0.0015867 0.999996 -0.00237588 0.00144395 0.00237412 0.999996 0.00113532 0.219492 -0.112663
FixedParameters: 0 0 0

#Transform 38
Transform: AffineTransform_float_3_3
Parameters: 0.999998 -0.00120034 -0.00147402 0.00119721 0.999997 -0.00217756 0.00147675 0.00217544 0.999997 0.00773404 -0.00743752 0.0117182
FixedParameters: 0 0 0

#Transform 39
Transform: AffineTransform_float_3_3
Parameters: 0.999998 -0.00196516 -0.00120145 0.00196282 0.999995 -0.00240031 0.00120616 0.00239769 0.999997 0.00205755 0.161597 -0.129975
FixedParameters: 0 0 0

#Transform 40
Transform: AffineTransform_float_3_3
Parameters: 0.999998 -0.0019776 -0.0012311 0.00197447 0.999996 -0.00228874 0.00123581 0.00228526 0.999997 0.0139836 0.127565 -0.117793
FixedParameters: 0 0 0

#Transform 41
Transform: AffineTransform_float_3_3
Parameters: 0.999998 -0.00165022 -0.00165372 0.00164659 0.999996 -0.00224932 0.00165733 0.00224669 0.999996 0.0191035 -0.0223935 -0.0273913
FixedParameters: 0 0 0

#Transform 42
Transform: AffineTransform_float_3_3
Parameters: 0.999998 -0.00197835 -0.00122989 0.00197517 0.999994 -0.00289938 0.00123532 0.00289662 0.999995 0.00382039 0.212676 -0.0974804
FixedParameters: 0 0 0

#Transform 43
Transform: AffineTransform_float_3_3
Parameters: 0.999998 -0.00197805 -0.00123037 0.00197454 0.999994 -0.00265738 0.00123523 0.00265462 0.999996 0.00160854 0.0878601 0.00718282
FixedParameters: 0 0 0

#Transform 44
Transform: AffineTransform_float_3_3
Parameters: 0.999998 -0.00155242 -0.00160729 0.00154854 0.999996 -0.00239108 0.0016109 0.00238892 0.999996 0.00585421 0.0269029 0.0350344
FixedParameters: 0 0 0

#Transform 45
Transform: AffineTransform_float_3_3
Parameters: 0.999998 -0.00196642 -0.00120253 0.00196274 0.999995 -0.00278947 0.00120785 0.00278754 0.999996 -0.0136605 0.206233 -0.0584946
FixedParameters: 0 0 0

#Transform 46
Transform: AffineTransform_float_3_3
Parameters: 0.999996 -0.00210196 -0.00152139 0.00209758 0.999995 -0.0024353 0.00152597 0.0024317 0.999996 0.00430569 0.0864051 0.0613512
FixedParameters: 0 0 0

#Transform 47
Transform: AffineTransform_float_3_3
Parameters: 0.999997 -0.00187797 -0.00148002 0.00187516 0.999997 -0.00161637 0.00148307 0.00161363 0.999998 0.0122085 -0.015917 0.105075
FixedParameters: 0 0 0

#Transform 48
Transform: AffineTransform_float_3_3
Parameters: 0.999997 -0.00217658 -0.00129166 0.00217254 0.999995 -0.00238091 0.00129677 0.00237809 0.999996 0.0079953 0.199701 4.80012e-05
FixedParameters: 0 0 0

#Transform 49
Transform: AffineTransform_float_3_3
Parameters: 0.999998 -0.00188989 -0.00131602 0.00188683 0.999996 -0.00176807 0.00131876 0.00176593 0.999998 0.0169273 -0.0052317 0.105534
FixedParameters: 0 0 0

#Transform 50
Transform: AffineTransform_float_3_3
Parameters: 0.999998 -0.00208283 -0.00093477 0.00208046 0.999995 -0.00239626 0.000939496 0.00239374 0.999997 -0.0136376 0.118072 0.0328549
FixedParameters: 0 0 0

#Transform 51
Transform: AffineTransform_float_3_3
Parameters: 0.999997 -0.00229966 -0.000945026 0.0022974 0.999996 -0.00203464 0.00095044 0.00203236 0.999998 0.0034724 0.155887 0.0326912
FixedParameters: 0 0 0

#Transform 52
Transform: AffineTransform_float_3_3
Parameters: 0.999997 -0.00186653 -0.00173523 0.00186383 0.999997 -0.00134862 0.00173725 0.00134638 0.999998 0.00616029 -0.0166381 0.103499
FixedParameters: 0 0 0

#Transform 53
Transform: AffineTransform_float_3_3
Parameters: 0.999996 -0.00215442 -0.00138436 0.00215137 0.999996 -0.00200708 0.00138867 0.00200392 0.999997 -0.00431086 0.141969 0.0210045
FixedParameters: 0 0 0

#Transform 54
Transform: AffineTransform_float_3_3
Parameters: 0.999997 -0.00203623 -0.00127675 0.00203291 0.999996 -0.0022797 0.0012817 0.0022773 0.999997 -0.00157971 0.188016 0.0361032
FixedParameters: 0 0 0

#Transform 55
Transform: AffineTransform_float_3_3
Parameters: 0.999997 -0.00183154 -0.00169012 0.00182953 0.999998 -0.00156684 0.00169336 0.00156417 0.999997 0.00540288 -0.0219663 0.156374
FixedParameters: 0 0 0

#Transform 56
Transform: AffineTransform_float_3_3
Parameters: 0.999997 -0.00200368 -0.00127837 0.00200071 0.999995 -0.00249951 0.00128366 0.00249649 0.999996 -0.00544292 0.20671 0.0179416
FixedParameters: 0 0 0

#Transform 57
Transform: AffineTransform_float_3_3
Parameters: 0.999996 -0.00239566 -0.00133817 0.00239169 0.999994 -0.00246946 0.00134343 0.00246654 0.999996 -0.00729973 0.130195 0.0832414
FixedParameters: 0 0 0

#Transform 58
Transform: AffineTransform_float_3_3
Parameters: 0.999997 -0.00186143 -0.00173161 0.00185857 0.999997 -0.00166581 0.0017344 0.00166219 0.999997 0.00608062 -0.00166206 0.130103
FixedParameters: 0 0 0

#Transform 59
Transform: AffineTransform_float_3_3
Parameters: 0.999997 -0.00201672 -0.00142565 0.00201423 0.999996 -0.00207498 0.00142929 0.00207202 0.999996 -0.00229613 0.172478 0.0473929
FixedParameters: 0 0 0

#Transform 60
Transform: AffineTransform_float_3_3
Parameters: 0.999997 -0.00194308 -0.00147091 0.00193878 0.999995 -0.0023106 0.00147555 0.0023084 0.999996 -0.010961 0.182284 0.0728735
FixedParameters: 0 0 0

#Transform 61
Transform: AffineTransform_float_3_3
Parameters: 0.999997 -0.00179793 -0.00176554 0.00179551 0.999997 -0.0013574 0.00176832 0.0013546 0.999998 -0.00832901 -0.0204012 0.153541
FixedParameters: 0 0 0

#Transform 62
Transform: AffineTransform_float_3_3
Parameters: 0.999997 -0.00192408 -0.00165025 0.00192162 0.999996 -0.00190376 0.00165377 0.00190024 0.999997 -0.0144078 0.15147 0.0680153
FixedParameters: 0 0 0

#Transform 63
Transform: AffineTransform_float_3_3
Parameters: 0.999997 -0.00236658 -0.0012893 0.00236321 0.999993 -0.00269016 0.00129507 0.00268685 0.999996 -0.0291605 0.250081 -0.0331649
FixedParameters: 0 0 0

#Transform 64
Transform: AffineTransform_float_3_3
Parameters: 0.999997 -0.00184133 -0.0015418 0.0018377 0.999996 -0.00211578 0.00154617 0.00211221 0.999996 -0.0142809 0.0348946 0.132753
FixedParameters: 0 0 0

#Transform 65
Transform: AffineTransform_float_3_3
Parameters: 0.999998 -0.00160048 -0.00164608 0.00159974 0.999998 -0.00050522 0.0016473 0.000502778 0.999998 -0.0304882 0.00740682 0.133441
FixedParameters: 0 0 0

#Transform 66
Transform: AffineTransform_float_3_3
Parameters: 0.999998 -0.000870879 -0.00180732 0.000870068 0.999999 -0.000734007 0.00180782 0.000732993 0.999998 -0.0454815 0.074982 0.0900592
FixedParameters: 0 0 0

#Transform 67
Transform: AffineTransform_float_3_3
Parameters: 0.999997 -0.00156469 -0.00183009 0.00156152 0.999998 -0.00141009 0.00183148 0.00140791 0.999997 -0.0317251 0.193711 0.0243118
FixedParameters: 0 0 0

#Transform 68
Transform: AffineTransform_float_3_3
Parameters: 0.999996 -0.00136282 -0.00219645 0.00135878 0.999997 -0.0016697 0.00219851 0.0016673 0.999996 -0.0430462 0.186874 -0.0192944
FixedParameters: 0 0 0

#Transform 69
Transform: AffineTransform_float_3_3
Parameters: 0.999995 -0.00125145 -0.00294406 0.00124937 0.999999 -0.000823883 0.00294494 0.000820116 0.999995 -0.043935 -0.015289 0.104241
FixedParameters: 0 0 0

#Transform 70
Transform: AffineTransform_float_3_3
Parameters: 0.999995 -0.00105863 -0.00273061 0.00105289 0.999998 -0.00189444 0.00273265 0.00189155 0.999994 -0.0492027 0.148672 0.0601971
FixedParameters: 0 0 0

#Transform 71
Transform: AffineTransform_float_3_3
Parameters: 0.999997 -0.000907356 -0.00226025 0.000902534 0.999997 -0.00208497 0.00226207 0.00208303 0.999995 -0.0565942 0.220718 0.0505332
FixedParameters: 0 0 0

#Transform 72
Transform: AffineTransform_float_3_3
Parameters: 0.999996 -0.000806682 -0.00291076 0.000802521 0.999998 -0.0014156 0.00291239 0.0014124 0.999995 -0.0589471 0.0151022 0.158598
FixedParameters: 0 0 0

#Transform 73
Transform: AffineTransform_float_3_3
Parameters: 0.999996 -0.00105906 -0.00285979 0.0010538 0.999998 -0.00179358 0.00286255 0.00179042 0.999994 -0.0443149 0.159012 0.0966279
FixedParameters: 0 0 0

#Transform 74
Transform: AffineTransform_float_3_3
Parameters: 0.999997 -0.000969228 -0.00246434 0.000963989 0.999998 -0.0019973 0.00246625 0.00199469 0.999994 -0.0524555 0.215553 0.0384427
FixedParameters: 0 0 0

#Transform 75
Transform: AffineTransform_float_3_3
Parameters: 0.999996 -0.000759686 -0.0027459 0.000755865 0.999999 -0.00119949 0.00274655 0.00119751 0.999996 -0.0334873 0.0215139 0.0516336
FixedParameters: 0 0 0

#Transform 76
Transform: AffineTransform_float_3_3
Parameters: 0.999995 -0.00105369 -0.00281419 0.00104924 0.999998 -0.00144601 0.00281567 0.00144299 0.999996 -0.0349677 0.181968 -0.0420161
FixedParameters: 0 0 0

#Transform 77
Transform: AffineTransform_float_3_3
Parameters: 0.999995 -0.000940506 -0.00285814 0.00093562 0.999998 -0.00166073 0.0028593 0.00165827 0.999995 -0.0390207 0.199295 -0.022219
FixedParameters: 0 0 0

#Transform 78
Transform: AffineTransform_float_3_3
Parameters: 0.999995 -0.000836408 -0.00305344 0.00083169 0.999999 -0.0012256 0.00305432 0.0012234 0.999995 -0.0334753 0.0194566 0.083421
FixedParameters: 0 0 0

#Transform 79
Transform: AffineTransform_float_3_3
Parameters: 0.999995 -0.000971111 -0.00293094 0.000967144 0.999998 -0.00152904 0.00293287 0.00152696 0.999994 -0.0565677 0.140208 0.0537792
FixedParameters: 0 0 0

#Transform 80
Transform: AffineTransform_float_3_3
Parameters: 0.999995 -0.000821688 -0.00305986 0.000817341 0.999998 -0.0015274 0.00306133 0.0015246 0.999994 -0.0437272 0.219841 0.00836723
FixedParameters: 0 0 0

#Transform 81
Transform: AffineTransform_float_3_3
Parameters: 0.999995 -0.000564259 -0.0031694 0.000560208 0.999999 -0.00128253 0.0031702 0.00128047 0.999995 -0.0306619 0.0367702 0.0657529
FixedParameters: 0 0 0

#Transform 82
Transform: AffineTransform_float_3_3
Parameters: 0.999994 -0.000797092 -0.00339094 0.000791716 0.999999 -0.00139423 0.00339251 0.00139177 0.999993 -0.0264817 0.180986 -0.0794262
FixedParameters: 0 0 0

#Transform 83
Transform: AffineTransform_float_3_3
Parameters: 0.999995 -0.00111031 -0.00293695 0.00110364 0.999996 -0.0023903 0.00293911 0.0023867 0.999993 -0.00496442 0.308922 -0.358042
FixedParameters: 0 0 0

#Transform 84
Transform: AffineTransform_float_3_3
Parameters: 0.999994 -0.0018669 -0.00272912 0.00184825 0.999974 -0.00682658 0.00274219 0.0068214 0.999972 0.00845486 0.357079 -0.739282
FixedParameters: 0 0 0

#Transform 85
Transform: AffineTransform_float_3_3
Parameters: 0.999996 -0.000988344 -0.00264682 0.000976159 0.99999 -0.00445916 0.0026518 0.00445684 0.999986 0.0034235 0.11716 -0.451182
FixedParameters: 0 0 0

#Transform 86
Transform: AffineTransform_float_3_3
Parameters: 0.999997 -0.000974904 -0.00232605 0.000965567 0.999991 -0.00418118 0.00232987 0.00417882 0.999989 0.0434931 0.286166 -0.522331
FixedParameters: 0 0 0

#Transform 87
Transform: AffineTransform_float_3_3
Parameters: 0.999996 -0.000989482 -0.00242207 0.000980649 0.999993 -0.00361195 0.00242658 0.00361005 0.99999 0.0255436 0.175228 -0.422749
FixedParameters: 0 0 0

#Transform 88
Transform: AffineTransform_float_3_3
Parameters: 0.999997 -0.000902508 -0.00221782 0.000893751 0.999992 -0.00383991 0.0022212 0.00383808 0.99999 0.0190211 0.181635 -0.422733
FixedParameters: 0 0 0

#Transform 89
Transform: AffineTransform_float_3_3
Parameters: 0.999996 -0.000721999 -0.00275061 0.000708554 0.999987 -0.00492638 0.00275402 0.00492462 0.999984 0.0368052 0.278802 -0.452658
FixedParameters: 0 0 0

#Transform 90
Transform: AffineTransform_float_3_3
Parameters: 0.999997 -0.000729624 -0.00244224 0.000720142 0.999991 -0.00409233 0.00244479 0.00409167 0.999989 0.0212001 0.189636 -0.431673
FixedParameters: 0 0 0

#Transform 91
Transform: AffineTransform_float_3_3
Parameters: 0.999997 -0.000785886 -0.00241801 0.000777096 0.999992 -0.00380066 0.00242096 0.00379834 0.99999 0.0147195 0.180256 -0.415434
FixedParameters: 0 0 0

#Transform 92
Transform: AffineTransform_float_3_3
Parameters: 0.999996 -0.000828109 -0.0025011 0.000818596 0.999992 -0.00381847 0.0025044 0.00381653 0.99999 0.0130432 0.280728 -0.480434
FixedParameters: 0 0 0

#Transform 93
Transform: AffineTransform_float_3_3
Parameters: 0.999996 -0.000827962 -0.00277674 0.000814866 0.99999 -0.00458169 0.0027801 0.00457931 0.999986 0.0195996 0.269596 -0.466
FixedParameters: 0 0 0

#Transform 94
Transform: AffineTransform_float_3_3
Parameters: 0.999995 -0.00111159 -0.00270051 0.0010994 0.999989 -0.00447155 0.00270532 0.00446845 0.999986 0.0261884 0.126934 -0.392251
FixedParameters: 0 0 0

#Transform 95
Transform: AffineTransform_float_3_3
Parameters: 0.999996 -0.000916599 -0.00284877 0.000902198 0.999986 -0.00524615 0.0028539 0.00524385 0.999982 0.0312508 0.262692 -0.462572
FixedParameters: 0 0 0

#Transform 96
Transform: AffineTransform_float_3_3
Parameters: 0.999997 -0.00139528 -0.0019115 0.00136001 0.999837 -0.0179607 0.00193576 0.0179583 0.999837 0.0603509 0.450335 -0.804568
FixedParameters: 0 0 0

#Transform 97
Transform: AffineTransform_float_3_3
Parameters: 0.999998 -0.000724724 -0.00188267 0.000679628 0.999722 -0.0235676 0.00189924 0.0235664 0.999721 0.0250258 0.315578 -0.890869
FixedParameters: 0 0 0

#Transform 98
Transform: AffineTransform_float_3_3
Parameters: 0.999997 -0.000944568 -0.00221979 0.000901664 0.999817 -0.019126 0.00223713 0.019124 0.999815 0.0292365 0.266778 -0.765538
FixedParameters: 0 0 0

#Transform 99
Transform: AffineTransform_float_3_3
Parameters: 0.999993 -0.00128721 -0.00331574 0.00123605 0.999883 -0.015284 0.00333504 0.01528 0.999877 0.0495963 0.327738 -0.689694
FixedParameters: 0 0 0

#Transform 100
Transform: AffineTransform_float_3_3
Parameters: 0.999994 -0.0005939 -0.00341881 0.00055968 0.99995 -0.0100317 0.00342446 0.0100293 0.999944 0.014727 0.116065 -0.357089
FixedParameters: 0 0 0

#Transform 101
Transform: AffineTransform_float_3_3
Parameters: 0.999997 -0.000542383 -0.00264767 0.000517803 0.999956 -0.00934902 0.00265242 0.00934698 0.999953 0.0070047 0.250472 -0.405753
FixedParameters: 0 0 0

#Transform 102
Transform: AffineTransform_float_3_3
Parameters: 0.999995 -0.000658185 -0.00291254 0.000630608 0.999955 -0.00948528 0.00291842 0.00948371 0.99995 0.0191139 0.360183 -0.44869
FixedParameters: 0 0 0

#Transform 103
Transform: AffineTransform_float_3_3
Parameters: 0.999996 -0.000527832 -0.00286232 0.000501587 0.999957 -0.00932874 0.0028669 0.00932728 0.999953 0.0146927 0.177067 -0.418
FixedParameters: 0 0 0

#Transform 104
Transform: AffineTransform_float_3_3
Parameters: 0.999995 -0.000776913 -0.00283375 0.000748773 0.99995 -0.00993821 0.00284126 0.00993679 0.999947 0.000879305 0.338891 -0.424997
FixedParameters: 0 0 0

#Transform 105
Transform: AffineTransform_float_3_3
Parameters: 0.999996 -0.000586591 -0.00275568 0.000562263 0.999962 -0.00876935 0.00276097 0.00876765 0.999957 -0.000119224 0.302926 -0.380728
FixedParameters: 0 0 0

#Transform 106
Transform: AffineTransform_float_3_3
Parameters: 0.999996 -0.000764168 -0.00279485 0.000740913 0.999966 -0.00814951 0.00280089 0.00814748 0.999963 0.00110057 0.158301 -0.306955
FixedParameters: 0 0 0

#Transform 107
Transform: AffineTransform_float_3_3
Parameters: 0.999996 -0.000653457 -0.00292827 0.000633919 0.999976 -0.0068993 0.00293263 0.00689771 0.999972 -0.00175266 0.325285 -0.344729
FixedParameters: 0 0 0

#Transform 108
Transform: AffineTransform_float_3_3
Parameters: 0.999995 -0.000681419 -0.00291681 0.000658809 0.999968 -0.00799036 0.00292274 0.00798863 0.999963 -0.0130294 0.265432 -0.409116
FixedParameters: 0 0 0

#Transform 109
Transform: AffineTransform_float_3_3
Parameters: 0.999995 -0.000952731 -0.00324134 0.000928212 0.999973 -0.0073051 0.00324754 0.0073019 0.999968 -0.0258482 0.13582 -0.321324
FixedParameters: 0 0 0

#Transform 110
Transform: AffineTransform_float_3_3
Parameters: 0.999994 -0.00126184 -0.00319143 0.0012367 0.999969 -0.00773984 0.00320152 0.00773617 0.999965 0.00491263 0.291208 -0.358533
FixedParameters: 0 0 0

#Transform 111
Transform: AffineTransform_float_3_3
Parameters: 0.999994 -0.00160772 -0.0030927 0.00158455 0.99997 -0.00762494 0.00310464 0.00762006 0.999966 0.025137 0.239646 -0.309692
FixedParameters: 0 0 0

#Transform 112
Transform: AffineTransform_float_3_3
Parameters: 0.999994 -0.00124392 -0.0031958 0.00122283 0.999976 -0.00681064 0.00320414 0.00680636 0.999972 0.00767896 0.170792 -0.246037
FixedParameters: 0 0 0

#Transform 113
Transform: AffineTransform_float_3_3
Parameters: 0.999995 -0.00159863 -0.00294108 0.00157854 0.999977 -0.00671504 0.00295197 0.00670997 0.999973 0.00805649 0.29474 -0.320159
FixedParameters: 0 0 0

#Transform 114
Transform: AffineTransform_float_3_3
Parameters: 0.999995 -0.00126565 -0.00263959 0.00124987 0.999983 -0.00569853 0.00264675 0.00569547 0.999981 -0.00710757 0.214065 -0.261382
FixedParameters: 0 0 0

#Transform 115
Transform: AffineTransform_float_3_3
Parameters: 0.999995 -0.000808496 -0.00283674 0.000791364 0.999984 -0.00574968 0.00284153 0.00574732 0.99998 -0.0221309 0.155969 -0.230932
FixedParameters: 0 0 0

#Transform 116
Transform: AffineTransform_float_3_3
Parameters: 0.999995 -0.00102306 -0.0031909 0.00100306 0.99998 -0.00628028 0.00319726 0.00627672 0.999975 -0.00479142 0.323989 -0.321029
FixedParameters: 0 0 0

#Transform 117
Transform: AffineTransform_float_3_3
Parameters: 0.999995 -0.000987603 -0.00320603 0.000968557 0.999983 -0.00581618 0.00321182 0.00581281 0.999977 -0.00425545 0.20966 -0.211809
FixedParameters: 0 0 0

#Transform 118
Transform: AffineTransform_float_3_3
Parameters: 0.999995 -0.00107398 -0.00316869 0.00105615 0.999984 -0.00554706 0.00317531 0.00554393 0.99998 -0.0232114 0.110715 -0.143936
FixedParameters: 0 0 0

#Transform 119
Transform: AffineTransform_float_3_3
Parameters: 0.999995 -0.00104094 -0.00318294 0.00102384 0.999984 -0.00555298 0.00318882 0.00555002 0.999979 -0.00528369 0.285901 -0.260319
FixedParameters: 0 0 0

#Transform 120
Transform: AffineTransform_float_3_3
Parameters: 0.999995 -0.00100983 -0.00276393 0.000996537 0.999987 -0.00496998 0.00276896 0.00496802 0.999984 -0.0103541 0.187987 -0.17768
FixedParameters: 0 0 0

#Transform 121
Transform: AffineTransform_float_3_3
Parameters: 0.999995 -0.000953512 -0.00278271 0.00093979 0.999987 -0.00491804 0.00278839 0.00491495 0.999984 -0.0223381 0.144404 -0.151237
FixedParameters: 0 0 0

#Transform 122
Transform: AffineTransform_float_3_3
Parameters: 0.999995 -0.0013197 -0.00306278 0.00130305 0.999985 -0.00541822 0.00306995 0.00541378 0.999981 0.00562295 0.305278 -0.267389
FixedParameters: 0 0 0

#Transform 123
Transform: AffineTransform_float_3_3
Parameters: 0.999995 -0.00111946 -0.0030107 0.00110435 0.999987 -0.0050174 0.00301652 0.0050136 0.999983 -0.0100369 0.179674 -0.140641
FixedParameters: 0 0 0

#Transform 124
Transform: AffineTransform_float_3_3
Parameters: 0.999996 -0.00103923 -0.00286777 0.0010259 0.999987 -0.00495601 0.00287267 0.00495299 0.999984 -0.0173476 0.117362 -0.130938
FixedParameters: 0 0 0

#Transform 125
Transform: AffineTransform_float_3_3
Parameters: 0.999996 -0.00109836 -0.0026801 0.0010856 0.999988 -0.00478113 0.00268507 0.00477887 0.999985 -0.0228676 0.283128 -0.220397
FixedParameters: 0 0 0

#Transform 126
Transform: AffineTransform_float_3_3
Parameters: 0.999996 -0.000929778 -0.00257952 0.000917675 0.999988 -0.00473795 0.00258411 0.00473605 0.999985 -0.0241678 0.224718 -0.115739
FixedParameters: 0 0 0

#Transform 127
Transform: AffineTransform_float_3_3
Parameters: 0.999996 -0.00100513 -0.00262767 0.000992198 0.999988 -0.00480839 0.00263311 0.0048046 0.999985 -0.0293284 0.106598 -0.0423391
FixedParameters: 0 0 0

#Transform 128
Transform: AffineTransform_float_3_3
Parameters: 0.999996 -0.0011365 -0.00265934 0.00112348 0.999988 -0.00486757 0.00266486 0.00486443 0.999985 -0.0182253 0.241921 -0.107994
FixedParameters: 0 0 0

#Transform 129
Transform: AffineTransform_float_3_3
Parameters: 0.999995 -0.0010706 -0.00278132 0.00105723 0.999987 -0.00495116 0.00278691 0.00494884 0.999984 -0.015058 0.272991 -0.105331
FixedParameters: 0 0 0

#Transform 130
Transform: AffineTransform_float_3_3
Parameters: 0.999994 -0.00118838 -0.00327485 0.0011737 0.99999 -0.00440856 0.00328032 0.00440444 0.999985 -0.014256 0.125493 0.00133672
FixedParameters: 0 0 0

#Transform 131
Transform: AffineTransform_float_3_3
Parameters: 0.999995 -0.00104827 -0.00317922 0.00103637 0.999992 -0.003814 0.00318301 0.00381099 0.999988 0.000593735 0.10987 -0.0252936
FixedParameters: 0 0 0

#Transform 132
Transform: AffineTransform_float_3_3
Parameters: 0.999995 -0.00144182 -0.00306485 0.0014304 0.999993 -0.0034504 0.00306954 0.0034466 0.999989 0.0386058 0.108344 -0.0215214
FixedParameters: 0 0 0

#Transform 133
Transform: AffineTransform_float_3_3
Parameters: 0.999994 -0.00112447 -0.00333871 0.0011169 0.999997 -0.00243459 0.00334157 0.00243142 0.999991 0.016497 -0.0642218 0.0325382
FixedParameters: 0 0 0

#Transform 134
Transform: AffineTransform_float_3_3
Parameters: 0.999995 -0.00151909 -0.00277917 0.00150782 0.999991 -0.00394257 0.00278549 0.00393844 0.999989 0.0043412 0.231846 -0.198288
FixedParameters: 0 0 0

#Transform 135
Transform: AffineTransform_float_3_3
Parameters: 0.999996 -0.00120504 -0.00256139 0.00119626 0.999993 -0.00369064 0.00256595 0.00368736 0.99999 0.00882848 0.210397 -0.168775
FixedParameters: 0 0 0

#Transform 136
Transform: AffineTransform_float_3_3
Parameters: 0.999997 -0.000801651 -0.0023513 0.000793835 0.999994 -0.00330944 0.00235437 0.00330856 0.999992 -0.0134148 0.0338745 -0.0460098
FixedParameters: 0 0 0

#Transform 137
Transform: AffineTransform_float_3_3
Parameters: 0.999998 -0.000748537 -0.00221204 0.000740637 0.999993 -0.00374457 0.00221502 0.00374343 0.999991 -0.0203564 0.25451 -0.187917
FixedParameters: 0 0 0

#Transform 138
Transform: AffineTransform_float_3_3
Parameters: 0.999997 -0.000865054 -0.00233404 0.000854901 0.999992 -0.00414493 0.00233726 0.00414307 0.999989 -0.020807 0.225241 -0.156091
FixedParameters: 0 0 0

#Transform 139
Transform: AffineTransform_float_3_3
Parameters: 0.999997 -0.000799754 -0.00223364 0.000790635 0.999992 -0.0039807 0.00223737 0.0039793 0.99999 -0.0177281 0.0986043 -0.0929929
FixedParameters: 0 0 0

#Transform 140
Transform: AffineTransform_float_3_3
Parameters: 0.999996 -0.00101468 -0.00235142 0.00100506 0.999991 -0.0040003 0.00235559 0.0039977 0.999989 0.00856618 0.260147 -0.186909
FixedParameters: 0 0 0

#Transform 141
Transform: AffineTransform_float_3_3
Parameters: 0.999996 -0.000981227 -0.00242563 0.000971026 0.999992 -0.00399829 0.00242952 0.00399571 0.999989 0.00414617 0.15104 -0.0983769
FixedParameters: 0 0 0

#Transform 142
Transform: AffineTransform_float_3_3
Parameters: 0.999998 -3.00669e-05 -0.00225982 2.53042e-05 0.999998 -0.00224504 0.00225984 0.00224496 0.999995 -0.0508313 0.07831 -0.0212475
FixedParameters: 0 0 0

#Transform 143
Transform: AffineTransform_float_3_3
Parameters: 0.999997 -0.00126174 -0.00218473 0.00125417 0.999994 -0.00311567 0.00218891 0.00311233 0.999993 -0.00212761 0.249825 -0.149524
FixedParameters: 0 0 0

#Transform 144
Transform: AffineTransform_float_3_3
Parameters: 0.999997 -0.000468393 -0.00269647 0.000467255 1 -0.000211517 0.00269667 0.000210482 0.999997 0.0168427 0.0706849 0.0483586
FixedParameters: 0 0 0

#Transform 145
Transform: AffineTransform_float_3_3
Parameters: 0.999998 0.000526913 -0.00184599 -0.000528852 0.999999 -0.00112936 0.00184494 0.00113064 0.999998 -0.0237446 -0.01572 0.133236
FixedParameters: 0 0 0

#Transform 146
Transform: AffineTransform_float_3_3
Parameters: 0.999998 0.000375719 -0.00186788 -0.000378592 0.999999 -0.00147099 0.00186783 0.00147101 0.999997 -0.0280168 0.116308 -0.019867
FixedParameters: 0 0 0

#Transform 147
Transform: AffineTransform_float_3_3
Parameters: 0.999998 -0.000195625 -0.00209204 0.000192457 0.999999 -0.00182354 0.00209302 0.00182347 0.999996 -0.014733 0.228466 -0.125245
FixedParameters: 0 0 0

#Transform 148
Transform: AffineTransform_float_3_3
Parameters: 0.999999 -0.000259671 -0.00177971 0.00025611 0.999999 -0.00151759 0.00177971 0.00151741 0.999998 -0.0218342 0.0929517 0.010768
FixedParameters: 0 0 0

#Transform 149
Transform: AffineTransform_float_3_3
Parameters: 0.999998 -0.000339063 -0.0019655 0.000335883 0.999998 -0.00161079 0.00196634 0.00161021 0.999997 -0.008926 -0.00517078 0.0438671
FixedParameters: 0 0 0

#Transform 150
Transform: AffineTransform_float_3_3
Parameters: 0.999997 -0.00054586 -0.00244723 0.000540411 0.999997 -0.00213394 0.00244851 0.00213205 0.999995 -0.0143276 0.149744 -0.0141293
FixedParameters: 0 0 0

#Transform 151
Transform: AffineTransform_float_3_3
Parameters: 0.999995 -0.00070425 -0.00302339 0.000697367 0.999997 -0.00226938 0.00302475 0.00226662 0.999993 -0.0157621 0.182875 -0.0113824
FixedParameters: 0 0 0

#Transform 152
Transform: AffineTransform_float_3_3
Parameters: 0.999994 -0.000197877 -0.00329244 0.000191206 0.999998 -0.00183074 0.00329304 0.00183025 0.999992 -0.0124091 -0.0070105 0.157572
FixedParameters: 0 0 0

#Transform 153
Transform: AffineTransform_float_3_3
Parameters: 0.999995 -0.00080753 -0.00306072 0.0008009 0.999998 -0.00204951 0.00306259 0.00204749 0.999993 -0.0112596 0.157055 0.0533202
FixedParameters: 0 0 0

#Transform 154
Transform: AffineTransform_float_3_3
Parameters: 0.999996 -0.000668257 -0.00273623 0.000663395 0.999998 -0.00180159 0.00273759 0.00179941 0.999994 -0.00311774 0.214092 -0.00637059
FixedParameters: 0 0 0

#Transform 155
Transform: AffineTransform_float_3_3
Parameters: 0.999995 -0.000458197 -0.00313889 0.000453244 0.999999 -0.00173169 0.00313905 0.00173031 0.999993 -0.00928352 -0.00917488 0.12815
FixedParameters: 0 0 0

#Transform 156
Transform: AffineTransform_float_3_3
Parameters: 0.999995 -0.000891184 -0.00325044 0.000882159 0.999996 -0.00278293 0.0032537 0.00278007 0.99999 -0.00900938 0.237613 -0.0237158
FixedParameters: 0 0 0

#Transform 157
Transform: AffineTransform_float_3_3
Parameters: 0.999994 -0.00094626 -0.00337813 0.000936235 0.999995 -0.00290472 0.00338061 0.00290128 0.99999 0.000238375 0.178271 0.0252426
FixedParameters: 0 0 0

#Transform 158
Transform: AffineTransform_float_3_3
Parameters: 0.999994 -0.000754068 -0.00339806 0.000745142 0.999997 -0.00245508 0.00339953 0.00245291 0.999991 -8.92752e-05 0.00183508 0.113866
FixedParameters: 0 0 0

#Transform 159
Transform: AffineTransform_float_3_3
Parameters: 0.999995 -0.00099721 -0.00320524 0.000987463 0.999995 -0.00316087 0.00320813 0.00315813 0.99999 -0.00142047 0.238858 -0.0319942
FixedParameters: 0 0 0

#Transform 160
Transform: AffineTransform_float_3_3
Parameters: 0.999994 -0.000953694 -0.00339046 0.000941587 0.999994 -0.0034719 0.00339327 0.0034691 0.999988 0.00907758 0.152814 0.0596198
FixedParameters: 0 0 0

#Transform 161
Transform: AffineTransform_float_3_3
Parameters: 0.999995 -0.000892365 -0.00325012 0.000881897 0.999995 -0.00314642 0.00325364 0.00314358 0.99999 -0.00869286 0.0444477 0.125962
FixedParameters: 0 0 0

#Transform 162
Transform: AffineTransform_float_3_3
Parameters: 0.999995 -0.000975099 -0.00321481 0.000964857 0.999994 -0.00343181 0.00321862 0.00342919 0.999989 -0.0121491 0.23207 -0.00625363
FixedParameters: 0 0 0

#Transform 163
Transform: AffineTransform_float_3_3
Parameters: 0.999994 -0.00100248 -0.00336067 0.000992409 0.999995 -0.00306289 0.0033634 0.00305911 0.99999 -0.00657667 0.142557 0.0770105
FixedParameters: 0 0 0

#Transform 164
Transform: AffineTransform_float_3_3
Parameters: 0.999994 -0.000988459 -0.0034775 0.000978435 0.999995 -0.00282196 0.00348006 0.00281804 0.99999 -0.0082008 0.0349273 0.121503
FixedParameters: 0 0 0

#Transform 165
Transform: AffineTransform_float_3_3
Parameters: 0.999995 -0.00121605 -0.00311153 0.00120586 0.999994 -0.00317846 0.00311624 0.00317454 0.999991 -0.0187494 0.239558 -0.0567989
FixedParameters: 0 0 0

#Transform 166
Transform: AffineTransform_float_3_3
Parameters: 0.999995 -0.00100708 -0.00320108 0.000996925 0.999994 -0.00337226 0.00320407 0.00336874 0.999989 -0.0116559 0.228195 -0.0376932
FixedParameters: 0 0 0

#Transform 167
Transform: AffineTransform_float_3_3
Parameters: 0.999995 -0.000891848 -0.00325026 0.000882414 0.999995 -0.00298778 0.0032535 0.00298422 0.99999 -0.0174088 0.0639383 0.0320966
FixedParameters: 0 0 0

#Transform 168
Transform: AffineTransform_float_3_3
Parameters: 0.999995 -0.000892244 -0.00325015 0.00088202 0.999995 -0.00310893 0.0032536 0.00310606 0.999989 -0.0241148 0.207277 -0.0415156
FixedParameters: 0 0 0

#Transform 169
Transform: AffineTransform_float_3_3
Parameters: 0.999992 -0.00108301 -0.00369294 0.00107067 0.999994 -0.00339716 0.00369701 0.00339284 0.999987 -0.0216403 0.21282 -0.0229284
FixedParameters: 0 0 0

#Transform 170
Transform: AffineTransform_float_3_3
Parameters: 0.999993 -0.00103154 -0.00357456 0.00102003 0.999994 -0.00321084 0.00357737 0.00320715 0.999989 -0.0215658 0.0919259 0.0284195
FixedParameters: 0 0 0

#Transform 171
Transform: AffineTransform_float_3_3
Parameters: 0.999994 -0.0010112 -0.00352569 0.000999345 0.999994 -0.00335808 0.00352959 0.00335392 0.999988 -0.0149247 0.241509 -0.0653677
FixedParameters: 0 0 0

#Transform 172
Transform: AffineTransform_float_3_3
Parameters: 0.999995 -0.001209 -0.00293941 0.00119993 0.999994 -0.00326574 0.00294297 0.00326225 0.99999 -0.0278698 0.220325 -0.0524349
FixedParameters: 0 0 0

#Transform 173
Transform: AffineTransform_float_3_3
Parameters: 0.999995 -0.00100673 -0.00275833 0.000999546 0.999996 -0.00270818 0.00276156 0.00270482 0.999993 -0.0146394 0.00941128 0.042469
FixedParameters: 0 0 0

#Transform 174
Transform: AffineTransform_float_3_3
Parameters: 0.999995 -0.00120863 -0.00294172 0.00120001 0.999995 -0.00287459 0.00294512 0.00287041 0.999992 -0.0192243 0.148711 -0.0058264
FixedParameters: 0 0 0

#Transform 175
Transform: AffineTransform_float_3_3
Parameters: 0.999995 -0.0015444 -0.00267406 0.00153694 0.999995 -0.00287048 0.00267846 0.00286652 0.999992 -0.0208594 0.20254 -0.0281682
FixedParameters: 0 0 0

#Transform 176
Transform: AffineTransform_float_3_3
Parameters: 0.999996 -0.00138103 -0.00240477 0.0013755 0.999996 -0.00240903 0.00240775 0.00240597 0.999994 -0.0112905 0.0366212 0.0742642
FixedParameters: 0 0 0

#Transform 177
Transform: AffineTransform_float_3_3
Parameters: 0.999995 -0.00151715 -0.00257247 0.00150923 0.999994 -0.00317561 0.00257633 0.00317139 0.999991 -0.00668313 0.135533 0.00559012
FixedParameters: 0 0 0

#Transform 178
Transform: AffineTransform_float_3_3
Parameters: 0.999995 -0.00155733 -0.00266852 0.0015498 0.999995 -0.00288966 0.00267306 0.00288634 0.999992 -0.00415008 0.224953 -0.0698907
FixedParameters: 0 0 0

#Transform 179
Transform: AffineTransform_float_3_3
Parameters: 0.999995 -0.00139962 -0.00301883 0.00139191 0.999996 -0.00264942 0.00302271 0.00264458 0.999992 -0.00655443 0.0269141 0.0693547
FixedParameters: 0 0 0

#Transform 180
Transform: AffineTransform_float_3_3
Parameters: 0.999995 -0.00160598 -0.00278145 0.00159818 0.999995 -0.00298582 0.00278618 0.00298119 0.999992 -0.0167132 0.15587 -0.0286171
FixedParameters: 0 0 0

#Transform 181
Transform: AffineTransform_float_3_3
Parameters: 0.999994 -0.00208908 -0.00275846 0.00208034 0.999993 -0.00303942 0.00276446 0.00303358 0.999991 -0.0257948 0.187274 0.00425076
FixedParameters: 0 0 0

#Transform 182
Transform: AffineTransform_float_3_3
Parameters: 0.999995 -0.00179377 -0.00258208 0.00178836 0.999996 -0.00204213 0.00258612 0.00203786 0.999995 -0.0307259 -0.0231069 0.0765204
FixedParameters: 0 0 0

#Transform 183
Transform: AffineTransform_float_3_3
Parameters: 0.999995 -0.0020486 -0.00240951 0.00204196 0.999994 -0.00274395 0.00241576 0.00273904 0.999993 -0.0273798 0.153674 -0.0504828
FixedParameters: 0 0 0

#Transform 184
Transform: AffineTransform_float_3_3
Parameters: 0.999993 -0.00229906 -0.0027488 0.00229087 0.999992 -0.00328413 0.00275641 0.00327787 0.99999 -0.0142773 0.251035 -0.118281
FixedParameters: 0 0 0

#Transform 185
Transform: AffineTransform_float_3_3
Parameters: 0.999993 -0.00220371 -0.00277287 0.00219646 0.999994 -0.00265992 0.00277921 0.00265408 0.999992 -0.0136677 0.0557908 0.0105736
FixedParameters: 0 0 0

#Transform 186
Transform: AffineTransform_float_3_3
Parameters: 0.999994 -0.00216316 -0.00267945 0.00215637 0.999994 -0.00249524 0.00268525 0.00249075 0.999993 -0.0148391 0.121321 -0.0272176
FixedParameters: 0 0 0

#Transform 187
Transform: AffineTransform_float_3_3
