# transform file /out/sourcedata/freesurfer/sub-v2s5x29562_ses-1/mri/transforms/cc_up.lta
# created by oesteban on Fri Mar 13 10:42:22 2026

type      = 0 # LINEAR_VOX_TO_VOX
nxforms   = 1
mean      = 155.0000 114.0000 150.0000
sigma     = 10000.0000
1 4 4
9.985187649726868e-01 -4.551669582724571e-02 -2.980492822825909e-02 -1.512472724914551e+01 
4.549643397331238e-02 9.989634752273560e-01 -1.358029432594776e-03 3.238633346557617e+01 
2.983585186302662e-02 -1.164153079491470e-10 9.995547533035278e-01 -1.245819950103760e+01 
0.000000000000000e+00 0.000000000000000e+00 0.000000000000000e+00 1.000000000000000e+00 
src volume info
valid = 1  # volume info valid
filename = /out/sourcedata/freesurfer/sub-v2s5x29562_ses-1/mri/norm.mgz
volume = 320 320 320
voxelsize = 6.999999880790710e-01 6.999999880790710e-01 6.999999880790710e-01
xras   = -1.000000000000000e+00 0.000000000000000e+00 0.000000000000000e+00
yras   = 0.000000000000000e+00 0.000000000000000e+00 -1.000000000000000e+00
zras   = 0.000000000000000e+00 1.000000000000000e+00 0.000000000000000e+00
cras   = -9.798049926757812e-01 1.641098022460938e+01 -1.521130371093750e+01
dst volume info
valid = 1  # volume info valid
filename = /out/sourcedata/freesurfer/sub-v2s5x29562_ses-1/mri/norm.mgz
volume = 320 320 320
voxelsize = 6.999999880790710e-01 6.999999880790710e-01 6.999999880790710e-01
xras   = -1.000000000000000e+00 0.000000000000000e+00 0.000000000000000e+00
yras   = 0.000000000000000e+00 0.000000000000000e+00 -1.000000000000000e+00
zras   = 0.000000000000000e+00 1.000000000000000e+00 0.000000000000000e+00
cras   = -9.798049926757812e-01 1.641098022460938e+01 -1.521130371093750e+01
