# transform file transforms/talairach.lta
# created by oesteban on Fri Mar 13 08:17:36 2026

type      = 0 # LINEAR_VOX_TO_VOX
nxforms   = 1
mean      = 154.0000 117.0000 150.0000
sigma     = 10000.0000
1 4 4
7.635618448257446e-01 -2.489002607762814e-02 -5.444563925266266e-03 1.273660659790039e+01 
2.588773332536221e-02 7.974457144737244e-01 1.275950968265533e-01 6.623667240142822e+00 
1.665569026954472e-03 -1.159060597419739e-01 6.771397590637207e-01 2.477402877807617e+01 
0.000000000000000e+00 0.000000000000000e+00 0.000000000000000e+00 1.000000000000000e+00 
src volume info
valid = 1  # volume info valid
filename = nu.mgz
volume = 320 320 320
voxelsize = 6.999999880790710e-01 6.999999880790710e-01 6.999999880790710e-01
xras   = -1.000000000000000e+00 0.000000000000000e+00 0.000000000000000e+00
yras   = 0.000000000000000e+00 0.000000000000000e+00 -1.000000000000000e+00
zras   = 0.000000000000000e+00 1.000000000000000e+00 0.000000000000000e+00
cras   = -9.798049926757812e-01 1.641098022460938e+01 -1.521130371093750e+01
dst volume info
valid = 1  # volume info valid
filename = /opt/freesurfer/average/RB_all_2020-01-02.gca
volume = 256 256 256
voxelsize = 1.000000000000000e+00 1.000000000000000e+00 1.000000000000000e+00
xras   = -1.000000000000000e+00 0.000000000000000e+00 0.000000000000000e+00
yras   = 0.000000000000000e+00 0.000000000000000e+00 -1.000000000000000e+00
zras   = 0.000000000000000e+00 1.000000000000000e+00 0.000000000000000e+00
cras   = 0.000000000000000e+00 0.000000000000000e+00 0.000000000000000e+00
