#Insight Transform File V1.0
#Transform 0
Transform: AffineTransform_float_3_3
Parameters: 1 -0.000291843 0.000123761 0.000291757 1 0.000345036 -0.000123962 -0.000344964 1 0.00750017 0.000574179 0.0061992
FixedParameters: 0 0 0

#Transform 1
Transform: AffineTransform_float_3_3
Parameters: 1 -0.000264242 0.000112006 0.000264128 1 0.000508029 -0.000112274 -0.00050797 1 -0.00166169 -0.0164728 -0.00809413
FixedParameters: 0 0 0

#Transform 2
Transform: AffineTransform_float_3_3
Parameters: 1 2.77093e-05 6.53697e-05 -2.77745e-05 1 0.000498998 -6.5342e-05 -0.000499002 1 -0.000249693 -0.0157022 -0.00985914
FixedParameters: 0 0 0

#Transform 3
Transform: AffineTransform_float_3_3
Parameters: 1 -0.000158321 6.72184e-05 0.000158332 1 -7.99894e-05 -6.71931e-05 8.00106e-05 1 -0.00529716 0.00881795 -0.0485913
FixedParameters: 0 0 0

#Transform 4
Transform: AffineTransform_float_3_3
Parameters: 1 -0.000113207 4.80947e-05 0.000113237 1 -0.000306995 -4.80251e-05 0.000307005 1 -0.00066217 0.0265716 -0.067534
FixedParameters: 0 0 0

#Transform 5
Transform: AffineTransform_float_3_3
Parameters: 1 9.57041e-05 0.000225534 -9.57541e-05 1 0.000110978 -0.000225513 -0.000111022 1 -0.00070673 -0.00466973 -0.0433302
FixedParameters: 0 0 0

#Transform 6
Transform: AffineTransform_float_3_3
Parameters: 1 0.000416185 0.000223226 -0.000416331 1 0.000327907 -0.000222953 -0.000328093 1 -0.0179917 -0.00845215 -0.0257718
FixedParameters: 0 0 0

#Transform 7
Transform: AffineTransform_float_3_3
Parameters: 1 0.000370136 0.000480601 -0.000370257 1 0.000125822 -0.000480508 -0.000126178 1 -0.0185674 0.000899727 -0.0312393
FixedParameters: 0 0 0

#Transform 8
Transform: AffineTransform_float_3_3
Parameters: 1 0.000289346 0.000233426 -0.00028915 1 -0.000419067 -0.000233669 0.000418932 1 -0.0192376 0.0504772 -0.0835979
FixedParameters: 0 0 0

#Transform 9
Transform: AffineTransform_float_3_3
Parameters: 1 0.000292946 0.000231965 -0.000292914 1 -6.80679e-05 -0.000232005 6.7932e-05 1 -0.0203131 0.0193385 -0.0550437
FixedParameters: 0 0 0

#Transform 10
Transform: AffineTransform_float_3_3
Parameters: 1 0.000310147 -0.000108784 -0.000310115 1 0.000147034 0.000108875 -0.000146966 1 -0.0290005 -0.0092547 -0.0530674
FixedParameters: 0 0 0

#Transform 11
Transform: AffineTransform_float_3_3
Parameters: 1 0.000460384 6.85878e-05 -0.000460392 1 5.49684e-05 -6.85372e-05 -5.50316e-05 1 -0.0274035 -0.00936117 -0.0544586
FixedParameters: 0 0 0

#Transform 12
Transform: AffineTransform_float_3_3
Parameters: 1 0.000479008 -0.000174244 -0.000478775 1 -0.000449916 0.000174733 0.000450084 1 -0.0337762 0.0491775 -0.0994106
FixedParameters: 0 0 0

#Transform 13
Transform: AffineTransform_float_3_3
Parameters: 1 0.000404089 -0.000432427 -0.000403426 1 -0.000297826 0.000431796 0.000298174 1 -0.0327383 0.0266533 -0.0685968
FixedParameters: 0 0 0

#Transform 14
Transform: AffineTransform_float_3_3
Parameters: 1 0.000635022 -8.04887e-05 -0.000635014 1 5.30511e-05 8.05561e-05 -5.29488e-05 1 -0.0467051 -0.011708 -0.0463363
FixedParameters: 0 0 0

#Transform 15
Transform: AffineTransform_float_3_3
Parameters: 1 0.000648841 -8.62647e-05 -0.000649201 1 0.000182903 8.55811e-05 -0.000182097 1 -0.0445696 -0.00628266 -0.0495983
FixedParameters: 0 0 0

#Transform 16
Transform: AffineTransform_float_3_3
Parameters: 0.999999 0.000981099 -0.00022756 -0.000981156 0.999999 -0.000124929 0.000227313 0.00012607 1 -0.0358614 0.0231783 -0.0623982
FixedParameters: 0 0 0

#Transform 17
Transform: AffineTransform_float_3_3
Parameters: 0.999999 0.000738397 -0.000512501 -0.000738682 0.999999 -0.000277621 0.00051209 0.000278378 1 -0.0384856 0.0322154 -0.0778898
FixedParameters: 0 0 0

#Transform 18
Transform: AffineTransform_float_3_3
Parameters: 0.999999 0.000676389 -0.000484731 -0.000676284 1 0.000109328 0.000484879 -0.000108672 1 -0.0452454 0.00783011 -0.0482504
FixedParameters: 0 0 0

#Transform 19
Transform: AffineTransform_float_3_3
Parameters: 0.999999 0.000916138 -0.00038055 -0.000916395 1 -0.000337011 0.000379932 0.000336989 1 -0.0577934 -0.000107339 -0.0295502
FixedParameters: 0 0 0

#Transform 20
Transform: AffineTransform_float_3_3
Parameters: 0.999999 0.000899155 -0.000420485 -0.000899384 0.999999 -0.000736982 0.00042008 0.000737018 0.999999 -0.0731712 0.0145278 -0.032754
FixedParameters: 0 0 0

#Transform 21
Transform: AffineTransform_float_3_3
Parameters: 1 0.000994667 -0.00053063 -0.000995422 0.999999 -0.000712679 0.000529212 0.00071232 1 -0.0775979 0.0308523 -0.0717059
FixedParameters: 0 0 0

#Transform 22
Transform: AffineTransform_float_3_3
Parameters: 1 0.000787875 -0.000681967 -0.000788731 0.999999 -0.000914822 0.000681445 0.000915177 0.999999 -0.0587336 0.0477781 -0.0960224
FixedParameters: 0 0 0

#Transform 23
Transform: AffineTransform_float_3_3
Parameters: 0.999999 0.000732328 -0.00059821 -0.000733003 1 -0.000563922 0.000597383 0.000564078 0.999999 -0.0573859 0.0112133 -0.115696
FixedParameters: 0 0 0

#Transform 24
Transform: AffineTransform_float_3_3
Parameters: 0.999999 0.000981031 -0.000227854 -0.000981224 1 -0.000425136 0.00022702 0.000424863 1 -0.0582626 0.0165373 -0.0901552
FixedParameters: 0 0 0

#Transform 25
Transform: AffineTransform_float_3_3
Parameters: 0.999999 0.000815072 -0.000260387 -0.000814812 0.999999 -0.000250788 0.000260899 0.000251213 1 -0.058656 0.0175648 -0.0817943
FixedParameters: 0 0 0

#Transform 26
Transform: AffineTransform_float_3_3
Parameters: 0.999999 0.000848176 -0.000540264 -0.000849163 0.999999 -0.000914901 0.000538711 0.000915097 0.999999 -0.0572273 0.0573001 -0.116159
FixedParameters: 0 0 0

#Transform 27
Transform: AffineTransform_float_3_3
Parameters: 0.999999 0.000583884 -0.000510225 -0.000584608 1 -0.000710062 0.000509395 0.000709938 0.999999 -0.0456478 0.0456894 -0.102077
FixedParameters: 0 0 0

#Transform 28
Transform: AffineTransform_float_3_3
Parameters: 1 0.000501539 -2.39923e-05 -0.000501551 1 -0.000250988 2.37405e-05 0.000251012 1 -0.0438689 0.0138463 -0.104114
FixedParameters: 0 0 0

#Transform 29
Transform: AffineTransform_float_3_3
Parameters: 1 0.000518163 -0.000169013 -0.000518234 1 -0.000211912 0.000168793 0.000212087 1 -0.0393257 0.0187545 -0.0927652
FixedParameters: 0 0 0

#Transform 30
Transform: AffineTransform_float_3_3
Parameters: 1 0.000631305 -7.92032e-05 -0.000631366 0.999999 -0.00038595 7.87158e-05 0.00038605 1 -0.0382464 0.0278475 -0.127834
FixedParameters: 0 0 0

#Transform 31
Transform: AffineTransform_float_3_3
Parameters: 1 0.000525137 -0.00015266 -0.000525326 0.999999 -0.00061992 0.000152008 0.00062008 1 -0.038369 0.0587125 -0.139942
FixedParameters: 0 0 0

#Transform 32
Transform: AffineTransform_float_3_3
Parameters: 1 0.000204554 -0.000306309 -0.000204621 1 -0.000108937 0.000306265 0.000109063 1 -0.0344535 0.0107487 -0.121113
FixedParameters: 0 0 0

#Transform 33
Transform: AffineTransform_float_3_3
Parameters: 1 0.000287667 -0.000179672 -0.000287654 1 3.50517e-05 0.000179692 -3.49483e-05 1 -0.0277961 0.00128839 -0.112825
FixedParameters: 0 0 0

#Transform 34
Transform: AffineTransform_float_3_3
Parameters: 1 0.00041962 1.09032e-05 -0.00041962 1 -1.30046e-05 -1.09141e-05 1.29954e-05 1 -0.0277966 0.0206193 -0.0891894
FixedParameters: 0 0 0

#Transform 35
Transform: AffineTransform_float_3_3
Parameters: 1 0.0005678 -5.22284e-05 -0.000567842 1 -0.00040397 5.17696e-05 0.000404029 1 -0.0354022 0.0435012 -0.133772
FixedParameters: 0 0 0

#Transform 36
Transform: AffineTransform_float_3_3
Parameters: 1 0.000567801 -5.222e-05 -0.000567842 1 -0.000389123 5.17777e-05 0.000389877 0.999999 -0.0351038 0.0463573 -0.10986
FixedParameters: 0 0 0

#Transform 37
Transform: AffineTransform_float_3_3
Parameters: 1 0.000642088 0.00012275 -0.000642953 1 -0.000228079 -0.000122653 0.000227921 1 -0.0368737 -0.00297097 -0.0952199
FixedParameters: 0 0 0

#Transform 38
Transform: AffineTransform_float_3_3
Parameters: 0.999999 0.000725278 0.000318982 -0.000725293 0.999999 2.37686e-05 -0.000318947 -2.42313e-05 1 -0.0452759 0.0186245 -0.0799312
FixedParameters: 0 0 0

#Transform 39
Transform: AffineTransform_float_3_3
Parameters: 1 0.000950813 0.000332661 -0.000951491 0.999999 -0.000365316 -0.000332964 0.000364683 1 -0.044747 0.0422993 -0.106706
FixedParameters: 0 0 0

#Transform 40
Transform: AffineTransform_float_3_3
Parameters: 1 0.00117397 0.00029728 -0.0011741 0.999999 -0.00066935 -0.00029754 0.000668652 1 -0.0497432 0.0670551 -0.0814615
FixedParameters: 0 0 0

#Transform 41
Transform: AffineTransform_float_3_3
Parameters: 0.999999 0.000852421 -3.16643e-05 -0.000852427 0.999999 -9.9973e-05 3.14938e-05 0.000100027 1 -0.0477608 0.0113905 -0.0548057
FixedParameters: 0 0 0

#Transform 42
Transform: AffineTransform_float_3_3
Parameters: 1 0.0009869 0.00037741 -0.00098692 0.999999 2.64749e-05 -0.000377358 -2.65251e-05 0.999999 -0.0447706 0.0199311 -0.0579297
FixedParameters: 0 0 0

#Transform 43
Transform: AffineTransform_float_3_3
Parameters: 1 0.000987388 0.000190962 -0.000987197 1 -0.000498701 -0.000191946 0.000498299 1 -0.038908 0.0502723 -0.0884099
FixedParameters: 0 0 0

#Transform 44
Transform: AffineTransform_float_3_3
Parameters: 1 0.000628038 8.94459e-05 -0.00062887 0.999999 -0.000498056 -8.96811e-05 0.000497944 1 -0.0398494 0.0517191 -0.0785787
FixedParameters: 0 0 0

#Transform 45
Transform: AffineTransform_float_3_3
Parameters: 0.999999 0.000844931 4.55491e-05 -0.000844939 0.999999 9.09615e-05 -4.53954e-05 -9.10384e-05 1 -0.0460817 0.0120268 -0.0459352
FixedParameters: 0 0 0

#Transform 46
Transform: AffineTransform_float_3_3
Parameters: 1 0.00102987 0.00024094 -0.00102945 0.999999 0.000222752 -0.000241792 -0.000223249 1 -0.0390476 0.00896176 -0.0529292
FixedParameters: 0 0 0

#Transform 47
Transform: AffineTransform_float_3_3
Parameters: 0.999999 0.000970893 3.74499e-05 -0.000970879 0.999999 -0.000192189 -3.78237e-05 0.000192811 1 -0.0525192 0.0526834 -0.0853835
FixedParameters: 0 0 0

#Transform 48
Transform: AffineTransform_float_3_3
Parameters: 0.999999 0.000932247 -3.33424e-05 -0.00093228 0.999999 -0.000498121 3.24129e-05 0.000498877 0.999999 -0.0443021 0.0537473 -0.0769993
FixedParameters: 0 0 0

#Transform 49
Transform: AffineTransform_float_3_3
Parameters: 0.999999 0.00126222 0.000260181 -0.00126206 1 -0.000296841 -0.000260929 0.000296159 1 -0.0499804 0.0201415 -0.0364814
FixedParameters: 0 0 0

#Transform 50
Transform: AffineTransform_float_3_3
Parameters: 0.999999 0.00146345 2.87021e-05 -0.00146385 0.999999 0.000175446 -2.91089e-05 -0.000175555 1 -0.0585298 0.0253619 -0.0238951
FixedParameters: 0 0 0

#Transform 51
Transform: AffineTransform_float_3_3
Parameters: 0.999999 0.00122378 0.000172103 -0.00122364 0.999999 -0.000387571 -0.000173051 0.000386429 1 -0.0558506 0.0572196 -0.054656
FixedParameters: 0 0 0

#Transform 52
Transform: AffineTransform_float_3_3
Parameters: 0.999999 0.00100085 -0.000166208 -0.00100169 0.999999 -0.000946987 0.000165622 0.000948014 1 -0.0550921 0.0790305 -0.0775142
FixedParameters: 0 0 0

#Transform 53
Transform: AffineTransform_float_3_3
Parameters: 1 0.00101681 -0.000284255 -0.00101701 1 -0.000342071 0.000283559 0.000341929 1 -0.0544902 0.0323571 -0.0323429
FixedParameters: 0 0 0

#Transform 54
Transform: AffineTransform_float_3_3
Parameters: 0.999999 0.00142307 -6.40016e-05 -0.00142306 0.999999 9.37315e-05 6.42691e-05 -9.42683e-05 1 -0.054036 0.0297445 -0.0210277
FixedParameters: 0 0 0

#Transform 55
Transform: AffineTransform_float_3_3
Parameters: 0.999999 0.00122468 -0.000117136 -0.00122435 0.999999 -0.000258216 0.000117425 0.000257784 1 -0.0544751 0.0593455 -0.0374635
FixedParameters: 0 0 0

#Transform 56
Transform: AffineTransform_float_3_3
Parameters: 0.999999 0.00119136 -0.000384979 -0.00119151 0.999999 -0.000699901 0.000384232 0.000700098 1 -0.0533315 0.0786766 -0.061235
FixedParameters: 0 0 0

#Transform 57
Transform: AffineTransform_float_3_3
Parameters: 1 0.00113382 -0.00029275 -0.00113405 0.999999 -0.000398028 0.000291848 0.000397972 1 -0.0588251 0.0536874 -0.0354868
FixedParameters: 0 0 0

#Transform 58
Transform: AffineTransform_float_3_3
Parameters: 1 0.00118742 3.58205e-05 -0.00118742 0.999999 -6.04023e-05 -3.5963e-05 5.95977e-05 1 -0.0553958 0.0242672 0.000130937
FixedParameters: 0 0 0

#Transform 59
Transform: AffineTransform_float_3_3
Parameters: 0.999999 0.00154087 -0.000114469 -0.00154184 0.999998 -0.000208183 0.000114219 0.000207817 1 -0.0553325 0.0412835 -0.000756128
FixedParameters: 0 0 0

#Transform 60
Transform: AffineTransform_float_3_3
Parameters: 0.999999 0.00146647 -0.000289964 -0.00146736 0.999998 -0.000626935 0.000289436 0.000627065 1 -0.066362 0.0798652 -0.0652283
FixedParameters: 0 0 0

#Transform 61
Transform: AffineTransform_float_3_3
Parameters: 0.999999 0.00144143 -0.000348858 -0.00144239 0.999998 -0.000624857 0.000348367 0.000625143 1 -0.052465 0.0583434 -0.0387593
FixedParameters: 0 0 0

#Transform 62
Transform: AffineTransform_float_3_3
Parameters: 0.999999 0.00144082 -0.000349988 -0.00144052 0.999999 -0.000131856 0.000350528 0.000132146 1 -0.0658477 0.020682 -0.00664999
FixedParameters: 0 0 0

#Transform 63
Transform: AffineTransform_float_3_3
Parameters: 0.999998 0.00176255 -0.000674557 -0.00176273 0.999999 -0.000131531 0.000674092 0.000132469 1 -0.0728083 0.0501248 -0.0228331
FixedParameters: 0 0 0

#Transform 64
Transform: AffineTransform_float_3_3
Parameters: 0.999999 0.0017395 -0.000608845 -0.00173989 0.999998 -0.000960302 0.000607343 0.000961699 1 -0.0685718 0.0776022 -0.0435575
FixedParameters: 0 0 0

#Transform 65
Transform: AffineTransform_float_3_3
Parameters: 0.999999 0.00174933 -0.000470427 -0.0017496 0.999999 -0.000286897 0.000469423 0.000287102 1 -0.0665005 0.0498497 -0.0128075
FixedParameters: 0 0 0

#Transform 66
Transform: AffineTransform_float_3_3
Parameters: 0.999999 0.0017753 -0.000360523 -0.00177499 0.999999 -0.000111232 0.000361047 0.000111769 1 -0.0697601 0.0251542 0.00103544
FixedParameters: 0 0 0

#Transform 67
Transform: AffineTransform_float_3_3
Parameters: 0.999997 0.002117 -0.000359471 -0.00211686 0.999997 -0.000342112 0.000358941 0.000342889 1 -0.0756191 0.0471407 0.00349446
FixedParameters: 0 0 0

#Transform 68
Transform: AffineTransform_float_3_3
Parameters: 0.999998 0.00202244 -0.000201379 -0.00202321 0.999998 -0.000586466 0.000200317 0.000586534 1 -0.0647862 0.0926029 -0.0422157
FixedParameters: 0 0 0

#Transform 69
Transform: AffineTransform_float_3_3
Parameters: 0.999998 0.00164573 0.000131047 -0.00164602 0.999998 -0.000911522 -0.000132738 0.000912477 0.999999 -0.0437225 0.0560019 -0.00995197
FixedParameters: 0 0 0

#Transform 70
Transform: AffineTransform_float_3_3
Parameters: 0.999998 0.00158817 -3.30181e-06 -0.0015887 0.999999 -0.000336507 3.54404e-06 0.000336494 1 -0.051531 0.0312037 -0.00325334
FixedParameters: 0 0 0

#Transform 71
Transform: AffineTransform_float_3_3
Parameters: 0.999998 0.00164252 0.000124625 -0.00164336 0.999999 -0.00033987 -0.000125351 0.000340129 0.999999 -0.0470917 0.0390816 -0.0140481
FixedParameters: 0 0 0

#Transform 72
Transform: AffineTransform_float_3_3
Parameters: 0.999998 0.00203687 -0.000160056 -0.00203764 0.999997 -0.000755188 0.000158289 0.000755812 1 -0.0477623 0.0749453 -0.0191684
FixedParameters: 0 0 0

#Transform 73
Transform: AffineTransform_float_3_3
Parameters: 0.999998 0.00195765 -0.000504775 -0.00195813 0.999997 -0.000865885 0.000502302 0.000867112 0.999999 -0.0616456 0.0908875 -0.0264123
FixedParameters: 0 0 0

#Transform 74
Transform: AffineTransform_float_3_3
Parameters: 0.999998 0.00186585 -0.000168306 -0.00186654 0.999998 -0.000494559 0.000167772 0.000494442 1 -0.0450132 0.0534791 -0.011937
FixedParameters: 0 0 0

#Transform 75
Transform: AffineTransform_float_3_3
Parameters: 0.999998 0.00187573 -0.000246988 -0.00187585 0.999998 -0.000245409 0.000246067 0.00024559 1 -0.0519172 0.052382 -0.0131374
FixedParameters: 0 0 0

#Transform 76
Transform: AffineTransform_float_3_3
Parameters: 0.999998 0.00208187 -0.000176472 -0.00208166 0.999997 -0.000499506 0.000175313 0.000499494 1 -0.0599077 0.0735213 -0.00802244
FixedParameters: 0 0 0

#Transform 77
Transform: AffineTransform_float_3_3
Parameters: 0.999998 0.00205896 -7.5093e-05 -0.00205961 0.999997 -0.00084436 7.29261e-05 0.00084464 1 -0.0530774 0.0993496 0.0155971
FixedParameters: 0 0 0

#Transform 78
Transform: AffineTransform_float_3_3
Parameters: 0.999997 0.00216555 0.000231788 -0.00216532 0.999997 -0.000784169 -0.000232951 0.000783832 1 -0.0499773 0.0882774 0.0668937
FixedParameters: 0 0 0

#Transform 79
Transform: AffineTransform_float_3_3
Parameters: 0.999998 0.00209082 0.000265041 -0.00209079 0.999998 -4.50666e-05 -0.000265227 4.39333e-05 1 -0.0601592 0.0520826 0.0668466
FixedParameters: 0 0 0

#Transform 80
Transform: AffineTransform_float_3_3
Parameters: 0.999996 0.00257418 -0.000248661 -0.00257439 0.999996 0.000373257 0.000249661 -0.000372743 1 -0.0711043 0.039672 0.038459
FixedParameters: 0 0 0

#Transform 81
Transform: AffineTransform_float_3_3
Parameters: 0.999996 0.00261364 4.36383e-05 -0.00261274 0.999997 0.000167862 -4.3151e-05 -0.000168138 1 -0.0763885 0.0668239 0.0218643
FixedParameters: 0 0 0

#Transform 82
Transform: AffineTransform_float_3_3
Parameters: 0.999996 0.00277425 -0.000265477 -0.00277505 0.999996 -0.000522009 0.000263891 0.00052199 1 -0.0728346 0.105042 -0.00848533
FixedParameters: 0 0 0

#Transform 83
Transform: AffineTransform_float_3_3
Parameters: 0.999997 0.00269363 -0.000455212 -0.00269469 0.999997 -0.000578519 0.000453403 0.000579479 0.999999 -0.0821695 0.100766 0.0380482
FixedParameters: 0 0 0

#Transform 84
Transform: AffineTransform_float_3_3
Parameters: 0.999997 0.0026267 -0.000380089 -0.0026273 0.999996 -0.000599235 0.000379171 0.000599766 1 -0.0711412 0.0814488 0.0849094
FixedParameters: 0 0 0

#Transform 85
Transform: AffineTransform_float_3_3
Parameters: 0.999997 0.00233242 -0.000276599 -0.00233248 0.999997 -0.000116587 0.000276056 0.000116413 1 -0.0679273 0.067816 0.0884075
FixedParameters: 0 0 0

#Transform 86
Transform: AffineTransform_float_3_3
Parameters: 0.999998 0.00227937 -0.000401152 -0.00227924 0.999997 0.000160043 0.000401879 -0.000158956 1 -0.0771125 0.0268491 0.0684016
FixedParameters: 0 0 0

#Transform 87
Transform: AffineTransform_float_3_3
Parameters: 0.999997 0.00233209 -0.000277016 -0.00233203 0.999997 9.94146e-05 0.00027748 -9.95849e-05 1 -0.0895036 0.0687078 0.00937256
FixedParameters: 0 0 0

#Transform 88
Transform: AffineTransform_float_3_3
Parameters: 0.999997 0.00246447 -0.000334565 -0.00246436 0.999997 -0.000426561 0.00033338 0.000427438 0.999999 -0.0773856 0.0880324 -0.0228324
FixedParameters: 0 0 0

#Transform 89
Transform: AffineTransform_float_3_3
Parameters: 0.999997 0.00233187 -0.000278849 -0.00233239 0.999997 -0.000686583 0.000277879 0.000686418 1 -0.0678302 0.100869 0.0155508
FixedParameters: 0 0 0

#Transform 90
Transform: AffineTransform_float_3_3
Parameters: 0.999997 0.00217186 -0.00040397 -0.00217195 0.999997 -0.000111995 0.000403481 0.000113005 1 -0.0649302 0.0649531 0.0481076
FixedParameters: 0 0 0

#Transform 91
Transform: AffineTransform_float_3_3
Parameters: 0.999997 0.00233222 -0.000275906 -0.00233229 0.999997 0.000575261 0.000277668 -0.000574738 0.999999 -0.067966 0.0470624 0.0525956
FixedParameters: 0 0 0

#Transform 92
Transform: AffineTransform_float_3_3
Parameters: 0.999997 0.00246138 2.87124e-05 -0.0024618 0.999997 0.000516907 -2.70876e-05 -0.000517093 1 -0.0711938 0.0604561 0.0417952
FixedParameters: 0 0 0

#Transform 93
Transform: AffineTransform_float_3_3
Parameters: 0.999997 0.00233206 -0.000277249 -0.00233206 0.999997 -5.8512e-07 0.000277247 4.14877e-07 1 -0.0739672 0.0876214 0.00505497
FixedParameters: 0 0 0

#Transform 94
Transform: AffineTransform_float_3_3
Parameters: 0.999998 0.00225567 -0.000244726 -0.00225565 0.999997 4.05274e-05 0.000244906 -3.94723e-05 1 -0.0682331 0.102255 0.028911
FixedParameters: 0 0 0

#Transform 95
Transform: AffineTransform_float_3_3
Parameters: 0.999997 0.00233217 -0.000276302 -0.00233234 0.999997 0.000405414 0.000277273 -0.000405586 1 -0.0679263 0.0635928 0.0484043
FixedParameters: 0 0 0

#Transform 96
Transform: AffineTransform_float_3_3
Parameters: 0.999997 0.0024239 -5.9996e-05 -0.00242425 0.999997 0.000384762 6.09421e-05 -0.000385238 1 -0.0685969 0.0744036 0.0737049
FixedParameters: 0 0 0

#Transform 97
Transform: AffineTransform_float_3_3
Parameters: 0.999997 0.00233208 -0.000277049 -0.00233204 0.999997 8.54147e-05 0.000277448 -8.55849e-05 1 -0.0678586 0.0909681 0.0344736
FixedParameters: 0 0 0

#Transform 98
Transform: AffineTransform_float_3_3
Parameters: 0.999997 0.00218662 -0.00021548 -0.00218661 0.999997 1.45992e-05 0.000215544 -1.44007e-05 1 -0.0713436 0.0957653 0.0282915
FixedParameters: 0 0 0

#Transform 99
Transform: AffineTransform_float_3_3
Parameters: 0.999997 0.00242805 -0.000239497 -0.00242726 0.999997 0.000539198 0.000240803 -0.000538801 0.999999 -0.0732374 0.066497 0.0723523
FixedParameters: 0 0 0

#Transform 100
Transform: AffineTransform_float_3_3
Parameters: 0.999997 0.00250507 -0.000124155 -0.00250477 0.999997 0.000647289 0.000125164 -0.000646713 1 -0.0807486 0.068142 0.0768089
FixedParameters: 0 0 0

#Transform 101
Transform: AffineTransform_float_3_3
Parameters: 0.999997 0.00243288 -3.88599e-05 -0.00243324 0.999997 0.000368711 3.9735e-05 -0.000369289 1 -0.080787 0.0935306 0.0559955
FixedParameters: 0 0 0

#Transform 102
Transform: AffineTransform_float_3_3
Parameters: 0.999997 0.00219582 -0.000219405 -0.00219582 0.999997 6.60978e-06 0.000219433 -6.39019e-06 1 -0.0722946 0.10356 0.0376633
FixedParameters: 0 0 0

#Transform 103
Transform: AffineTransform_float_3_3
Parameters: 0.999997 0.00240167 -0.000112067 -0.00240194 0.999997 0.000554247 0.000113807 -0.000553753 1 -0.0724436 0.073319 0.0880215
FixedParameters: 0 0 0

#Transform 104
Transform: AffineTransform_float_3_3
Parameters: 0.999997 0.0024711 5.33408e-05 -0.00247147 0.999996 0.00116869 -5.07176e-05 -0.00116831 0.999999 -0.0759864 0.0661463 0.0841738
FixedParameters: 0 0 0

#Transform 105
Transform: AffineTransform_float_3_3
Parameters: 0.999997 0.0024368 -2.86633e-05 -0.00243661 0.999997 0.000775048 3.02085e-05 -0.000774954 1 -0.0779474 0.0833277 0.0708758
FixedParameters: 0 0 0

#Transform 106
Transform: AffineTransform_float_3_3
Parameters: 0.999997 0.00233216 -0.000276401 -0.00233235 0.999998 0.000363261 0.000277173 -0.000362739 1 -0.0678246 0.108351 0.0618679
FixedParameters: 0 0 0

#Transform 107
Transform: AffineTransform_float_3_3
Parameters: 0.999997 0.00233231 -0.000275106 -0.00233167 0.999997 0.00091862 0.000277155 -0.000917381 1 -0.0679244 0.0700376 0.0993913
FixedParameters: 0 0 0

#Transform 108
Transform: AffineTransform_float_3_3
Parameters: 0.999996 0.0028401 -0.000373012 -0.00283944 0.999995 0.00121568 0.00037676 -0.00121432 0.999999 -0.085005 0.047523 0.109289
FixedParameters: 0 0 0

#Transform 109
Transform: AffineTransform_float_3_3
Parameters: 0.999996 0.00284128 -0.000188642 -0.00284078 0.999996 0.000941003 0.000191754 -0.000939996 0.999999 -0.0854204 0.0707351 0.0824097
FixedParameters: 0 0 0

#Transform 110
Transform: AffineTransform_float_3_3
Parameters: 0.999997 0.00271837 -0.000303637 -0.00271816 0.999995 0.00139345 0.000307137 -0.00139255 0.999999 -0.0754845 0.110904 0.0858383
FixedParameters: 0 0 0

#Transform 111
Transform: AffineTransform_float_3_3
Parameters: 0.999995 0.00308301 -0.000419149 -0.00308269 0.999994 0.00159856 0.000424008 -0.00159745 0.999999 -0.0793309 0.0697513 0.145128
FixedParameters: 0 0 0

#Transform 112
Transform: AffineTransform_float_3_3
Parameters: 0.999995 0.00316228 -0.000123146 -0.00316195 0.999993 0.0017725 0.000128972 -0.0017725 0.999998 -0.0929329 0.0727854 0.123935
FixedParameters: 0 0 0

#Transform 113
Transform: AffineTransform_float_3_3
Parameters: 0.999995 0.0029528 -0.000424613 -0.00295189 0.999995 0.00134952 0.000429426 -0.00134848 0.999999 -0.0958126 0.106507 0.11107
FixedParameters: 0 0 0

#Transform 114
Transform: AffineTransform_float_3_3
Parameters: 0.999996 0.00285296 -0.000310802 -0.00285201 0.999994 0.00169051 0.00031506 -0.00168949 0.999999 -0.0911241 0.0922623 0.132647
FixedParameters: 0 0 0

#Transform 115
Transform: AffineTransform_float_3_3
Parameters: 0.999996 0.00275474 -0.000195609 -0.00275405 0.999994 0.00203052 0.000201408 -0.00202948 0.999998 -0.0831984 0.0541603 0.185705
FixedParameters: 0 0 0

#Transform 116
Transform: AffineTransform_float_3_3
Parameters: 0.999995 0.00295271 -0.000190737 -0.00295169 0.999992 0.00255604 0.00019821 -0.00255496 0.999997 -0.0913735 0.0501411 0.157703
FixedParameters: 0 0 0

#Transform 117
Transform: AffineTransform_float_3_3
Parameters: 0.999995 0.00295611 -6.56901e-05 -0.00295634 0.999994 0.00202967 7.1385e-05 -0.00202934 0.999998 -0.0918804 0.0893653 0.136388
FixedParameters: 0 0 0

#Transform 118
Transform: AffineTransform_float_3_3
Parameters: 0.999997 0.00249893 -0.000336287 -0.00249769 0.999995 0.00199646 0.000340876 -0.00199554 0.999998 -0.0765858 0.114208 0.12766
FixedParameters: 0 0 0

#Transform 119
Transform: AffineTransform_float_3_3
Parameters: 0.999997 0.00234292 -0.000246754 -0.00234202 0.999993 0.00280056 0.000253568 -0.00279944 0.999996 -0.0691845 0.0837374 0.178301
FixedParameters: 0 0 0

#Transform 120
Transform: AffineTransform_float_3_3
Parameters: 0.999997 0.00214513 0.000391838 -0.0021471 0.999991 0.0037605 -0.000383701 -0.0037615 0.999993 -0.067433 0.0883325 0.203347
FixedParameters: 0 0 0

#Transform 121
Transform: AffineTransform_float_3_3
Parameters: 0.999998 0.00228113 -8.07656e-05 -0.00228055 0.999993 0.00326417 8.80393e-05 -0.00326383 0.999995 -0.0732653 0.0849139 0.189688
FixedParameters: 0 0 0

#Transform 122
Transform: AffineTransform_float_3_3
Parameters: 0.999998 0.00231523 -0.000313136 -0.00231475 0.999994 0.00239086 0.000319211 -0.00239014 0.999997 -0.0780294 0.0847409 0.143328
FixedParameters: 0 0 0

#Transform 123
Transform: AffineTransform_float_3_3
Parameters: 0.999997 0.00237433 -0.000172447 -0.0023739 0.999994 0.00265639 0.000178754 -0.00265561 0.999997 -0.0831858 0.108076 0.158261
FixedParameters: 0 0 0

#Transform 124
Transform: AffineTransform_float_3_3
Parameters: 0.999998 0.00230615 -0.000333588 -0.00230494 0.999992 0.00311175 0.000340708 -0.00311025 0.999995 -0.0827025 0.0827322 0.19915
FixedParameters: 0 0 0

#Transform 125
Transform: AffineTransform_float_3_3
Parameters: 0.999997 0.00236479 -0.000193474 -0.00236377 0.999991 0.00350708 0.000201521 -0.00350692 0.999993 -0.0755958 0.0396045 0.207163
FixedParameters: 0 0 0

#Transform 126
Transform: AffineTransform_float_3_3
Parameters: 0.999997 0.0027283 -0.000209334 -0.00272729 0.999991 0.0032142 0.000218332 -0.0032138 0.999995 -0.0816323 0.0709318 0.190243
FixedParameters: 0 0 0

#Transform 127
Transform: AffineTransform_float_3_3
Parameters: 0.999997 0.00265772 -0.000318564 -0.00265681 0.999992 0.00280547 0.000326247 -0.00280453 0.999996 -0.0813459 0.0962102 0.147521
FixedParameters: 0 0 0

#Transform 128
Transform: AffineTransform_float_3_3
Parameters: 0.999997 0.00270801 -0.000407482 -0.0027068 0.999991 0.00302088 0.000415692 -0.00302012 0.999996 -0.0870657 0.0784172 0.18443
FixedParameters: 0 0 0

#Transform 129
Transform: AffineTransform_float_3_3
Parameters: 0.999996 0.00281647 -0.000577501 -0.00281447 0.999991 0.00315389 0.000586189 -0.00315211 0.999995 -0.0861704 0.0547991 0.198508
FixedParameters: 0 0 0

#Transform 130
Transform: AffineTransform_float_3_3
Parameters: 0.999995 0.00335108 -0.000293736 -0.00335056 0.999989 0.00343159 0.000305432 -0.0034304 0.999993 -0.0900366 0.0576958 0.201982
FixedParameters: 0 0 0

#Transform 131
Transform: AffineTransform_float_3_3
Parameters: 0.999996 0.00298503 -0.000455447 -0.00298384 0.999991 0.00311048 0.000464941 -0.00310852 0.999995 -0.0905585 0.0984081 0.160466
FixedParameters: 0 0 0

#Transform 132
Transform: AffineTransform_float_3_3
Parameters: 0.999996 0.00305321 -0.000400409 -0.00305209 0.999992 0.00249633 0.00040842 -0.00249466 0.999996 -0.0854979 0.117859 0.163358
FixedParameters: 0 0 0

#Transform 133
Transform: AffineTransform_float_3_3
Parameters: 0.999996 0.00287811 -0.00041046 -0.00287721 0.999991 0.00310845 0.000419282 -0.00310755 0.999995 -0.0821992 0.0626274 0.196554
FixedParameters: 0 0 0

#Transform 134
Transform: AffineTransform_float_3_3
Parameters: 0.999995 0.00310773 -0.000125264 -0.00310768 0.99999 0.00308451 0.000134979 -0.00308449 0.999995 -0.0843692 0.0630791 0.197524
FixedParameters: 0 0 0

#Transform 135
Transform: AffineTransform_float_3_3
Parameters: 0.999995 0.00319723 -0.000181862 -0.0031961 0.999988 0.0035987 0.0001941 -0.00359829 0.999994 -0.0912783 0.0828035 0.212092
FixedParameters: 0 0 0

#Transform 136
Transform: AffineTransform_float_3_3
Parameters: 0.999995 0.00319044 -0.000542694 -0.00318897 0.999991 0.00287464 0.000551963 -0.00287336 0.999995 -0.0994321 0.0912766 0.185696
FixedParameters: 0 0 0

#Transform 137
Transform: AffineTransform_float_3_3
Parameters: 0.999995 0.00294835 -0.000438643 -0.00294674 0.999989 0.00354792 0.000448255 -0.00354608 0.999994 -0.0882465 0.141449 0.15704
FixedParameters: 0 0 0

#Transform 138
Transform: AffineTransform_float_3_3
Parameters: 0.999997 0.00270774 -0.000337496 -0.00270646 0.99999 0.00355454 0.000346361 -0.00355346 0.999994 -0.0784178 0.0803208 0.172685
FixedParameters: 0 0 0

#Transform 139
Transform: AffineTransform_float_3_3
Parameters: 0.999996 0.00281657 -0.000382906 -0.00281487 0.999989 0.00366471 0.000393163 -0.00366329 0.999993 -0.0804974 0.0764238 0.187283
FixedParameters: 0 0 0

#Transform 140
Transform: AffineTransform_float_3_3
Parameters: 0.999996 0.00283233 -0.00061459 -0.00283012 0.999991 0.00314216 0.000623312 -0.00314084 0.999995 -0.0880508 0.0817698 0.17402
FixedParameters: 0 0 0

#Transform 141
Transform: AffineTransform_float_3_3
Parameters: 0.999995 0.00315517 -0.000305164 -0.00315354 0.999988 0.00360908 0.00031624 -0.00360792 0.999993 -0.0927784 0.107089 0.173116
FixedParameters: 0 0 0

#Transform 142
Transform: AffineTransform_float_3_3
Parameters: 0.999996 0.00276225 -0.000635691 -0.00275959 0.999988 0.00399118 0.000646819 -0.00398982 0.999992 -0.0853826 0.0900514 0.20772
FixedParameters: 0 0 0

#Transform 143
Transform: AffineTransform_float_3_3
Parameters: 0.999996 0.00300956 -0.000461872 -0.00300783 0.999987 0.00432652 0.000474762 -0.00432449 0.999991 -0.0887858 0.0679305 0.232193
FixedParameters: 0 0 0

#Transform 144
Transform: AffineTransform_float_3_3
Parameters: 0.999995 0.00321022 -0.000396337 -0.00320824 0.999984 0.00466119 0.000411804 -0.00466081 0.999989 -0.0950634 0.104288 0.243089
FixedParameters: 0 0 0

#Transform 145
Transform: AffineTransform_float_3_3
Parameters: 0.999995 0.00304977 -0.000481179 -0.00304783 0.999989 0.00357574 0.000491681 -0.00357426 0.999994 -0.0971182 0.107991 0.187876
FixedParameters: 0 0 0

#Transform 146
Transform: AffineTransform_float_3_3
Parameters: 0.999995 0.00299362 -0.00108952 -0.00298897 0.999987 0.00402232 0.00110122 -0.00401867 0.999991 -0.100572 0.108932 0.223521
FixedParameters: 0 0 0

#Transform 147
Transform: AffineTransform_float_3_3
Parameters: 0.999995 0.00302132 -0.00109812 -0.00301676 0.999984 0.00489039 0.00111291 -0.00488661 0.999987 -0.0972641 0.0801754 0.258008
FixedParameters: 0 0 0

#Transform 148
Transform: AffineTransform_float_3_3
Parameters: 0.999994 0.00321148 -0.000664464 -0.0032082 0.999982 0.00503006 0.000680849 -0.00502795 0.999987 -0.101319 0.0846797 0.275228
FixedParameters: 0 0 0

#Transform 149
Transform: AffineTransform_float_3_3
Parameters: 0.999994 0.00337141 -0.000734296 -0.00336782 0.999985 0.00424404 0.000748832 -0.00424196 0.999991 -0.104527 0.110893 0.222496
FixedParameters: 0 0 0

#Transform 150
Transform: AffineTransform_float_3_3
Parameters: 0.999994 0.00339926 -0.000909195 -0.00339566 0.999988 0.00352464 0.000921307 -0.00352135 0.999993 -0.107733 0.128976 0.206708
FixedParameters: 0 0 0

#Transform 151
Transform: AffineTransform_float_3_3
Parameters: 0.999993 0.00356535 -0.00111496 -0.00356046 0.999986 0.00397433 0.00112868 -0.00397067 0.999992 -0.107128 0.141312 0.307567
FixedParameters: 0 0 0

#Transform 152
Transform: AffineTransform_float_3_3
Parameters: 0.999993 0.00367798 -0.00124674 -0.00367238 0.999983 0.00451258 0.00126385 -0.00450842 0.999989 -0.0910795 0.105715 0.395133
FixedParameters: 0 0 0

#Transform 153
Transform: AffineTransform_float_3_3
Parameters: 0.999994 0.00318656 -0.00117458 -0.0031802 0.999982 0.00527246 0.00119117 -0.00526855 0.999985 -0.0843546 0.0976091 0.406191
FixedParameters: 0 0 0

#Transform 154
Transform: AffineTransform_float_3_3
Parameters: 0.999994 0.00335024 -0.000967041 -0.00334479 0.99998 0.00545281 0.000986186 -0.00544919 0.999985 -0.088644 0.105505 0.392623
FixedParameters: 0 0 0

#Transform 155
Transform: AffineTransform_float_3_3
Parameters: 0.999994 0.00324875 -0.00102552 -0.0032425 0.999978 0.00571705 0.00104435 -0.00571395 0.999983 -0.0938917 0.098506 0.358795
FixedParameters: 0 0 0

#Transform 156
Transform: AffineTransform_float_3_3
Parameters: 0.999994 0.00322069 -0.00109308 -0.00321562 0.999982 0.00508324 0.00110883 -0.00507977 0.999987 -0.0935583 0.129981 0.313038
FixedParameters: 0 0 0

#Transform 157
Transform: AffineTransform_float_3_3
Parameters: 0.999993 0.00318482 -0.00162418 -0.00317651 0.999983 0.00486518 0.00163986 -0.00485981 0.999987 -0.101378 0.143882 0.295512
FixedParameters: 0 0 0

#Transform 158
Transform: AffineTransform_float_3_3
Parameters: 0.999994 0.0030464 -0.00150963 -0.00303852 0.999982 0.00521882 0.00152519 -0.00521318 0.999985 -0.0923485 0.113562 0.317056
FixedParameters: 0 0 0

#Transform 159
Transform: AffineTransform_float_3_3
Parameters: 0.999994 0.00310422 -0.00137162 -0.00309505 0.999976 0.00628828 0.00139126 -0.00628473 0.99998 -0.0947503 0.141522 0.337613
FixedParameters: 0 0 0

#Transform 160
Transform: AffineTransform_float_3_3
Parameters: 0.999994 0.00324386 -0.00103743 -0.00323763 0.99998 0.00545908 0.00105546 -0.00545592 0.999985 -0.0853981 0.113876 0.287304
FixedParameters: 0 0 0

#Transform 161
Transform: AffineTransform_float_3_3
Parameters: 0.999995 0.00313044 -0.000725256 -0.00312618 0.999979 0.00554619 0.000743129 -0.0055438 0.999984 -0.0956424 0.113198 0.3048
FixedParameters: 0 0 0

#Transform 162
Transform: AffineTransform_float_3_3
Parameters: 0.999994 0.0032156 -0.00110508 -0.00320976 0.99998 0.00536742 0.0011226 -0.00536458 0.999985 -0.0934591 0.121937 0.287044
FixedParameters: 0 0 0

#Transform 163
Transform: AffineTransform_float_3_3
Parameters: 0.999994 0.00314989 -0.00126219 -0.00314223 0.999979 0.0055752 0.00127938 -0.0055708 0.999984 -0.0950239 0.125495 0.283829
FixedParameters: 0 0 0

#Transform 164
Transform: AffineTransform_float_3_3
Parameters: 0.999994 0.00325322 -0.00101464 -0.00324702 0.999977 0.00594238 0.00103407 -0.00593862 0.999982 -0.0938116 0.113277 0.303778
FixedParameters: 0 0 0

#Transform 165
Transform: AffineTransform_float_3_3
Parameters: 0.999994 0.00326621 -0.00118587 -0.0032586 0.999975 0.00622759 0.00120677 -0.0062234 0.999979 -0.0986286 0.109302 0.319535
FixedParameters: 0 0 0

#Transform 166
Transform: AffineTransform_float_3_3
Parameters: 0.999994 0.00329906 -0.000904828 -0.00329325 0.999977 0.00594191 0.000924405 -0.00593809 0.999982 -0.104912 0.116231 0.294542
FixedParameters: 0 0 0

#Transform 167
Transform: AffineTransform_float_3_3
Parameters: 0.999994 0.0031253 -0.00132104 -0.00311773 0.99998 0.00564 0.00133875 -0.00563601 0.999983 -0.101509 0.136038 0.258899
FixedParameters: 0 0 0

#Transform 168
Transform: AffineTransform_float_3_3
Parameters: 0.999994 0.00321864 -0.00109764 -0.00321206 0.999979 0.00567325 0.00111492 -0.00566976 0.999983 -0.0934634 0.141666 0.289391
FixedParameters: 0 0 0

#Transform 169
Transform: AffineTransform_float_3_3
Parameters: 0.999994 0.00352326 -0.000988424 -0.00351818 0.999977 0.00572984 0.00100865 -0.00572715 0.999983 -0.0994905 0.11034 0.315288
FixedParameters: 0 0 0

#Transform 170
Transform: AffineTransform_float_3_3
Parameters: 0.999992 0.00385786 -0.00106944 -0.00385159 0.999976 0.00578599 0.00109168 -0.00578202 0.999983 -0.102127 0.111249 0.31231
FixedParameters: 0 0 0

#Transform 171
Transform: AffineTransform_float_3_3
Parameters: 0.999992 0.00369773 -0.00102212 -0.00369125 0.999976 0.00577315 0.00104426 -0.00576985 0.999983 -0.111672 0.140014 0.295612
FixedParameters: 0 0 0

#Transform 172
Transform: AffineTransform_float_3_3
Parameters: 0.999992 0.00360665 -0.00124064 -0.00360053 0.999981 0.00505183 0.00125915 -0.00504717 0.999987 -0.105489 0.152733 0.257283
FixedParameters: 0 0 0

#Transform 173
Transform: AffineTransform_float_3_3
Parameters: 0.999993 0.00353091 -0.00142162 -0.00352403 0.999981 0.00500253 0.0014394 -0.00499748 0.999987 -0.0968552 0.171259 0.306
FixedParameters: 0 0 0

#Transform 174
Transform: AffineTransform_float_3_3
Parameters: 0.999994 0.00341802 -0.00122491 -0.0034113 0.999979 0.0055167 0.00124377 -0.0055133 0.999984 -0.0921481 0.119485 0.368929
FixedParameters: 0 0 0

#Transform 175
Transform: AffineTransform_float_3_3
Parameters: 0.999992 0.00366518 -0.00109987 -0.00365909 0.999975 0.0059594 0.00112155 -0.0059556 0.999982 -0.0992639 0.109834 0.36048
FixedParameters: 0 0 0

#Transform 176
Transform: AffineTransform_float_3_3
Parameters: 0.999992 0.00379312 -0.000794222 -0.00378876 0.999978 0.00552272 0.000815193 -0.00552028 0.999984 -0.100511 0.143352 0.321665
FixedParameters: 0 0 0

#Transform 177
Transform: AffineTransform_float_3_3
Parameters: 0.999992 0.00363715 -0.00116777 -0.00363177 0.999981 0.00505046 0.00118658 -0.00504555 0.999986 -0.0999397 0.14101 0.27663
FixedParameters: 0 0 0

#Transform 178
Transform: AffineTransform_float_3_3
Parameters: 0.999992 0.00363689 -0.00116857 -0.00363164 0.999982 0.00483046 0.0011867 -0.00482554 0.999988 -0.091414 0.139622 0.278568
FixedParameters: 0 0 0

#Transform 179
Transform: AffineTransform_float_3_3
Parameters: 0.999993 0.0035455 -0.0011273 -0.00353919 0.999978 0.00557457 0.00114667 -0.00556944 0.999984 -0.0921327 0.105572 0.332772
FixedParameters: 0 0 0

#Transform 180
Transform: AffineTransform_float_3_3
Parameters: 0.999992 0.0036376 -0.00116637 -0.00363119 0.999979 0.00543545 0.00118575 -0.00543055 0.999984 -0.0938223 0.128947 0.322844
FixedParameters: 0 0 0

#Transform 181
Transform: AffineTransform_float_3_3
Parameters: 0.999993 0.00356997 -0.000970486 -0.0035651 0.999979 0.00533667 0.000990281 -0.00533332 0.999985 -0.09265 0.127736 0.320632
FixedParameters: 0 0 0

#Transform 182
Transform: AffineTransform_float_3_3
Parameters: 0.999993 0.00339708 -0.00106813 -0.0033924 0.999983 0.00483219 0.00108488 -0.00482781 0.999988 -0.0928416 0.143724 0.268311
FixedParameters: 0 0 0

#Transform 183
Transform: AffineTransform_float_3_3
Parameters: 0.999992 0.00363696 -0.00116835 -0.00363156 0.999981 0.00489061 0.00118692 -0.00488639 0.999987 -0.0914746 0.12854 0.297376
FixedParameters: 0 0 0

#Transform 184
Transform: AffineTransform_float_3_3
Parameters: 0.999992 0.00363776 -0.00116587 -0.00363102 0.999978 0.00557161 0.00118625 -0.0055674 0.999984 -0.0915683 0.115106 0.341178
FixedParameters: 0 0 0

#Transform 185
Transform: AffineTransform_float_3_3
Parameters: 0.999992 0.00357232 -0.00132242 -0.00356453 0.999978 0.00565908 0.00134306 -0.00565391 0.999983 -0.09103 0.121265 0.329995
FixedParameters: 0 0 0

#Transform 186
Transform: AffineTransform_float_3_3
Parameters: 0.999994 0.00343355 -0.00108163 -0.0034276 0.99998 0.00528843 0.00109963 -0.00528457 0.999985 -0.0961321 0.130932 0.320257
FixedParameters: 0 0 0

#Transform 187
Transform: AffineTransform_float_3_3
Parameters: 0.999992 0.00363671 -0.00116916 -0.00363182 0.999982 0.00466961 0.00118612 -0.00466539 0.999989 -0.102551 0.157774 0.243307
FixedParameters: 0 0 0

#Transform 188
Transform: AffineTransform_float_3_3
Parameters: 0.999992 0.0036152 -0.00122041 -0.00360957 0.999982 0.00477841 0.00123796 -0.00477459 0.999988 -0.0989514 0.141331 0.303007
FixedParameters: 0 0 0

#Transform 189
Transform: AffineTransform_float_3_3
