# transform file /out/sourcedata/freesurfer/sub-v2s5x29574_ses-1/mri/transforms/cc_up.lta
# created by oesteban on Fri Mar 13 10:26:27 2026

type      = 0 # LINEAR_VOX_TO_VOX
nxforms   = 1
mean      = 156.0000 120.0000 129.0000
sigma     = 10000.0000
1 4 4
9.978913068771362e-01 3.891289606690407e-02 -5.194875597953796e-02 -2.701474189758301e+01 
-3.886027634143829e-02 9.992426037788391e-01 2.023008884862065e-03 3.496160888671875e+01 
5.198813229799271e-02 0.000000000000000e+00 9.986476898193359e-01 1.398120594024658e+01 
0.000000000000000e+00 0.000000000000000e+00 0.000000000000000e+00 1.000000000000000e+00 
src volume info
valid = 1  # volume info valid
filename = /out/sourcedata/freesurfer/sub-v2s5x29574_ses-1/mri/norm.mgz
volume = 320 320 320
voxelsize = 6.999999880790710e-01 6.999999880790710e-01 6.999999880790710e-01
xras   = -1.000000000000000e+00 0.000000000000000e+00 0.000000000000000e+00
yras   = 0.000000000000000e+00 0.000000000000000e+00 -1.000000000000000e+00
zras   = 0.000000000000000e+00 1.000000000000000e+00 0.000000000000000e+00
cras   = -2.795799255371094e+00 2.730699157714844e+01 -2.126449584960938e+01
dst volume info
valid = 1  # volume info valid
filename = /out/sourcedata/freesurfer/sub-v2s5x29574_ses-1/mri/norm.mgz
volume = 320 320 320
voxelsize = 6.999999880790710e-01 6.999999880790710e-01 6.999999880790710e-01
xras   = -1.000000000000000e+00 0.000000000000000e+00 0.000000000000000e+00
yras   = 0.000000000000000e+00 0.000000000000000e+00 -1.000000000000000e+00
zras   = 0.000000000000000e+00 1.000000000000000e+00 0.000000000000000e+00
cras   = -2.795799255371094e+00 2.730699157714844e+01 -2.126449584960938e+01
