# transform file transforms/talairach.lta
# created by oesteban on Fri Mar 13 08:37:35 2026

type      = 0 # LINEAR_VOX_TO_VOX
nxforms   = 1
mean      = 156.0000 122.0000 129.0000
sigma     = 10000.0000
1 4 4
7.238684296607971e-01 5.077505856752396e-02 -3.140313178300858e-02 9.538874626159668e+00 
-3.697607293725014e-02 7.595001459121704e-01 2.578568756580353e-01 5.813295364379883e+00 
4.369786381721497e-02 -1.842700839042664e-01 6.776480078697205e-01 3.685929107666016e+01 
0.000000000000000e+00 0.000000000000000e+00 0.000000000000000e+00 1.000000000000000e+00 
src volume info
valid = 1  # volume info valid
filename = nu.mgz
volume = 320 320 320
voxelsize = 6.999999880790710e-01 6.999999880790710e-01 6.999999880790710e-01
xras   = -1.000000000000000e+00 0.000000000000000e+00 0.000000000000000e+00
yras   = 0.000000000000000e+00 0.000000000000000e+00 -1.000000000000000e+00
zras   = 0.000000000000000e+00 1.000000000000000e+00 0.000000000000000e+00
cras   = -2.795799255371094e+00 2.730699157714844e+01 -2.126449584960938e+01
dst volume info
valid = 1  # volume info valid
filename = /opt/freesurfer/average/RB_all_2020-01-02.gca
volume = 256 256 256
voxelsize = 1.000000000000000e+00 1.000000000000000e+00 1.000000000000000e+00
xras   = -1.000000000000000e+00 0.000000000000000e+00 0.000000000000000e+00
yras   = 0.000000000000000e+00 0.000000000000000e+00 -1.000000000000000e+00
zras   = 0.000000000000000e+00 1.000000000000000e+00 0.000000000000000e+00
cras   = 0.000000000000000e+00 0.000000000000000e+00 0.000000000000000e+00
