# transform file /out/sourcedata/freesurfer/sub-v2s5x29561_ses-1/mri/transforms/cc_up.lta
# created by oesteban on Sat Mar 14 12:49:12 2026

type      = 0 # LINEAR_VOX_TO_VOX
nxforms   = 1
mean      = 160.0000 131.0000 131.0000
sigma     = 10000.0000
1 4 4
9.885093569755554e-01 -1.488622426986694e-01 2.625813893973827e-02 -1.134285736083984e+01 
1.488097459077835e-01 9.888580441474915e-01 3.952888306230307e-03 9.791156768798828e+00 
-2.655400522053242e-02 -4.656613428188905e-10 9.996474385261536e-01 2.811718368530273e+01 
0.000000000000000e+00 0.000000000000000e+00 0.000000000000000e+00 1.000000000000000e+00 
src volume info
valid = 1  # volume info valid
filename = /out/sourcedata/freesurfer/sub-v2s5x29561_ses-1/mri/norm.mgz
volume = 320 320 320
voxelsize = 6.999999880790710e-01 6.999999880790710e-01 6.999999880790710e-01
xras   = -1.000000000000000e+00 0.000000000000000e+00 0.000000000000000e+00
yras   = 0.000000000000000e+00 0.000000000000000e+00 -1.000000000000000e+00
zras   = 0.000000000000000e+00 1.000000000000000e+00 0.000000000000000e+00
cras   = -9.798049926757812e-01 2.670199584960938e+01 -2.852850341796875e+01
dst volume info
valid = 1  # volume info valid
filename = /out/sourcedata/freesurfer/sub-v2s5x29561_ses-1/mri/norm.mgz
volume = 320 320 320
voxelsize = 6.999999880790710e-01 6.999999880790710e-01 6.999999880790710e-01
xras   = -1.000000000000000e+00 0.000000000000000e+00 0.000000000000000e+00
yras   = 0.000000000000000e+00 0.000000000000000e+00 -1.000000000000000e+00
zras   = 0.000000000000000e+00 1.000000000000000e+00 0.000000000000000e+00
cras   = -9.798049926757812e-01 2.670199584960938e+01 -2.852850341796875e+01
