# transform file /out/sourcedata/freesurfer/sub-v2s5x29553_ses-1/mri/transforms/cc_up.lta
# created by oesteban on Fri Mar 13 09:51:37 2026

type      = 0 # LINEAR_VOX_TO_VOX
nxforms   = 1
mean      = 161.0000 127.0000 132.0000
sigma     = 10000.0000
1 4 4
9.966336488723755e-01 -7.774658501148224e-02 -2.602044679224491e-02 -1.614478111267090e+01 
7.772009819746017e-02 9.969732761383057e-01 -2.029142575338483e-03 9.356376647949219e+00 
2.609944529831409e-02 2.328306714094452e-10 9.996594786643982e-01 2.394708251953125e+01 
0.000000000000000e+00 0.000000000000000e+00 0.000000000000000e+00 1.000000000000000e+00 
src volume info
valid = 1  # volume info valid
filename = /out/sourcedata/freesurfer/sub-v2s5x29553_ses-1/mri/norm.mgz
volume = 320 320 320
voxelsize = 6.999999880790710e-01 6.999999880790710e-01 6.999999880790710e-01
xras   = -1.000000000000000e+00 0.000000000000000e+00 0.000000000000000e+00
yras   = 0.000000000000000e+00 0.000000000000000e+00 -1.000000000000000e+00
zras   = 0.000000000000000e+00 1.000000000000000e+00 0.000000000000000e+00
cras   = 5.073501586914062e+00 2.972799682617188e+01 -3.518699645996094e+01
dst volume info
valid = 1  # volume info valid
filename = /out/sourcedata/freesurfer/sub-v2s5x29553_ses-1/mri/norm.mgz
volume = 320 320 320
voxelsize = 6.999999880790710e-01 6.999999880790710e-01 6.999999880790710e-01
xras   = -1.000000000000000e+00 0.000000000000000e+00 0.000000000000000e+00
yras   = 0.000000000000000e+00 0.000000000000000e+00 -1.000000000000000e+00
zras   = 0.000000000000000e+00 1.000000000000000e+00 0.000000000000000e+00
cras   = 5.073501586914062e+00 2.972799682617188e+01 -3.518699645996094e+01
