# transform file /out/sourcedata/freesurfer/sub-v2s5x29565_ses-1/mri/transforms/cc_up.lta
# created by oesteban on Fri Mar 13 10:47:49 2026

type      = 0 # LINEAR_VOX_TO_VOX
nxforms   = 1
mean      = 163.0000 123.0000 144.0000
sigma     = 10000.0000
1 4 4
9.996888637542725e-01 -1.086489390581846e-02 -2.245279960334301e-02 -3.000659179687500e+01 
1.086215488612652e-02 9.999409317970276e-01 -2.439616800984368e-04 2.527721214294434e+01 
2.245412580668926e-02 -1.455191522836685e-11 9.997478723526001e-01 -1.060769367218018e+01 
0.000000000000000e+00 0.000000000000000e+00 0.000000000000000e+00 1.000000000000000e+00 
src volume info
valid = 1  # volume info valid
filename = /out/sourcedata/freesurfer/sub-v2s5x29565_ses-1/mri/norm.mgz
volume = 320 320 320
voxelsize = 6.999999880790710e-01 6.999999880790710e-01 6.999999880790710e-01
xras   = -1.000000000000000e+00 0.000000000000000e+00 0.000000000000000e+00
yras   = 0.000000000000000e+00 0.000000000000000e+00 -1.000000000000000e+00
zras   = 0.000000000000000e+00 1.000000000000000e+00 0.000000000000000e+00
cras   = 6.284095764160156e+00 2.609599304199219e+01 2.949005126953125e+00
dst volume info
valid = 1  # volume info valid
filename = /out/sourcedata/freesurfer/sub-v2s5x29565_ses-1/mri/norm.mgz
volume = 320 320 320
voxelsize = 6.999999880790710e-01 6.999999880790710e-01 6.999999880790710e-01
xras   = -1.000000000000000e+00 0.000000000000000e+00 0.000000000000000e+00
yras   = 0.000000000000000e+00 0.000000000000000e+00 -1.000000000000000e+00
zras   = 0.000000000000000e+00 1.000000000000000e+00 0.000000000000000e+00
cras   = 6.284095764160156e+00 2.609599304199219e+01 2.949005126953125e+00
