# transform file transforms/talairach.lta
# created by oesteban on Fri Mar 13 08:21:48 2026

type      = 0 # LINEAR_VOX_TO_VOX
nxforms   = 1
mean      = 163.0000 127.0000 144.0000
sigma     = 10000.0000
1 4 4
7.238894701004028e-01 -2.047191374003887e-03 2.195315808057785e-02 4.978873252868652e+00 
-1.915810134960338e-04 7.649844884872437e-01 8.428071439266205e-02 1.328402709960938e+01 
-2.327995374798775e-02 -6.765911728143692e-02 6.581371426582336e-01 3.051007461547852e+01 
0.000000000000000e+00 0.000000000000000e+00 0.000000000000000e+00 1.000000000000000e+00 
src volume info
valid = 1  # volume info valid
filename = nu.mgz
volume = 320 320 320
voxelsize = 6.999999880790710e-01 6.999999880790710e-01 6.999999880790710e-01
xras   = -1.000000000000000e+00 0.000000000000000e+00 0.000000000000000e+00
yras   = 0.000000000000000e+00 0.000000000000000e+00 -1.000000000000000e+00
zras   = 0.000000000000000e+00 1.000000000000000e+00 0.000000000000000e+00
cras   = 6.284095764160156e+00 2.609599304199219e+01 2.949005126953125e+00
dst volume info
valid = 1  # volume info valid
filename = /opt/freesurfer/average/RB_all_2020-01-02.gca
volume = 256 256 256
voxelsize = 1.000000000000000e+00 1.000000000000000e+00 1.000000000000000e+00
xras   = -1.000000000000000e+00 0.000000000000000e+00 0.000000000000000e+00
yras   = 0.000000000000000e+00 0.000000000000000e+00 -1.000000000000000e+00
zras   = 0.000000000000000e+00 1.000000000000000e+00 0.000000000000000e+00
cras   = 0.000000000000000e+00 0.000000000000000e+00 0.000000000000000e+00
