# transform file /out/sourcedata/freesurfer/sub-v2s5x29539_ses-1/mri/transforms/cc_up.lta
# created by oesteban on Fri Mar 13 09:16:23 2026

type      = 0 # LINEAR_VOX_TO_VOX
nxforms   = 1
mean      = 162.0000 123.0000 136.0000
sigma     = 10000.0000
1 4 4
9.993255138397217e-01 2.508293837308884e-02 2.682095021009445e-02 -4.052224731445312e+01 
-2.507390826940536e-02 9.996854066848755e-01 -6.729599554091692e-04 3.817367935180664e+01 
-2.682938985526562e-02 0.000000000000000e+00 9.996400475502014e-01 2.239464759826660e+01 
0.000000000000000e+00 0.000000000000000e+00 0.000000000000000e+00 1.000000000000000e+00 
src volume info
valid = 1  # volume info valid
filename = /out/sourcedata/freesurfer/sub-v2s5x29539_ses-1/mri/norm.mgz
volume = 320 320 320
voxelsize = 6.999999880790710e-01 6.999999880790710e-01 6.999999880790710e-01
xras   = -1.000000000000000e+00 0.000000000000000e+00 0.000000000000000e+00
yras   = 0.000000000000000e+00 0.000000000000000e+00 -1.000000000000000e+00
zras   = 0.000000000000000e+00 1.000000000000000e+00 0.000000000000000e+00
cras   = -9.798049926757812e-01 1.943800354003906e+01 -1.884320068359375e+01
dst volume info
valid = 1  # volume info valid
filename = /out/sourcedata/freesurfer/sub-v2s5x29539_ses-1/mri/norm.mgz
volume = 320 320 320
voxelsize = 6.999999880790710e-01 6.999999880790710e-01 6.999999880790710e-01
xras   = -1.000000000000000e+00 0.000000000000000e+00 0.000000000000000e+00
yras   = 0.000000000000000e+00 0.000000000000000e+00 -1.000000000000000e+00
zras   = 0.000000000000000e+00 1.000000000000000e+00 0.000000000000000e+00
cras   = -9.798049926757812e-01 1.943800354003906e+01 -1.884320068359375e+01
