# transform file /out/sourcedata/freesurfer/sub-v2s5x29573_ses-1/mri/transforms/cc_up.lta
# created by oesteban on Fri Mar 13 11:15:54 2026

type      = 0 # LINEAR_VOX_TO_VOX
nxforms   = 1
mean      = 160.0000 119.0000 143.0000
sigma     = 10000.0000
1 4 4
9.995453357696533e-01 1.445528212934732e-02 -2.646168507635593e-02 -3.076173591613770e+01 
-1.445021852850914e-02 9.998955726623535e-01 3.825510793831199e-04 4.027132034301758e+01 
2.646445110440254e-02 -2.910383045673370e-11 9.996497631072998e-01 -7.188426971435547e+00 
0.000000000000000e+00 0.000000000000000e+00 0.000000000000000e+00 1.000000000000000e+00 
src volume info
valid = 1  # volume info valid
filename = /out/sourcedata/freesurfer/sub-v2s5x29573_ses-1/mri/norm.mgz
volume = 320 320 320
voxelsize = 6.999999880790710e-01 6.999999880790710e-01 6.999999880790710e-01
xras   = -1.000000000000000e+00 0.000000000000000e+00 0.000000000000000e+00
yras   = 0.000000000000000e+00 0.000000000000000e+00 -1.000000000000000e+00
zras   = 0.000000000000000e+00 1.000000000000000e+00 0.000000000000000e+00
cras   = -1.585098266601562e+00 2.427999877929688e+01 -5.526000976562500e+00
dst volume info
valid = 1  # volume info valid
filename = /out/sourcedata/freesurfer/sub-v2s5x29573_ses-1/mri/norm.mgz
volume = 320 320 320
voxelsize = 6.999999880790710e-01 6.999999880790710e-01 6.999999880790710e-01
xras   = -1.000000000000000e+00 0.000000000000000e+00 0.000000000000000e+00
yras   = 0.000000000000000e+00 0.000000000000000e+00 -1.000000000000000e+00
zras   = 0.000000000000000e+00 1.000000000000000e+00 0.000000000000000e+00
cras   = -1.585098266601562e+00 2.427999877929688e+01 -5.526000976562500e+00
