# transform file /out/sourcedata/freesurfer/sub-v2s5x29567_ses-1/mri/transforms/cc_up.lta
# created by oesteban on Fri Mar 13 10:38:50 2026

type      = 0 # LINEAR_VOX_TO_VOX
nxforms   = 1
mean      = 162.0000 124.0000 127.0000
sigma     = 10000.0000
1 4 4
9.996658563613892e-01 -7.516946177929640e-03 -2.473129145801067e-02 -2.844526290893555e+01 
7.514646742492914e-03 9.999717473983765e-01 -1.859090407378972e-04 1.482081413269043e+01 
2.473198994994164e-02 0.000000000000000e+00 9.996941089630127e-01 3.408113861083984e+01 
0.000000000000000e+00 0.000000000000000e+00 0.000000000000000e+00 1.000000000000000e+00 
src volume info
valid = 1  # volume info valid
filename = /out/sourcedata/freesurfer/sub-v2s5x29567_ses-1/mri/norm.mgz
volume = 320 320 320
voxelsize = 6.999999880790710e-01 6.999999880790710e-01 6.999999880790710e-01
xras   = -1.000000000000000e+00 0.000000000000000e+00 0.000000000000000e+00
yras   = 0.000000000000000e+00 0.000000000000000e+00 -1.000000000000000e+00
zras   = 0.000000000000000e+00 1.000000000000000e+00 0.000000000000000e+00
cras   = 1.441497802734375e+00 2.609599304199219e+01 -2.913380432128906e+01
dst volume info
valid = 1  # volume info valid
filename = /out/sourcedata/freesurfer/sub-v2s5x29567_ses-1/mri/norm.mgz
volume = 320 320 320
voxelsize = 6.999999880790710e-01 6.999999880790710e-01 6.999999880790710e-01
xras   = -1.000000000000000e+00 0.000000000000000e+00 0.000000000000000e+00
yras   = 0.000000000000000e+00 0.000000000000000e+00 -1.000000000000000e+00
zras   = 0.000000000000000e+00 1.000000000000000e+00 0.000000000000000e+00
cras   = 1.441497802734375e+00 2.609599304199219e+01 -2.913380432128906e+01
