# transform file /out/sourcedata/freesurfer/sub-v2s5x29550_ses-1/mri/transforms/cc_up.lta
# created by oesteban on Fri Mar 13 10:17:16 2026

type      = 0 # LINEAR_VOX_TO_VOX
nxforms   = 1
mean      = 160.0000 113.0000 131.0000
sigma     = 10000.0000
1 4 4
9.953171014785767e-01 7.595220953226089e-02 -5.979367718100548e-02 -3.063872909545898e+01 
-7.581552863121033e-02 9.971114993095398e-01 4.554618149995804e-03 4.480865097045898e+01 
5.996689200401306e-02 -4.656613428188905e-10 9.982004165649414e-01 1.769480705261230e+01 
0.000000000000000e+00 0.000000000000000e+00 0.000000000000000e+00 1.000000000000000e+00 
src volume info
valid = 1  # volume info valid
filename = /out/sourcedata/freesurfer/sub-v2s5x29550_ses-1/mri/norm.mgz
volume = 320 320 320
voxelsize = 6.999999880790710e-01 6.999999880790710e-01 6.999999880790710e-01
xras   = -1.000000000000000e+00 0.000000000000000e+00 0.000000000000000e+00
yras   = 0.000000000000000e+00 0.000000000000000e+00 -1.000000000000000e+00
zras   = 0.000000000000000e+00 1.000000000000000e+00 0.000000000000000e+00
cras   = -9.798049926757812e-01 3.093899536132812e+01 -2.913380432128906e+01
dst volume info
valid = 1  # volume info valid
filename = /out/sourcedata/freesurfer/sub-v2s5x29550_ses-1/mri/norm.mgz
volume = 320 320 320
voxelsize = 6.999999880790710e-01 6.999999880790710e-01 6.999999880790710e-01
xras   = -1.000000000000000e+00 0.000000000000000e+00 0.000000000000000e+00
yras   = 0.000000000000000e+00 0.000000000000000e+00 -1.000000000000000e+00
zras   = 0.000000000000000e+00 1.000000000000000e+00 0.000000000000000e+00
cras   = -9.798049926757812e-01 3.093899536132812e+01 -2.913380432128906e+01
