#Insight Transform File V1.0
#Transform 0
Transform: AffineTransform_float_3_3
Parameters: 1 5.66664e-05 0.000133469 -5.66456e-05 1 -7.80076e-05 -0.000133478 7.79924e-05 1 0.0155748 -0.100006 0.0367008
FixedParameters: 0 0 0

#Transform 1
Transform: AffineTransform_float_3_3
Parameters: 1 4.1272e-05 0.000230184 -4.11688e-05 1 -0.000224009 -0.000230202 0.00022399 1 0.00897987 -0.0608269 0.0323702
FixedParameters: 0 0 0

#Transform 2
Transform: AffineTransform_float_3_3
Parameters: 1 2.42257e-05 5.70711e-05 -2.42249e-05 1 -7.00138e-06 -5.70715e-05 6.99862e-06 1 0.019624 -0.103974 0.0546273
FixedParameters: 0 0 0

#Transform 3
Transform: AffineTransform_float_3_3
Parameters: 1 0 0 0 1 0.00012 0 -0.00012 1 0.018879 -0.0837703 0.022427
FixedParameters: 0 0 0

#Transform 4
Transform: AffineTransform_float_3_3
Parameters: 1 0 0 0 1 0.000117 0 -0.000117 1 0.018879 -0.0563591 -0.000342195
FixedParameters: 0 0 0

#Transform 5
Transform: AffineTransform_float_3_3
Parameters: 1 0 0 0 1 -0.000326 0 0.000326 1 0.018879 -0.0163617 -0.0258524
FixedParameters: 0 0 0

#Transform 6
Transform: AffineTransform_float_3_3
Parameters: 1 0 0 0 1 -0.000314 0 0.000314 1 0.018879 -0.062973 0.0354658
FixedParameters: 0 0 0

#Transform 7
Transform: AffineTransform_float_3_3
Parameters: 1 -4.78686e-05 2.03125e-05 4.78639e-05 1 0.000116001 -2.03236e-05 -0.000115999 1 0.0176688 -0.091014 0.0595846
FixedParameters: 0 0 0

#Transform 8
Transform: AffineTransform_float_3_3
Parameters: 1 0 0 0 1 0.000163 0 -0.000163 1 0.016331 -0.0858358 0.0342992
FixedParameters: 0 0 0

#Transform 9
Transform: AffineTransform_float_3_3
Parameters: 1 0 0 0 1 9.3e-05 0 -9.3e-05 1 0.018879 -0.0482173 0.00154008
FixedParameters: 0 0 0

#Transform 10
Transform: AffineTransform_float_3_3
Parameters: 1 2.54289e-05 5.98195e-05 -2.53662e-05 1 -0.000524001 -5.98461e-05 0.000523998 1 0.00207341 -0.0125059 0.00395081
FixedParameters: 0 0 0

#Transform 11
Transform: AffineTransform_float_3_3
Parameters: 1 0 0 0 1 -0.00027 0 0.00027 1 0.018867 -0.0659742 0.0727735
FixedParameters: 0 0 0

#Transform 12
Transform: AffineTransform_float_3_3
Parameters: 1 -6.79572e-05 -0.000160181 6.80171e-05 1 0.000186989 0.000160155 -0.000187011 1 0.0166323 -0.0967352 0.060073
FixedParameters: 0 0 0

#Transform 13
Transform: AffineTransform_float_3_3
Parameters: 1 0 0 0 1 0.000141 0 -0.000141 1 0.013378 -0.0551474 0.0280872
FixedParameters: 0 0 0

#Transform 14
Transform: AffineTransform_float_3_3
Parameters: 1 -4.97022e-05 2.11115e-05 4.97124e-05 1 -0.000241999 -2.10874e-05 0.000242001 1 0.00714955 -0.00616766 -0.0146375
FixedParameters: 0 0 0

#Transform 15
Transform: AffineTransform_float_3_3
Parameters: 1 0 0 0 1 -1.6e-05 0 1.6e-05 1 0.002584 -0.0421796 0.0207922
FixedParameters: 0 0 0

#Transform 16
Transform: AffineTransform_float_3_3
Parameters: 1 0.000187806 -7.9656e-05 -0.00018776 1 0.000283015 7.97623e-05 -0.000282985 1 0.00754816 -0.0983009 0.0663497
FixedParameters: 0 0 0

#Transform 17
Transform: AffineTransform_float_3_3
Parameters: 1 0.000229482 -0.000306835 -0.00022907 0.999999 0.00067207 0.000307143 -0.000671929 0.999999 0.0150113 -0.084182 0.0307152
FixedParameters: 0 0 0

#Transform 18
Transform: AffineTransform_float_3_3
Parameters: 1 0.000182292 -7.72893e-05 -0.000182228 1 0.000414014 7.74402e-05 -0.000413986 1 0.00747495 -0.0572432 0.00753821
FixedParameters: 0 0 0

#Transform 19
Transform: AffineTransform_float_3_3
Parameters: 1 0 0 0 1 -0.000228 0 0.000228 1 0.002584 -0.00483296 -0.0278179
FixedParameters: 0 0 0

#Transform 20
Transform: AffineTransform_float_3_3
Parameters: 1 0 0 0 1 -9.9e-05 0 9.9e-05 1 0.002584 -0.046419 0.0189894
FixedParameters: 0 0 0

#Transform 21
Transform: AffineTransform_float_3_3
Parameters: 1 5.70783e-05 -2.42087e-05 -5.70643e-05 1 0.000291001 2.42419e-05 -0.000290999 1 0.00407668 -0.089505 0.0514464
FixedParameters: 0 0 0

#Transform 22
Transform: AffineTransform_float_3_3
Parameters: 1 0.000136608 -0.000220867 -0.000136467 1 0.00031903 0.000220954 -0.00031897 1 0.011154 -0.0666513 0.0165197
FixedParameters: 0 0 0

#Transform 23
Transform: AffineTransform_float_3_3
Parameters: 1 0 0 0 1 0.00033 0 -0.00033 1 -0.001664 -0.0266763 -0.015809
FixedParameters: 0 0 0

#Transform 24
Transform: AffineTransform_float_3_3
Parameters: 1 0 0 0 1 0.00033 0 -0.00033 1 0.002584 -0.019265 -0.00649226
FixedParameters: 0 0 0

#Transform 25
Transform: AffineTransform_float_3_3
Parameters: 1 0 0 0 1 0.000591 0 -0.000591 1 0.002584 -0.0993508 0.0741638
FixedParameters: 0 0 0

#Transform 26
Transform: AffineTransform_float_3_3
Parameters: 1 9.78527e-05 -0.000322741 -9.74066e-05 1 0.000691031 0.000322876 -0.000690968 0.999999 0.0136891 -0.0741951 0.0419136
FixedParameters: 0 0 0

#Transform 27
Transform: AffineTransform_float_3_3
Parameters: 1 -7.61107e-05 -0.000179533 7.62744e-05 1 0.000455986 0.000179464 -0.000456014 1 0.00701016 -0.0455692 0.0102849
FixedParameters: 0 0 0

#Transform 28
Transform: AffineTransform_float_3_3
Parameters: 1 0 0 0 1 1.7e-05 0 -1.7e-05 1 -0.00138 0.00270459 -0.012443
FixedParameters: 0 0 0

#Transform 29
Transform: AffineTransform_float_3_3
Parameters: 1 -4.13911e-05 -9.75847e-05 4.14438e-05 1 0.000269996 9.75623e-05 -0.000270004 1 0.00499433 -0.0728533 0.0679308
FixedParameters: 0 0 0

#Transform 30
Transform: AffineTransform_float_3_3
Parameters: 1 0 0 0 1 0.000657 0 -0.000657 1 0.002579 -0.0788252 0.0378858
FixedParameters: 0 0 0

#Transform 31
Transform: AffineTransform_float_3_3
Parameters: 1 0.000105837 -0.000221864 -0.00010553 1 0.000691023 0.00022201 -0.000690976 0.999999 0.0107532 -0.0432529 0.00651223
FixedParameters: 0 0 0

#Transform 32
Transform: AffineTransform_float_3_3
Parameters: 1 0 0 0 1 0.000456 0 -0.000456 1 0.002584 -0.0143212 -0.0229544
FixedParameters: 0 0 0

#Transform 33
Transform: AffineTransform_float_3_3
Parameters: 1 0 0 0 1 0.000358 0 -0.000358 1 -1.1e-05 -0.0454758 0.0357566
FixedParameters: 0 0 0

#Transform 34
Transform: AffineTransform_float_3_3
Parameters: 1 0.000234818 -9.94265e-05 -0.000234639 0.999999 0.000894023 9.98462e-05 -0.000893976 0.999999 0.00661207 -0.0882099 0.0311492
FixedParameters: 0 0 0

#Transform 35
Transform: AffineTransform_float_3_3
Parameters: 1 4.31601e-05 -0.000144254 -4.29272e-05 0.999999 0.000807006 0.000144323 -0.000806993 0.999999 0.00757328 -0.0430887 -0.00386469
FixedParameters: 0 0 0

#Transform 36
Transform: AffineTransform_float_3_3
Parameters: 1 0 0 0 1 0.000594 0 -0.000594 1 -0.006607 -0.0194383 -0.0284971
FixedParameters: 0 0 0

#Transform 37
Transform: AffineTransform_float_3_3
Parameters: 1 0.000291876 -0.000123681 -0.000291723 1 0.000618036 0.000124042 -0.000617964 1 0.00127008 -0.0565056 0.0350899
FixedParameters: 0 0 0

#Transform 38
Transform: AffineTransform_float_3_3
Parameters: 1 0.000353617 -0.000149703 -0.000353331 1 0.000954693 0.000150378 -0.000955307 0.999999 0.0118865 -0.0993365 0.0361167
FixedParameters: 0 0 0

#Transform 39
Transform: AffineTransform_float_3_3
Parameters: 1 0.000305758 -0.000129369 -0.000305457 1 0.00115804 0.000130077 -0.00115796 1 0.010626 -0.0755357 -0.0067186
FixedParameters: 0 0 0

#Transform 40
Transform: AffineTransform_float_3_3
Parameters: 1 0.000243071 -0.000103016 -0.000242955 1 0.000562025 0.00010329 -0.000561975 1 0.0090497 -0.021305 -0.0347447
FixedParameters: 0 0 0

#Transform 41
Transform: AffineTransform_float_3_3
Parameters: 1 0.000256876 -0.000108885 -0.000256766 1 0.000503028 0.000109143 -0.000502972 1 0.00272983 -0.0468394 0.0162601
FixedParameters: 0 0 0

#Transform 42
Transform: AffineTransform_float_3_3
Parameters: 1 0.000327806 -0.000138849 -0.000327593 0.999999 0.000765045 0.000139351 -0.000764954 0.999999 0.0055535 -0.0977911 0.046454
FixedParameters: 0 0 0

#Transform 43
Transform: AffineTransform_float_3_3
Parameters: 1 0.000371137 -0.000157056 -0.00037079 1 0.00110106 0.000157873 -0.00110094 1 0.00636217 -0.0617151 -0.00232767
FixedParameters: 0 0 0

#Transform 44
Transform: AffineTransform_float_3_3
Parameters: 1 0.000314968 -0.000233281 -0.000314562 0.999999 0.000869073 0.000233828 -0.000868926 0.999999 0.00602946 -0.0510022 -0.0190289
FixedParameters: 0 0 0

#Transform 45
Transform: AffineTransform_float_3_3
Parameters: 1 0.000367337 -0.000155769 -0.000367225 1 0.000360057 0.000156034 -0.000359943 1 0.00359095 -0.0110735 -0.0231625
FixedParameters: 0 0 0

#Transform 46
Transform: AffineTransform_float_3_3
Parameters: 1 0.000405131 -0.000171664 -0.000404912 0.999999 0.000637069 0.00017218 -0.00063693 1 0.00823522 -0.0664355 0.0466849
FixedParameters: 0 0 0

#Transform 47
Transform: AffineTransform_float_3_3
Parameters: 1 0.00024276 -0.000252578 -0.000242203 1 0.00110206 0.000253112 -0.00110194 1 0.00302205 -0.0753191 0.0254396
FixedParameters: 0 0 0

#Transform 48
Transform: AffineTransform_float_3_3
Parameters: 1 0.000349922 -0.000148171 -0.000349661 0.999999 0.000877051 0.000148784 -0.000876947 0.999999 0.00615787 -0.0405941 -0.0154937
FixedParameters: 0 0 0

#Transform 49
Transform: AffineTransform_float_3_3
Parameters: 1 0.000206254 -8.73798e-05 -0.000206132 0.999999 0.000698018 8.76676e-05 -0.000697982 1 0.00119682 -0.0132156 -0.0477187
FixedParameters: 0 0 0

#Transform 50
Transform: AffineTransform_float_3_3
Parameters: 1 0 0 0 0.999999 0.000771 0 -0.000771 0.999999 0.002584 -0.0626267 0.00205179
FixedParameters: 0 0 0

#Transform 51
Transform: AffineTransform_float_3_3
Parameters: 1 0.000326933 -0.000138347 -0.000326625 1 0.00110805 0.000139072 -0.00110796 1 0.0112743 -0.104631 0.0270037
FixedParameters: 0 0 0

#Transform 52
Transform: AffineTransform_float_3_3
Parameters: 1 0.000261632 -0.000379965 -0.000260717 0.999999 0.0012031 0.000380594 -0.0012029 0.999999 0.0115439 -0.0646414 -0.00539685
FixedParameters: 0 0 0

#Transform 53
Transform: AffineTransform_float_3_3
Parameters: 1 0.000191535 -8.11066e-05 -0.000191395 0.999999 0.000864015 8.14374e-05 -0.000863984 0.999999 0.00225104 -0.0271061 -0.0373404
FixedParameters: 0 0 0

#Transform 54
Transform: AffineTransform_float_3_3
Parameters: 1 0.000202568 -8.58273e-05 -0.000202454 1 0.000659017 8.60942e-05 -0.000658982 1 0.00160115 -0.03119 -0.016143
FixedParameters: 0 0 0

#Transform 55
Transform: AffineTransform_float_3_3
Parameters: 1 0.00023023 -9.74383e-05 -0.000230022 1 0.00106202 9.79271e-05 -0.00106198 1 0.00210364 -0.0868692 0.032069
FixedParameters: 0 0 0

#Transform 56
Transform: AffineTransform_float_3_3
Parameters: 1 0 0 0 0.999999 0.001279 0 -0.001279 0.999999 -0.003897 -0.0801949 -0.00550501
FixedParameters: 0 0 0

#Transform 57
Transform: AffineTransform_float_3_3
Parameters: 1 0.000194118 -0.000362329 -0.000193779 1 0.00100807 0.000361799 -0.00100793 1 0.00768313 0.0068132 -0.108426
FixedParameters: 0 0 0

#Transform 58
Transform: AffineTransform_float_3_3
Parameters: 1 0 0 0 0.999999 0.000716 0 -0.000716 0.999999 -0.006953 0.0216994 -0.12878
FixedParameters: 0 0 0

#Transform 59
Transform: AffineTransform_float_3_3
Parameters: 1 0.000215518 -9.11486e-05 -0.000215278 0.999999 0.00131102 9.17134e-05 -0.00131098 0.999999 0.000565975 -0.0754643 -0.0506621
FixedParameters: 0 0 0

#Transform 60
Transform: AffineTransform_float_3_3
Parameters: 1 0 0 0 0.999999 0.001484 0 -0.001484 0.999999 -0.003208 -0.0670095 -0.0730823
FixedParameters: 0 0 0

#Transform 61
Transform: AffineTransform_float_3_3
Parameters: 1 2.2244e-05 -0.000278658 -2.23636e-05 0.999999 0.00143601 0.000279113 -0.00143599 0.999999 0.000524585 -0.0492246 -0.0860359
FixedParameters: 0 0 0

#Transform 62
Transform: AffineTransform_float_3_3
Parameters: 1 0.00010347 -0.000268594 -0.000103361 0.999999 0.000932027 0.000267867 -0.000931971 0.999999 0.000812716 -0.016357 -0.114309
FixedParameters: 0 0 0

#Transform 63
Transform: AffineTransform_float_3_3
Parameters: 1 0.000170355 -7.21409e-05 -0.000170232 0.999999 0.000847012 7.24294e-05 -0.000846987 0.999999 0.0070642 -0.0341173 -0.0793848
FixedParameters: 0 0 0

#Transform 64
Transform: AffineTransform_float_3_3
Parameters: 0.999999 -0.000300246 -0.000711221 0.000301201 0.999998 0.00196579 0.00071082 -0.00196621 0.999998 0.0201015 -0.114187 -0.0444863
FixedParameters: 0 0 0

#Transform 65
Transform: AffineTransform_float_3_3
Parameters: 1 -0.000180732 -0.00042844 0.000181728 0.999998 0.00223792 0.00042802 -0.00223808 0.999998 0.0131965 -0.079689 -0.0999423
FixedParameters: 0 0 0

#Transform 66
Transform: AffineTransform_float_3_3
Parameters: 1 -0.000180732 -0.00042844 0.000181728 0.999998 0.00223792 0.00042802 -0.00223808 0.999998 0.0131965 -0.0384492 -0.117557
FixedParameters: 0 0 0

#Transform 67
Transform: AffineTransform_float_3_3
Parameters: 1 -0.000229762 -0.00040773 0.000230271 0.999999 0.00175491 0.000407313 -0.0017551 0.999999 0.00764138 -0.00748224 -0.118025
FixedParameters: 0 0 0

#Transform 68
Transform: AffineTransform_float_3_3
Parameters: 1 -0.000180917 -0.000428362 0.000181543 0.999999 0.00180592 0.000428098 -0.00180608 0.999999 0.00688957 -0.0729738 -0.051647
FixedParameters: 0 0 0

#Transform 69
Transform: AffineTransform_float_3_3
Parameters: 1 -0.000220852 -0.000523305 0.000222098 0.999998 0.00207088 0.000522778 -0.00207111 0.999997 0.00859311 -0.0432963 -0.0941769
FixedParameters: 0 0 0

#Transform 70
Transform: AffineTransform_float_3_3
Parameters: 1 -2.3323e-05 -0.000494896 2.43243e-05 0.999998 0.00194099 0.000495194 -0.00194101 0.999998 0.00886468 -0.0271446 -0.115334
FixedParameters: 0 0 0

#Transform 71
Transform: AffineTransform_float_3_3
Parameters: 1 -0.000180763 -0.000428427 0.000181696 0.999997 0.00216492 0.000428033 -0.00216508 0.999997 -0.00477573 0.00459708 -0.172653
FixedParameters: 0 0 0

#Transform 72
Transform: AffineTransform_float_3_3
Parameters: 1 -0.000180938 -0.000428353 0.000181521 0.999999 0.00175492 0.000428108 -0.00175508 0.999999 -0.00772488 0.0044822 -0.144225
FixedParameters: 0 0 0

#Transform 73
Transform: AffineTransform_float_3_3
Parameters: 1 4.02226e-05 -0.000521735 -3.91595e-05 0.999998 0.00190002 0.000522276 -0.00189998 0.999998 0.00564814 -0.0658837 -0.070886
FixedParameters: 0 0 0

#Transform 74
Transform: AffineTransform_float_3_3
Parameters: 0.999999 -3.29613e-05 -0.000720932 3.49156e-05 0.999998 0.00199313 0.000721187 -0.00199387 0.999998 0.0111328 -0.0288466 -0.11231
FixedParameters: 0 0 0

#Transform 75
Transform: AffineTransform_float_3_3
Parameters: 1 -0.000180718 -0.000428446 0.000181741 0.999998 0.00226892 0.000428014 -0.00226908 0.999998 0.00512697 -0.0164018 -0.146693
FixedParameters: 0 0 0

#Transform 76
Transform: AffineTransform_float_3_3
Parameters: 1 -2.25365e-05 -0.000495278 2.41896e-05 0.999998 0.00166899 0.000495201 -0.00166901 0.999998 -0.00416476 0.00676878 -0.140591
FixedParameters: 0 0 0

#Transform 77
Transform: AffineTransform_float_3_3
Parameters: 1 4.1278e-05 -0.000522113 -3.99449e-05 0.999997 0.00215702 0.000522679 -0.00215698 0.999997 0.000717917 -0.0666666 -0.0594262
FixedParameters: 0 0 0

#Transform 78
Transform: AffineTransform_float_3_3
Parameters: 0.999999 -6.88918e-05 -0.000727341 7.12928e-05 0.999996 0.00255346 0.000726453 -0.00255354 0.999997 0.0082977 -0.0593553 -0.10854
FixedParameters: 0 0 0

#Transform 79
Transform: AffineTransform_float_3_3
Parameters: 0.999999 -0.000165759 -0.000750587 0.000167285 0.999998 0.00224288 0.000750621 -0.00224313 0.999997 0.0102408 -0.0203632 -0.127897
FixedParameters: 0 0 0

#Transform 80
Transform: AffineTransform_float_3_3
Parameters: 1 -0.000180766 -0.000428425 0.000181693 0.999997 0.00215692 0.000428034 -0.00215708 0.999997 0.00513325 0.00731837 -0.148063
FixedParameters: 0 0 0

#Transform 81
Transform: AffineTransform_float_3_3
Parameters: 1 -0.000216465 -0.000513217 0.000217889 0.999998 0.00228589 0.000512615 -0.00228611 0.999998 0.00718309 -0.0320115 -0.0886227
FixedParameters: 0 0 0

#Transform 82
Transform: AffineTransform_float_3_3
Parameters: 0.999999 -0.000279999 -0.000664411 0.000281594 0.999996 0.00258717 0.000663739 -0.00258683 0.999997 0.0108849 -0.0753935 -0.0892117
FixedParameters: 0 0 0

#Transform 83
Transform: AffineTransform_float_3_3
Parameters: 0.999999 -0.000312242 -0.000740892 0.000314213 0.999996 0.00257413 0.000740061 -0.00257387 0.999997 0.012784 -0.0537101 -0.122758
FixedParameters: 0 0 0

#Transform 84
Transform: AffineTransform_float_3_3
Parameters: 1 -7.29428e-05 -0.00043047 7.3238e-05 0.999997 0.00247997 0.000430889 -0.00248003 0.999997 0.00668085 0.00340595 -0.181429
FixedParameters: 0 0 0

#Transform 85
Transform: AffineTransform_float_3_3
Parameters: 1 -0.000122843 -0.000617841 0.000124198 0.999997 0.00216028 0.000616778 -0.00215972 0.999998 0.000434766 -0.0124602 -0.134892
FixedParameters: 0 0 0

#Transform 86
Transform: AffineTransform_float_3_3
Parameters: 0.999999 -0.000123187 -0.000841143 0.000125588 0.999996 0.0027549 0.000840319 -0.0027551 0.999996 0.0118109 -0.075853 -0.111335
FixedParameters: 0 0 0

#Transform 87
Transform: AffineTransform_float_3_3
Parameters: 0.999999 -4.96506e-05 -0.000905807 5.2137e-05 0.999996 0.00260531 0.000905403 -0.00260469 0.999996 0.0213385 -0.0390697 -0.14832
FixedParameters: 0 0 0

#Transform 88
Transform: AffineTransform_float_3_3
Parameters: 0.999999 -5.2657e-05 -0.000768875 5.45438e-05 0.999997 0.00267896 0.000768448 -0.00267904 0.999996 0.017134 -0.00164422 -0.173055
FixedParameters: 0 0 0

#Transform 89
Transform: AffineTransform_float_3_3
Parameters: 1 6.52431e-05 -0.000488742 -6.42001e-05 0.999997 0.00240903 0.000488524 -0.00240897 0.999997 -0.00225923 0.0155532 -0.172385
FixedParameters: 0 0 0

#Transform 90
Transform: AffineTransform_float_3_3
Parameters: 1 -0.000164943 -0.000391687 0.000166257 0.999996 0.00285393 0.000391132 -0.00285406 0.999996 -0.0113987 -0.0535711 -0.116632
FixedParameters: 0 0 0

#Transform 91
Transform: AffineTransform_float_3_3
Parameters: 0.999999 8.88852e-06 -0.000854504 -6.6207e-06 0.999997 0.00263301 0.000854406 -0.002633 0.999996 0.00700514 -0.0305235 -0.130497
FixedParameters: 0 0 0

#Transform 92
Transform: AffineTransform_float_3_3
Parameters: 0.999999 -0.000292237 -0.000693978 0.000294362 0.999996 0.0028588 0.000693082 -0.0028592 0.999995 0.00282326 -0.0160368 -0.167873
FixedParameters: 0 0 0

#Transform 93
Transform: AffineTransform_float_3_3
Parameters: 1 -0.000164998 -0.000391664 0.000166203 0.999997 0.00271494 0.000391156 -0.00271507 0.999996 -0.0131968 0.032435 -0.204139
FixedParameters: 0 0 0

#Transform 94
Transform: AffineTransform_float_3_3
Parameters: 1 8.10367e-05 -0.000626636 -7.90383e-05 0.999997 0.00264105 0.000626529 -0.00264095 0.999997 -0.0129845 -0.00876277 -0.137803
FixedParameters: 0 0 0

#Transform 95
Transform: AffineTransform_float_3_3
Parameters: 1 -1.96031e-05 -0.000692771 2.18151e-05 0.999997 0.00254398 0.000692136 -0.00254401 0.999996 -0.00717392 -0.0402729 -0.104454
FixedParameters: 0 0 0

#Transform 96
Transform: AffineTransform_float_3_3
Parameters: 0.999999 4.72018e-05 -0.000728325 -4.49044e-05 0.999995 0.00310903 0.000728472 -0.00310897 0.999995 -0.00510408 -0.00330366 -0.161632
FixedParameters: 0 0 0

#Transform 97
Transform: AffineTransform_float_3_3
Parameters: 0.999999 0.000151686 -0.000781128 -0.000149566 0.999996 0.00278427 0.000781828 -0.00278473 0.999996 -0.00200795 0.0193488 -0.199397
FixedParameters: 0 0 0

#Transform 98
Transform: AffineTransform_float_3_3
Parameters: 1 0.000205431 -0.000547747 -0.000204765 0.999997 0.00264311 0.000548693 -0.00264289 0.999997 -0.00837149 0.0145129 -0.180454
FixedParameters: 0 0 0

#Transform 99
Transform: AffineTransform_float_3_3
Parameters: 1 0.000225531 -0.000977075 -0.000222436 0.999995 0.00292573 0.000977326 -0.00292527 0.999996 0.00491206 -0.0540944 -0.118721
FixedParameters: 0 0 0

#Transform 100
Transform: AffineTransform_float_3_3
Parameters: 1 0.000213345 -0.00100652 -0.000209617 0.999995 0.00315436 0.00100679 -0.00315463 0.999994 0.00565208 -0.0561666 -0.142061
FixedParameters: 0 0 0

#Transform 101
Transform: AffineTransform_float_3_3
Parameters: 0.999999 0.000136611 -0.000956863 -0.000134083 0.999995 0.00317228 0.000957053 -0.00317272 0.999994 -0.00348922 -0.00690205 -0.168564
FixedParameters: 0 0 0

#Transform 102
Transform: AffineTransform_float_3_3
Parameters: 0.999999 0.000273802 -0.000861943 -0.000271849 0.999997 0.00265339 0.000862331 -0.00265361 0.999997 -0.00780806 -0.00281906 -0.137832
FixedParameters: 0 0 0

#Transform 103
Transform: AffineTransform_float_3_3
Parameters: 0.999999 0.000376242 -0.000619383 -0.000374011 0.999994 0.00317238 0.000620313 -0.00317261 0.999995 -0.0123282 -0.0616661 -0.0966242
FixedParameters: 0 0 0

#Transform 104
Transform: AffineTransform_float_3_3
Parameters: 0.999999 0.000479986 -0.000865702 -0.000476685 0.999994 0.00341741 0.000867911 -0.00341658 0.999994 -0.00769892 -0.0457207 -0.125636
FixedParameters: 0 0 0

#Transform 105
Transform: AffineTransform_float_3_3
Parameters: 0.999999 0.000376242 -0.000619383 -0.000374011 0.999994 0.00317238 0.000620313 -0.00317261 0.999995 -0.020565 -0.0236739 -0.132057
FixedParameters: 0 0 0

#Transform 106
Transform: AffineTransform_float_3_3
Parameters: 0.999999 0.000276964 -0.000855348 -0.000274157 0.999994 0.00317239 0.000856037 -0.00317261 0.999995 -0.0208306 0.0186276 -0.150944
FixedParameters: 0 0 0

#Transform 107
Transform: AffineTransform_float_3_3
Parameters: 0.999999 0.000494213 -0.000906497 -0.000491234 0.999995 0.00330345 0.000907772 -0.00330256 0.999994 -0.0163627 -0.0440677 -0.0939714
FixedParameters: 0 0 0

#Transform 108
Transform: AffineTransform_float_3_3
Parameters: 1 0.00056255 -0.000880894 -0.000559544 0.999994 0.00341349 0.000882743 -0.0034125 0.999994 -0.016093 -0.0745213 -0.0992048
FixedParameters: 0 0 0

#Transform 109
Transform: AffineTransform_float_3_3
Parameters: 1 0.000545409 -0.00106196 -0.000541437 0.999992 0.00390358 0.00106369 -0.00390242 0.999992 -0.0176603 -0.041627 -0.133811
FixedParameters: 0 0 0

#Transform 110
Transform: AffineTransform_float_3_3
Parameters: 0.999999 0.000544178 -0.000689823 -0.000541531 0.999994 0.00343153 0.000691178 -0.00343147 0.999994 -0.0284834 -0.0263124 -0.152136
FixedParameters: 0 0 0

#Transform 111
Transform: AffineTransform_float_3_3
Parameters: 1 0.000669559 -0.000742523 -0.000666527 0.999994 0.0034465 0.000744757 -0.0034455 0.999994 -0.025448 -0.0209756 -0.13072
FixedParameters: 0 0 0

#Transform 112
Transform: AffineTransform_float_3_3
Parameters: 1 0.000459472 -0.00098249 -0.000455729 0.999993 0.00390345 0.000984472 -0.00390255 0.999992 -0.0144262 -0.100634 -0.0820725
FixedParameters: 0 0 0

#Transform 113
Transform: AffineTransform_float_3_3
Parameters: 1 0.000521057 -0.00104516 -0.000517089 0.999992 0.00396454 0.00104677 -0.00396346 0.999991 -0.019262 -0.0675859 -0.113375
FixedParameters: 0 0 0

#Transform 114
Transform: AffineTransform_float_3_3
Parameters: 1 0.000516239 -0.000898952 -0.000512227 0.999993 0.00390346 0.000900986 -0.00390254 0.999992 -0.0264934 -0.0297728 -0.145169
FixedParameters: 0 0 0

#Transform 115
Transform: AffineTransform_float_3_3
Parameters: 0.999999 0.000504425 -0.000673243 -0.000501729 0.999995 0.00326198 0.000675075 -0.00326202 0.999994 -0.0319401 -0.027677 -0.104445
FixedParameters: 0 0 0

#Transform 116
Transform: AffineTransform_float_3_3
Parameters: 1 0.000670821 -0.000742605 -0.000668419 0.999992 0.0039035 0.000744931 -0.0039025 0.999992 -0.0318359 -0.0804254 -0.0756531
FixedParameters: 0 0 0

#Transform 117
Transform: AffineTransform_float_3_3
Parameters: 1 0.000573629 -0.00103432 -0.000568964 0.99999 0.00434075 0.00103677 -0.00434026 0.99999 -0.0262129 -0.062123 -0.122403
FixedParameters: 0 0 0

#Transform 118
Transform: AffineTransform_float_3_3
Parameters: 0.999999 0.000836612 -0.000931519 -0.000832731 0.999992 0.00390378 0.000935134 -0.00390222 0.999992 -0.0149343 -0.026744 -0.152708
FixedParameters: 0 0 0

#Transform 119
Transform: AffineTransform_float_3_3
Parameters: 1 0.000643123 -0.000731023 -0.000639574 0.999993 0.00385247 0.000733594 -0.00385153 0.999993 -0.0361651 -0.00829527 -0.158892
FixedParameters: 0 0 0

#Transform 120
Transform: AffineTransform_float_3_3
Parameters: 0.999999 0.000624854 -0.00114104 -0.000620636 0.999993 0.0037395 0.00114319 -0.0037395 0.999992 -0.0156624 -0.081879 -0.0739212
FixedParameters: 0 0 0

#Transform 121
Transform: AffineTransform_float_3_3
Parameters: 1 0.000512192 -0.00103117 -0.000508132 0.99999 0.00450632 0.00103365 -0.00450668 0.999989 -0.0247629 -0.0918285 -0.120669
FixedParameters: 0 0 0

#Transform 122
Transform: AffineTransform_float_3_3
Parameters: 1 0.000451398 -0.000940685 -0.000447363 0.99999 0.00444042 0.000942166 -0.00443958 0.999989 -0.0270071 -0.0531293 -0.15613
FixedParameters: 0 0 0

#Transform 123
Transform: AffineTransform_float_3_3
Parameters: 0.999999 0.000376845 -0.000619017 -0.000374327 0.999992 0.00414524 0.000621071 -0.00414477 0.999991 -0.0379652 -0.0120659 -0.16501
FixedParameters: 0 0 0

#Transform 124
Transform: AffineTransform_float_3_3
Parameters: 1 0.000594532 -0.000710272 -0.00059059 0.999991 0.00424042 0.000712926 -0.00423958 0.999991 -0.0267931 -0.0634369 -0.0916913
FixedParameters: 0 0 0

#Transform 125
Transform: AffineTransform_float_3_3
Parameters: 1 0.000512259 -0.000898972 -0.000508197 0.99999 0.00444046 0.000901914 -0.00443954 0.999989 -0.02328 -0.0984322 -0.0901968
FixedParameters: 0 0 0

#Transform 126
Transform: AffineTransform_float_3_3
Parameters: 1 0.000589185 -0.000881217 -0.000584518 0.999989 0.00457367 0.000883684 -0.00457333 0.99999 -0.0223922 -0.0740705 -0.117622
FixedParameters: 0 0 0

#Transform 127
Transform: AffineTransform_float_3_3
Parameters: 0.999999 0.000517333 -0.000677578 -0.000514063 0.999989 0.0046275 0.000680371 -0.0046275 0.999989 -0.028135 -0.032536 -0.156971
FixedParameters: 0 0 0

#Transform 128
Transform: AffineTransform_float_3_3
Parameters: 1 0.000736578 -0.000769811 -0.000732452 0.999991 0.00428436 0.000772813 -0.00428464 0.999991 -0.0299319 -0.0190585 -0.127035
FixedParameters: 0 0 0

#Transform 129
Transform: AffineTransform_float_3_3
Parameters: 1 0.000657742 -0.000931928 -0.000654054 0.999991 0.00429225 0.000935048 -0.00429175 0.99999 -0.0225518 -0.0828312 -0.0809072
FixedParameters: 0 0 0

#Transform 130
Transform: AffineTransform_float_3_3
Parameters: 1 0.000703996 -0.000944133 -0.000699408 0.999988 0.0049183 0.000947604 -0.0049177 0.999987 -0.0231304 -0.0615069 -0.130843
FixedParameters: 0 0 0

#Transform 131
Transform: AffineTransform_float_3_3
Parameters: 1 0.000760079 -0.000779044 -0.000756287 0.999988 0.00485859 0.000782589 -0.00485741 0.999988 -0.0214897 -0.0488576 -0.1633
FixedParameters: 0 0 0

#Transform 132
Transform: AffineTransform_float_3_3
Parameters: 1 0.000772808 -0.000605952 -0.000769932 0.99999 0.00441047 0.000609464 -0.00440953 0.99999 -0.0455272 -0.0158843 -0.16509
FixedParameters: 0 0 0

#Transform 133
Transform: AffineTransform_float_3_3
Parameters: 1 0.000835218 -0.00081123 -0.000832112 0.999991 0.00424447 0.000814486 -0.00424453 0.999991 -0.0340019 -0.0887421 -0.0687173
FixedParameters: 0 0 0

#Transform 134
Transform: AffineTransform_float_3_3
Parameters: 0.999999 0.000962247 -0.000863452 -0.000957691 0.999987 0.00504763 0.000868401 -0.00504738 0.999987 -0.0351769 -0.0762185 -0.10413
FixedParameters: 0 0 0

#Transform 135
Transform: AffineTransform_float_3_3
Parameters: 1 0.000915407 -0.000646464 -0.000912949 0.999987 0.00512023 0.000651084 -0.00511977 0.999987 -0.0401155 -0.0453464 -0.1456
FixedParameters: 0 0 0

#Transform 136
Transform: AffineTransform_float_3_3
Parameters: 0.999999 0.00107588 -0.000672016 -0.00107291 0.999989 0.00461972 0.000676809 -0.00461827 0.999989 -0.0394943 -0.0164912 -0.111977
FixedParameters: 0 0 0

#Transform 137
Transform: AffineTransform_float_3_3
Parameters: 0.999999 0.000990468 -0.000875843 -0.00098654 0.999988 0.00462102 0.000880236 -0.00461998 0.999989 -0.0345609 -0.0856495 -0.0583359
FixedParameters: 0 0 0

#Transform 138
Transform: AffineTransform_float_3_3
Parameters: 0.999999 0.000990714 -0.000875566 -0.000986295 0.999988 0.00490051 0.000880511 -0.00489949 0.999987 -0.0344834 -0.0499529 -0.106392
FixedParameters: 0 0 0

#Transform 139
Transform: AffineTransform_float_3_3
Parameters: 1 0.000800952 -0.00079575 -0.000796416 0.999986 0.00521979 0.000800267 -0.00521921 0.999986 -0.0393491 -0.0206755 -0.14966
FixedParameters: 0 0 0

#Transform 140
Transform: AffineTransform_float_3_3
Parameters: 1 0.000997145 -0.000417451 -0.00099494 0.999987 0.00494906 0.000422707 -0.00494894 0.999987 -0.0529069 0.00298753 -0.157397
FixedParameters: 0 0 0

#Transform 141
Transform: AffineTransform_float_3_3
Parameters: 0.999999 0.00109951 -0.000615662 -0.00109604 0.999989 0.00470432 0.000620467 -0.00470368 0.999989 -0.0409392 -0.0539313 -0.0901022
FixedParameters: 0 0 0

#Transform 142
Transform: AffineTransform_float_3_3
Parameters: 0.999999 0.00107034 -0.000685454 -0.00106673 0.999987 0.00498937 0.000690984 -0.00498862 0.999987 -0.0437725 -0.0529422 -0.0983644
FixedParameters: 0 0 0

#Transform 143
Transform: AffineTransform_float_3_3
Parameters: 0.999999 0.00106162 -0.000706413 -0.00105786 0.999986 0.00523175 0.000711448 -0.00523025 0.999986 -0.0386528 -0.0486862 -0.122966
FixedParameters: 0 0 0

#Transform 144
Transform: AffineTransform_float_3_3
Parameters: 1 0.0010687 -0.000381183 -0.00106718 0.999987 0.00502441 0.000386391 -0.00502359 0.999988 -0.0482802 -0.0119682 -0.15448
FixedParameters: 0 0 0

#Transform 145
Transform: AffineTransform_float_3_3
Parameters: 0.999999 0.00110766 -0.000596219 -0.00110429 0.999988 0.0047713 0.000601249 -0.00477069 0.999988 -0.0477717 -0.0264624 -0.114369
FixedParameters: 0 0 0

#Transform 146
Transform: AffineTransform_float_3_3
Parameters: 0.999999 0.000990932 -0.000875319 -0.000986075 0.999986 0.00514951 0.000880757 -0.00514849 0.999986 -0.0340921 -0.0834431 -0.0682114
FixedParameters: 0 0 0

#Transform 147
Transform: AffineTransform_float_3_3
Parameters: 0.999999 0.000991144 -0.000875078 -0.000986256 0.999985 0.00539287 0.000880078 -0.00539113 0.999985 -0.0316133 -0.0528947 -0.109834
FixedParameters: 0 0 0

#Transform 148
Transform: AffineTransform_float_3_3
Parameters: 0.999999 0.00117684 -0.000430904 -0.00117407 0.999983 0.00573615 0.000436634 -0.00573585 0.999983 -0.0469547 -0.0229084 -0.154435
FixedParameters: 0 0 0

#Transform 149
Transform: AffineTransform_float_3_3
Parameters: 0.999999 0.00119169 -0.000395476 -0.00118931 0.999986 0.00526712 0.000401183 -0.00526689 0.999986 -0.0538768 -0.0206226 -0.128572
FixedParameters: 0 0 0

#Transform 150
Transform: AffineTransform_float_3_3
Parameters: 0.999999 0.00110543 -0.000601803 -0.00110144 0.999984 0.0055603 0.00060763 -0.00555969 0.999984 -0.0436943 -0.0764988 -0.0896263
FixedParameters: 0 0 0

#Transform 151
Transform: AffineTransform_float_3_3
Parameters: 0.999999 0.00108537 -0.000914277 -0.00108072 0.999984 0.00552978 0.000920983 -0.00552921 0.999984 -0.0298573 -0.0483881 -0.11934
FixedParameters: 0 0 0

#Transform 152
Transform: AffineTransform_float_3_3
Parameters: 0.999999 0.0010453 -0.000746094 -0.0010402 0.99998 0.00610393 0.00075185 -0.00610307 0.999982 -0.0374944 -0.0359279 -0.153536
FixedParameters: 0 0 0

#Transform 153
Transform: AffineTransform_float_3_3
Parameters: 0.999999 0.00109414 -0.000628744 -0.00109007 0.999985 0.00539269 0.000634078 -0.00539131 0.999986 -0.0396208 -0.00796423 -0.12374
FixedParameters: 0 0 0

#Transform 154
Transform: AffineTransform_float_3_3
Parameters: 0.999999 0.000979441 -0.000903402 -0.000973734 0.999984 0.00567452 0.000908823 -0.00567347 0.999983 -0.0425023 -0.0829295 -0.0621708
FixedParameters: 0 0 0

#Transform 155
Transform: AffineTransform_float_3_3
Parameters: 0.999999 0.000908693 -0.000839729 -0.000903934 0.999981 0.00608676 0.00084549 -0.00608524 0.999981 -0.0299618 -0.0704868 -0.100266
FixedParameters: 0 0 0

#Transform 156
Transform: AffineTransform_float_3_3
Parameters: 0.999999 0.000991658 -0.000874497 -0.000985741 0.999982 0.00597851 0.000880656 -0.00597749 0.999982 -0.032002 -0.0423065 -0.133488
FixedParameters: 0 0 0

#Transform 157
Transform: AffineTransform_float_3_3
Parameters: 0.999999 0.00114837 -0.000499064 -0.00114524 0.999982 0.00584222 0.00050602 -0.00584178 0.999983 -0.0438391 -0.0284011 -0.157604
FixedParameters: 0 0 0

#Transform 158
Transform: AffineTransform_float_3_3
Parameters: 0.999999 0.00129174 -0.000495756 -0.00128915 0.999985 0.00533528 0.000503081 -0.00533471 0.999985 -0.0511958 -0.0217282 -0.118143
FixedParameters: 0 0 0

#Transform 159
Transform: AffineTransform_float_3_3
Parameters: 0.999999 0.00130082 -0.000803465 -0.00129599 0.999983 0.00574569 0.00081049 -0.00574432 0.999983 -0.0418154 -0.0636448 -0.0943413
FixedParameters: 0 0 0

#Transform 160
Transform: AffineTransform_float_3_3
Parameters: 0.999999 0.00129041 -0.000662549 -0.00128573 0.999979 0.0064475 0.000669953 -0.0064465 0.999979 -0.0429017 -0.0377719 -0.155248
FixedParameters: 0 0 0

#Transform 161
Transform: AffineTransform_float_3_3
Parameters: 0.999999 0.00122635 -0.00073286 -0.00122147 0.999981 0.00605854 0.000740716 -0.00605745 0.999981 -0.0419986 -0.0205587 -0.18987
FixedParameters: 0 0 0

#Transform 162
Transform: AffineTransform_float_3_3
Parameters: 0.999999 0.00140605 -0.00050749 -0.00140353 0.999983 0.00552036 0.000515635 -0.00551964 0.999984 -0.0520944 0.00753898 -0.16767
FixedParameters: 0 0 0

#Transform 163
Transform: AffineTransform_float_3_3
Parameters: 0.999998 0.00138925 -0.000825259 -0.00138459 0.999983 0.00572843 0.000832334 -0.00572757 0.999983 -0.0402747 -0.0538125 -0.123114
FixedParameters: 0 0 0

#Transform 164
Transform: AffineTransform_float_3_3
Parameters: 0.999998 0.00126297 -0.000987748 -0.00125738 0.999981 0.00598204 0.000995711 -0.00598096 0.999982 -0.035287 -0.0528675 -0.168139
FixedParameters: 0 0 0

#Transform 165
Transform: AffineTransform_float_3_3
Parameters: 0.999999 0.00118388 -0.000414021 -0.00118071 0.999982 0.00596714 0.000421297 -0.00596687 0.999982 -0.0486861 -0.0204029 -0.179763
FixedParameters: 0 0 0

#Transform 166
Transform: AffineTransform_float_3_3
Parameters: 0.999999 0.001334 -0.000503546 -0.00133032 0.999985 0.00541817 0.000511146 -0.00541684 0.999985 -0.0432944 -0.0041172 -0.155404
FixedParameters: 0 0 0

#Transform 167
Transform: AffineTransform_float_3_3
Parameters: 0.999999 0.00119782 -0.000723276 -0.0011936 0.999982 0.00595551 0.000729623 -0.00595449 0.999982 -0.0456511 -0.070769 -0.120741
FixedParameters: 0 0 0

#Transform 168
Transform: AffineTransform_float_3_3
Parameters: 0.999999 0.0012917 -0.000817685 -0.00128722 0.999981 0.0059857 0.000825617 -0.0059843 0.999982 -0.0426115 -0.0607181 -0.148037
FixedParameters: 0 0 0

#Transform 169
Transform: AffineTransform_float_3_3
Parameters: 0.999999 0.00128202 -0.000788889 -0.00127674 0.999982 0.00588165 0.000796963 -0.00588034 0.999982 -0.0452879 -0.0271982 -0.165641
FixedParameters: 0 0 0

#Transform 170
Transform: AffineTransform_float_3_3
Parameters: 0.999999 0.00133861 -0.000655887 -0.00133531 0.999984 0.00557016 0.000663807 -0.00556984 0.999984 -0.0513468 -0.0394928 -0.141218
FixedParameters: 0 0 0

#Transform 171
Transform: AffineTransform_float_3_3
Parameters: 0.999998 0.00135602 -0.000860865 -0.0013511 0.999981 0.00594097 0.000869443 -0.00594004 0.999982 -0.0501157 -0.0808862 -0.0979765
FixedParameters: 0 0 0

#Transform 172
Transform: AffineTransform_float_3_3
Parameters: 0.999999 0.00118936 -0.000956658 -0.00118371 0.99998 0.00621093 0.000964284 -0.00621006 0.99998 -0.0430427 -0.0677765 -0.130868
FixedParameters: 0 0 0

#Transform 173
Transform: AffineTransform_float_3_3
Parameters: 0.999999 0.0013049 -0.000760164 -0.00130042 0.999981 0.00609664 0.000767232 -0.00609537 0.999981 -0.0458471 -0.031221 -0.156327
FixedParameters: 0 0 0

#Transform 174
Transform: AffineTransform_float_3_3
Parameters: 0.999999 0.00124154 -0.000276162 -0.00123935 0.999984 0.00551283 0.000282613 -0.00551216 0.999984 -0.0604183 -0.0163363 -0.151647
FixedParameters: 0 0 0

#Transform 175
Transform: AffineTransform_float_3_3
Parameters: 0.999999 0.00115144 -0.000491726 -0.00114843 0.999983 0.00580421 0.000498631 -0.00580379 0.999983 -0.0543189 -0.0854289 -0.0785867
FixedParameters: 0 0 0

#Transform 176
Transform: AffineTransform_float_3_3
Parameters: 0.999999 0.00123178 -0.00097442 -0.00122598 0.99998 0.00616899 0.000982469 -0.006168 0.999981 -0.0311015 -0.0628137 -0.12662
FixedParameters: 0 0 0

#Transform 177
Transform: AffineTransform_float_3_3
Parameters: 0.999999 0.00120292 -0.00096279 -0.00119685 0.999982 0.00591496 0.00096948 -0.00591405 0.999983 -0.0435308 -0.0264758 -0.149742
FixedParameters: 0 0 0

#Transform 178
Transform: AffineTransform_float_3_3
Parameters: 0.999999 0.00131586 -0.000531377 -0.00131294 0.999983 0.00564734 0.000538857 -0.00564666 0.999984 -0.0540794 -0.0191675 -0.130346
FixedParameters: 0 0 0

#Transform 179
Transform: AffineTransform_float_3_3
Parameters: 0.999999 0.00113574 -0.000934443 -0.00113056 0.999981 0.00610986 0.000941177 -0.00610915 0.999981 -0.033274 -0.0857569 -0.0842234
FixedParameters: 0 0 0

#Transform 180
Transform: AffineTransform_float_3_3
Parameters: 0.999999 0.000991877 -0.000874248 -0.000985916 0.99998 0.00622966 0.000879986 -0.00622934 0.99998 -0.0392137 -0.0582729 -0.125607
FixedParameters: 0 0 0

#Transform 181
Transform: AffineTransform_float_3_3
Parameters: 0.999999 0.000991853 -0.000874276 -0.00098594 0.99998 0.00620166 0.000879959 -0.00620134 0.99998 -0.0404775 -0.0389095 -0.146164
FixedParameters: 0 0 0

#Transform 182
Transform: AffineTransform_float_3_3
Parameters: 0.999999 0.00110322 -0.00060715 -0.00109896 0.999982 0.00573246 0.00061333 -0.00573253 0.999983 -0.0611717 -0.00298148 -0.145615
FixedParameters: 0 0 0

#Transform 183
Transform: AffineTransform_float_3_3
Parameters: 0.999999 0.00130518 -0.000515405 -0.00130106 0.999981 0.00608932 0.000523519 -0.00608869 0.999982 -0.0496802 -0.0640099 -0.0866785
FixedParameters: 0 0 0

#Transform 184
Transform: AffineTransform_float_3_3
Parameters: 0.999999 0.00118932 -0.000956707 -0.00118375 0.99998 0.00616993 0.000964235 -0.00616907 0.999981 -0.0371873 -0.0689832 -0.106854
FixedParameters: 0 0 0

#Transform 185
Transform: AffineTransform_float_3_3
Parameters: 0.999999 0.00121313 -0.00089714 -0.00120812 0.99998 0.00626589 0.000905199 -0.00626512 0.99998 -0.0361297 -0.0433179 -0.127851
FixedParameters: 0 0 0

#Transform 186
Transform: AffineTransform_float_3_3
Parameters: 0.999999 0.000991719 -0.000874428 -0.000986075 0.999981 0.00604866 0.000879808 -0.00604834 0.999981 -0.038141 -0.0108457 -0.164124
FixedParameters: 0 0 0

#Transform 187
Transform: AffineTransform_float_3_3
Parameters: 0.999999 0.00121841 -0.000871386 -0.00121304 0.99998 0.00612886 0.000878784 -0.00612815 0.999981 -0.0420844 -0.0393829 -0.108733
FixedParameters: 0 0 0

#Transform 188
Transform: AffineTransform_float_3_3
Parameters: 0.999999 0.00112666 -0.000930408 -0.00112031 0.99998 0.00627285 0.000937 -0.00627216 0.99998 -0.0409504 -0.081686 -0.106456
FixedParameters: 0 0 0

#Transform 189
Transform: AffineTransform_float_3_3
Parameters: 0.999998 0.00121198 -0.00103032 -0.00120481 0.999977 0.00668925 0.00103845 -0.00668675 0.999977 -0.0344664 -0.0518807 -0.154801
FixedParameters: 0 0 0

#Transform 190
Transform: AffineTransform_float_3_3
Parameters: 0.999999 0.00123293 -0.000974508 -0.00122614 0.999979 0.00640985 0.000981845 -0.00640816 0.999979 -0.040434 -0.0211304 -0.170913
FixedParameters: 0 0 0

#Transform 191
Transform: AffineTransform_float_3_3
Parameters: 0.999999 0.0011376 -0.000935197 -0.00113146 0.999981 0.00612386 0.000941589 -0.00612315 0.999981 -0.0343685 -0.0415676 -0.149986
FixedParameters: 0 0 0

#Transform 192
Transform: AffineTransform_float_3_3
Parameters: 0.999999 0.00112301 -0.000928828 -0.00111752 0.999979 0.00630884 0.00093585 -0.00630816 0.99998 -0.0320361 -0.090553 -0.100464
FixedParameters: 0 0 0

#Transform 193
Transform: AffineTransform_float_3_3
Parameters: 0.999999 0.000992396 -0.000873659 -0.000986708 0.999976 0.00682351 0.00088005 -0.00682249 0.999976 -0.0316696 -0.0788951 -0.138586
FixedParameters: 0 0 0

#Transform 194
Transform: AffineTransform_float_3_3
