# transform file /out/sourcedata/freesurfer/sub-v2s5x29551_ses-1/mri/transforms/cc_up.lta
# created by oesteban on Fri Mar 13 09:20:06 2026

type      = 0 # LINEAR_VOX_TO_VOX
nxforms   = 1
mean      = 160.0000 122.0000 140.0000
sigma     = 10000.0000
1 4 4
9.985715746879578e-01 -4.473463073372841e-02 -2.921594493091106e-02 -2.138575744628906e+01 
4.471549391746521e-02 9.989988803863525e-01 -1.308274106122553e-03 2.525916290283203e+01 
2.924522012472153e-02 -1.164153218269348e-10 9.995722174644470e-01 1.748308944702148e+01 
0.000000000000000e+00 0.000000000000000e+00 0.000000000000000e+00 1.000000000000000e+00 
src volume info
valid = 1  # volume info valid
filename = /out/sourcedata/freesurfer/sub-v2s5x29551_ses-1/mri/norm.mgz
volume = 320 320 320
voxelsize = 6.999999880790710e-01 6.999999880790710e-01 6.999999880790710e-01
xras   = -1.000000000000000e+00 0.000000000000000e+00 0.000000000000000e+00
yras   = 0.000000000000000e+00 0.000000000000000e+00 -1.000000000000000e+00
zras   = 0.000000000000000e+00 1.000000000000000e+00 0.000000000000000e+00
cras   = -3.745040893554688e-01 2.246400451660156e+01 -4.002969360351562e+01
dst volume info
valid = 1  # volume info valid
filename = /out/sourcedata/freesurfer/sub-v2s5x29551_ses-1/mri/norm.mgz
volume = 320 320 320
voxelsize = 6.999999880790710e-01 6.999999880790710e-01 6.999999880790710e-01
xras   = -1.000000000000000e+00 0.000000000000000e+00 0.000000000000000e+00
yras   = 0.000000000000000e+00 0.000000000000000e+00 -1.000000000000000e+00
zras   = 0.000000000000000e+00 1.000000000000000e+00 0.000000000000000e+00
cras   = -3.745040893554688e-01 2.246400451660156e+01 -4.002969360351562e+01
