# transform file /out/sourcedata/freesurfer/sub-v2s5x29560_ses-1/mri/transforms/cc_up.lta
# created by oesteban on Fri Mar 13 09:46:19 2026

type      = 0 # LINEAR_VOX_TO_VOX
nxforms   = 1
mean      = 159.0000 112.0000 146.0000
sigma     = 10000.0000
1 4 4
9.989498257637024e-01 -2.469473890960217e-02 -3.859352320432663e-02 -2.216918373107910e+01 
2.467633038759232e-02 9.996950626373291e-01 -9.533476550132036e-04 4.028956222534180e+01 
3.860529884696007e-02 -5.820766091346741e-11 9.992545843124390e-01 3.066285371780396e+00 
0.000000000000000e+00 0.000000000000000e+00 0.000000000000000e+00 1.000000000000000e+00 
src volume info
valid = 1  # volume info valid
filename = /out/sourcedata/freesurfer/sub-v2s5x29560_ses-1/mri/norm.mgz
volume = 320 320 320
voxelsize = 6.999999880790710e-01 6.999999880790710e-01 6.999999880790710e-01
xras   = -1.000000000000000e+00 0.000000000000000e+00 0.000000000000000e+00
yras   = 0.000000000000000e+00 0.000000000000000e+00 -1.000000000000000e+00
zras   = 0.000000000000000e+00 1.000000000000000e+00 0.000000000000000e+00
cras   = -9.798049926757812e-01 1.641098022460938e+01 -3.337109375000000e+01
dst volume info
valid = 1  # volume info valid
filename = /out/sourcedata/freesurfer/sub-v2s5x29560_ses-1/mri/norm.mgz
volume = 320 320 320
voxelsize = 6.999999880790710e-01 6.999999880790710e-01 6.999999880790710e-01
xras   = -1.000000000000000e+00 0.000000000000000e+00 0.000000000000000e+00
yras   = 0.000000000000000e+00 0.000000000000000e+00 -1.000000000000000e+00
zras   = 0.000000000000000e+00 1.000000000000000e+00 0.000000000000000e+00
cras   = -9.798049926757812e-01 1.641098022460938e+01 -3.337109375000000e+01
