# transform file /out/sourcedata/freesurfer/sub-v2s5x29548_ses-1/mri/transforms/cc_up.lta
# created by oesteban on Fri Mar 13 10:03:32 2026

type      = 0 # LINEAR_VOX_TO_VOX
nxforms   = 1
mean      = 159.0000 120.0000 139.0000
sigma     = 10000.0000
1 4 4
9.984660148620605e-01 -5.071016773581505e-02 -2.222394756972790e-02 -2.037796783447266e+01 
5.069760978221893e-02 9.987133145332336e-01 -1.128431991674006e-03 2.028643989562988e+01 
2.225257642567158e-02 0.000000000000000e+00 9.997522830963135e-01 8.529102325439453e+00 
0.000000000000000e+00 0.000000000000000e+00 0.000000000000000e+00 1.000000000000000e+00 
src volume info
valid = 1  # volume info valid
filename = /out/sourcedata/freesurfer/sub-v2s5x29548_ses-1/mri/norm.mgz
volume = 320 320 320
voxelsize = 6.999999880790710e-01 6.999999880790710e-01 6.999999880790710e-01
xras   = -1.000000000000000e+00 0.000000000000000e+00 0.000000000000000e+00
yras   = 0.000000000000000e+00 0.000000000000000e+00 -1.000000000000000e+00
zras   = 0.000000000000000e+00 1.000000000000000e+00 0.000000000000000e+00
cras   = 3.257499694824219e+00 2.125399780273438e+01 -1.400059509277344e+01
dst volume info
valid = 1  # volume info valid
filename = /out/sourcedata/freesurfer/sub-v2s5x29548_ses-1/mri/norm.mgz
volume = 320 320 320
voxelsize = 6.999999880790710e-01 6.999999880790710e-01 6.999999880790710e-01
xras   = -1.000000000000000e+00 0.000000000000000e+00 0.000000000000000e+00
yras   = 0.000000000000000e+00 0.000000000000000e+00 -1.000000000000000e+00
zras   = 0.000000000000000e+00 1.000000000000000e+00 0.000000000000000e+00
cras   = 3.257499694824219e+00 2.125399780273438e+01 -1.400059509277344e+01
