# transform file transforms/talairach.lta
# created by oesteban on Fri Mar 13 07:41:38 2026

type      = 0 # LINEAR_VOX_TO_VOX
nxforms   = 1
mean      = 158.0000 121.0000 139.0000
sigma     = 10000.0000
1 4 4
7.121527194976807e-01 -3.383171930909157e-02 -1.780193299055099e-02 1.943655395507812e+01 
3.499293327331543e-02 7.291820049285889e-01 1.197037920355797e-01 1.016857051849365e+01 
1.082400325685740e-02 -1.138344928622246e-01 6.797783970832825e-01 2.869867134094238e+01 
0.000000000000000e+00 0.000000000000000e+00 0.000000000000000e+00 1.000000000000000e+00 
src volume info
valid = 1  # volume info valid
filename = nu.mgz
volume = 320 320 320
voxelsize = 6.999999880790710e-01 6.999999880790710e-01 6.999999880790710e-01
xras   = -1.000000000000000e+00 0.000000000000000e+00 0.000000000000000e+00
yras   = 0.000000000000000e+00 0.000000000000000e+00 -1.000000000000000e+00
zras   = 0.000000000000000e+00 1.000000000000000e+00 0.000000000000000e+00
cras   = 3.257499694824219e+00 2.125399780273438e+01 -1.400059509277344e+01
dst volume info
valid = 1  # volume info valid
filename = /opt/freesurfer/average/RB_all_2020-01-02.gca
volume = 256 256 256
voxelsize = 1.000000000000000e+00 1.000000000000000e+00 1.000000000000000e+00
xras   = -1.000000000000000e+00 0.000000000000000e+00 0.000000000000000e+00
yras   = 0.000000000000000e+00 0.000000000000000e+00 -1.000000000000000e+00
zras   = 0.000000000000000e+00 1.000000000000000e+00 0.000000000000000e+00
cras   = 0.000000000000000e+00 0.000000000000000e+00 0.000000000000000e+00
