#Insight Transform File V1.0
#Transform 0
Transform: AffineTransform_float_3_3
Parameters: 1 -7.76039e-05 0.000303445 7.76039e-05 1 2.35485e-08 -0.000303445 2.35485e-08 1 -0.00309702 -0.0595402 0.0353043
FixedParameters: 0 0 0

#Transform 1
Transform: AffineTransform_float_3_3
Parameters: 1 0.000103934 0.000244854 -0.000103934 1 -2.54488e-08 -0.000244854 -2.54488e-08 1 -0.00249511 -0.0649996 0.0513077
FixedParameters: 0 0 0

#Transform 2
Transform: AffineTransform_float_3_3
Parameters: 1 -0.000115485 0.000183639 0.000115314 1 0.000465021 -0.000183746 -0.000464979 1 -0.00654884 -0.0969886 0.100441
FixedParameters: 0 0 0

#Transform 3
Transform: AffineTransform_float_3_3
Parameters: 1 -7.76003e-05 0.000216507 7.75301e-05 1 0.000162017 -0.000216532 -0.000161983 1 -0.00560274 -0.0683177 0.0512605
FixedParameters: 0 0 0

#Transform 4
Transform: AffineTransform_float_3_3
Parameters: 1 5.04346e-05 0.000118732 -5.0374e-05 1 -0.000255006 -0.000118758 0.000254994 1 -0.00664342 -0.0118687 -0.029696
FixedParameters: 0 0 0

#Transform 5
Transform: AffineTransform_float_3_3
Parameters: 1 4.80386e-05 0.000113231 -4.80812e-05 1 0.000187995 -0.000113213 -0.000188005 1 -0.00115047 -0.0566585 0.0180021
FixedParameters: 0 0 0

#Transform 6
Transform: AffineTransform_float_3_3
Parameters: 1 7.52801e-05 0.000177713 -7.5542e-05 0.999999 0.000736986 -0.000177602 -0.000737013 0.999999 -0.0173602 -0.103103 0.0821201
FixedParameters: 0 0 0

#Transform 7
Transform: AffineTransform_float_3_3
Parameters: 1 0 0 0 1 0.000244 0 -0.000244 1 -0.008895 -0.0582593 -0.000710339
FixedParameters: 0 0 0

#Transform 8
Transform: AffineTransform_float_3_3
Parameters: 1 6.95706e-05 0.000163841 -6.95296e-05 1 -0.000125011 -0.000163859 0.000124989 1 -0.00168501 -0.0109359 -0.0367796
FixedParameters: 0 0 0

#Transform 9
Transform: AffineTransform_float_3_3
Parameters: 1 0.000104035 -4.41093e-05 -0.000103999 1 0.000416005 4.41959e-05 -0.000415995 1 -0.00219734 -0.0698524 0.0327405
FixedParameters: 0 0 0

#Transform 10
Transform: AffineTransform_float_3_3
Parameters: 1 0 0 0 1 0.000528 0 -0.000528 1 -0.012256 -0.0737016 0.0545699
FixedParameters: 0 0 0

#Transform 11
Transform: AffineTransform_float_3_3
Parameters: 1 0.000126146 0.000110532 -0.000125328 1 0.000464986 -0.000110805 -0.000465014 1 -0.00116577 -0.0590199 0.0022285
FixedParameters: 0 0 0

#Transform 12
Transform: AffineTransform_float_3_3
Parameters: 1 0.00017084 0.000156687 -0.000170786 1 -0.000172027 -0.000156746 0.000171973 1 -0.00158609 -0.0150686 -0.0317849
FixedParameters: 0 0 0

#Transform 13
Transform: AffineTransform_float_3_3
Parameters: 1 6.36159e-05 0.000150073 -6.37624e-05 1 0.00048799 -0.000150011 -0.000488009 1 -0.00153436 -0.060643 0.00644167
FixedParameters: 0 0 0

#Transform 14
Transform: AffineTransform_float_3_3
Parameters: 1 6.32064e-05 0.000149161 -6.33904e-05 1 0.00061699 -0.000149083 -0.000617009 1 -0.00155922 -0.0950942 0.0626861
FixedParameters: 0 0 0

#Transform 15
Transform: AffineTransform_float_3_3
Parameters: 1 0 0 0 1 0.000199 0 -0.000199 1 0 -0.0406126 0.00519441
FixedParameters: 0 0 0

#Transform 16
Transform: AffineTransform_float_3_3
Parameters: 1 6.9559e-05 0.000163846 -6.95413e-05 1 -5.40114e-05 -0.000163854 5.39886e-05 1 -0.00168816 -0.0234521 -0.00795744
FixedParameters: 0 0 0

#Transform 17
Transform: AffineTransform_float_3_3
Parameters: 1 0 0 0 1 0.000524 0 -0.000524 1 0 -0.061002 0.0456664
FixedParameters: 0 0 0

#Transform 18
Transform: AffineTransform_float_3_3
Parameters: 1 -9.54904e-05 0.000200116 9.52422e-05 1 0.000620019 -0.000200235 -0.000619981 1 -0.00793414 -0.0693223 0.0828483
FixedParameters: 0 0 0

#Transform 19
Transform: AffineTransform_float_3_3
Parameters: 1 0 0 0 1 0.000403 0 -0.000403 1 0 -0.0275293 0.0428737
FixedParameters: 0 0 0

#Transform 20
Transform: AffineTransform_float_3_3
Parameters: 1 0 0 0 1 6.1e-05 0 -6.1e-05 1 0 -0.00529662 0.00320506
FixedParameters: 0 0 0

#Transform 21
Transform: AffineTransform_float_3_3
Parameters: 1 3.94035e-05 9.29966e-05 -3.95241e-05 1 0.000648996 -9.29453e-05 -0.000649003 1 -0.000924857 -0.0463923 0.0386033
FixedParameters: 0 0 0

#Transform 22
Transform: AffineTransform_float_3_3
Parameters: 1 -0.000139141 0.00023813 0.000138781 0.999999 0.000754033 -0.000238339 -0.000753966 0.999999 -0.00719454 -0.0595379 0.0757802
FixedParameters: 0 0 0

#Transform 23
Transform: AffineTransform_float_3_3
Parameters: 1 -0.000165261 0.000263435 0.000166408 1 0.000312044 -0.000263008 -0.000311957 1 -0.00276302 -0.0152288 0.0117912
FixedParameters: 0 0 0

#Transform 24
Transform: AffineTransform_float_3_3
Parameters: 1 -0.000204544 0.00023229 0.000204382 1 0.000349047 -0.000232433 -0.000348952 1 -0.00243395 0.00688787 -0.00324656
FixedParameters: 0 0 0

#Transform 25
Transform: AffineTransform_float_3_3
Parameters: 1 0 0 0 0.999999 0.000718 0 -0.000718 0.999999 -9e-06 -0.0497885 0.0564494
FixedParameters: 0 0 0

#Transform 26
Transform: AffineTransform_float_3_3
Parameters: 1 -5.01212e-05 0.000176527 4.98458e-05 0.999999 0.000780008 -0.000176605 -0.000779991 0.999999 -0.00184059 -0.0621154 0.060529
FixedParameters: 0 0 0

#Transform 27
Transform: AffineTransform_float_3_3
Parameters: 1 3.318e-05 7.82565e-05 -3.32442e-05 1 0.000409997 -7.82293e-05 -0.000410003 1 -0.000774151 -0.0161532 -0.008577
FixedParameters: 0 0 0

#Transform 28
Transform: AffineTransform_float_3_3
Parameters: 1 -0.000114758 0.000280044 0.000114608 1 0.000268032 -0.000280105 -0.000267968 1 0.00183685 0.00967766 -0.00278471
FixedParameters: 0 0 0

#Transform 29
Transform: AffineTransform_float_3_3
Parameters: 1 -0.000105233 0.00022592 0.00010577 0.999999 0.000849023 -0.00022649 -0.000848976 0.999999 0.0064524 -0.0580398 0.0543147
FixedParameters: 0 0 0

#Transform 30
Transform: AffineTransform_float_3_3
Parameters: 1 -0.000271659 0.000327874 0.000271076 0.999999 0.000888088 -0.000328356 -0.00088791 0.999999 -0.00344703 -0.046897 0.0492059
FixedParameters: 0 0 0

#Transform 31
Transform: AffineTransform_float_3_3
Parameters: 1 -0.000198379 0.000162314 0.000198244 1 0.000416032 -0.000162479 -0.000415968 1 0.00595311 0.00196002 -0.00605921
FixedParameters: 0 0 0

#Transform 32
Transform: AffineTransform_float_3_3
Parameters: 1 0 0 0 1 0.000692 0 -0.000692 1 0 -0.0152437 0.017106
FixedParameters: 0 0 0

#Transform 33
Transform: AffineTransform_float_3_3
Parameters: 1 -7.27456e-05 3.08071e-05 7.26941e-05 0.999999 0.000834002 -3.09284e-05 -0.000833997 0.999999 -0.00033584 -0.0583217 0.0790014
FixedParameters: 0 0 0

#Transform 34
Transform: AffineTransform_float_3_3
Parameters: 1 4.25517e-05 0.000100351 -4.26276e-05 1 0.000377996 -0.000100319 -0.000378004 1 -0.00102194 -0.0209539 0.0289112
FixedParameters: 0 0 0

#Transform 35
Transform: AffineTransform_float_3_3
Parameters: 1 -0.000169388 7.18594e-05 0.000169358 1 0.000207012 -7.19296e-05 -0.000206988 1 0.00718387 0.0352282 0.00323663
FixedParameters: 0 0 0

#Transform 36
Transform: AffineTransform_float_3_3
Parameters: 1 6.62857e-05 0.000156544 -6.65627e-05 0.999999 0.000884989 -0.000156427 -0.00088501 0.999999 0.00397942 -0.0376053 0.062661
FixedParameters: 0 0 0

#Transform 37
Transform: AffineTransform_float_3_3
Parameters: 1 -0.000226352 0.000186051 0.00022611 1 0.000648042 -0.000186344 -0.000647958 1 -0.00196373 -0.0314961 0.0646547
FixedParameters: 0 0 0

#Transform 38
Transform: AffineTransform_float_3_3
Parameters: 1 0 0 0 1 0.000189 0 -0.000189 1 0.012933 0.0263824 0.00751974
FixedParameters: 0 0 0

#Transform 39
Transform: AffineTransform_float_3_3
Parameters: 1 -0.000176805 0.000154266 0.000176693 1 0.000361027 -0.000154394 -0.000360973 1 0.00945072 0.00938941 0.0372974
FixedParameters: 0 0 0

#Transform 40
Transform: AffineTransform_float_3_3
Parameters: 1 -0.000231167 9.77892e-05 0.000230926 0.999999 0.00123002 -9.83576e-05 -0.00122998 0.999999 -0.00101356 -0.0294658 0.0949304
FixedParameters: 0 0 0

#Transform 41
Transform: AffineTransform_float_3_3
Parameters: 1 -0.000220051 9.32654e-05 0.00021995 1 0.00054202 -9.35039e-05 -0.000541979 1 0.00548146 -0.00447646 0.0525957
FixedParameters: 0 0 0

#Transform 42
Transform: AffineTransform_float_3_3
Parameters: 1 -0.000208337 0.00025668 0.000208503 1 0.000438053 -0.000255943 -0.000437947 1 0.00754736 0.0411158 0.0180793
FixedParameters: 0 0 0

#Transform 43
Transform: AffineTransform_float_3_3
Parameters: 1 -0.000233982 0.00015779 0.000233779 1 0.000641037 -0.00015809 -0.000640963 1 0.00583518 -0.00133554 0.0532941
FixedParameters: 0 0 0

#Transform 44
Transform: AffineTransform_float_3_3
Parameters: 1 -0.000386801 0.000163662 0.000386423 1 0.00115206 -0.000164552 -0.00115194 1 -0.00175784 -0.0311061 0.101474
FixedParameters: 0 0 0

#Transform 45
Transform: AffineTransform_float_3_3
Parameters: 1 -0.0003508 0.000148663 0.000350625 1 0.000587052 -0.000149074 -0.000586948 1 0.00619805 0.00692817 0.0400051
FixedParameters: 0 0 0

#Transform 46
Transform: AffineTransform_float_3_3
Parameters: 1 -0.000338836 0.000143576 0.000338655 0.999999 0.000628048 -0.000144002 -0.000627951 1 0.00796785 0.0331352 0.0200036
FixedParameters: 0 0 0

#Transform 47
Transform: AffineTransform_float_3_3
Parameters: 1 -0.000296541 0.000125488 0.000296264 1 0.00110304 -0.000126142 -0.00110296 1 0.00736557 -0.0379061 0.0718309
FixedParameters: 0 0 0

#Transform 48
Transform: AffineTransform_float_3_3
Parameters: 1 -0.000341017 0.000289814 0.000340378 1 0.0011021 -0.000290565 -0.0011019 1 -0.00306865 -0.0226475 0.089912
FixedParameters: 0 0 0

#Transform 49
Transform: AffineTransform_float_3_3
Parameters: 1 -0.000240315 0.000101831 0.000240188 1 0.000624024 -0.000102131 -0.000623975 1 0.00847691 0.0347057 -0.00697323
FixedParameters: 0 0 0

#Transform 50
Transform: AffineTransform_float_3_3
Parameters: 1 -0.000124649 0.000236374 0.000124373 1 0.000583029 -0.000236519 -0.00058297 1 0.00648537 0.0195896 0.0136714
FixedParameters: 0 0 0

#Transform 51
Transform: AffineTransform_float_3_3
Parameters: 1 -2.82389e-05 0.000508161 2.79392e-05 1 0.00120001 -0.000508619 -0.00119999 0.999999 0.000271649 -0.0421548 0.0775769
FixedParameters: 0 0 0

#Transform 52
Transform: AffineTransform_float_3_3
Parameters: 1 -9.04993e-05 0.000381431 9.0593e-05 1 0.00108304 -0.000382018 -0.00108297 1 0.0032857 -0.0162841 0.0350425
FixedParameters: 0 0 0

#Transform 53
Transform: AffineTransform_float_3_3
Parameters: 1 -4.55042e-06 0.000409268 4.32696e-06 1 0.000273002 -0.00040927 -0.000272998 1 -0.00422875 0.0357886 -0.012369
FixedParameters: 0 0 0

#Transform 54
Transform: AffineTransform_float_3_3
Parameters: 1 -7.2366e-05 0.000285783 7.2082e-05 1 0.00118202 -0.000285034 -0.00118198 1 -0.00289056 -0.0377301 0.0559504
FixedParameters: 0 0 0

#Transform 55
Transform: AffineTransform_float_3_3
Parameters: 1 7.08873e-05 0.000167628 -7.13386e-05 0.999999 0.00134699 -0.000167436 -0.00134701 0.999999 -0.00171329 -0.0402137 0.0564839
FixedParameters: 0 0 0

#Transform 56
Transform: AffineTransform_float_3_3
Parameters: 1 -2.98646e-05 0.000303724 3.04113e-05 1 0.000615009 -0.000304151 -0.000614991 1 -0.00323206 0.0255203 -0.00250209
FixedParameters: 0 0 0

#Transform 57
Transform: AffineTransform_float_3_3
Parameters: 1 0.000102959 0.000243095 -0.000103347 0.999999 0.000796974 -0.000242931 -0.000797025 0.999999 0.00500585 0.00264806 0.0274088
FixedParameters: 0 0 0

#Transform 58
Transform: AffineTransform_float_3_3
Parameters: 1 0 0 0 0.999999 0.001242 0 -0.001242 0.999999 0.003944 -0.0494538 0.0813223
FixedParameters: 0 0 0

#Transform 59
Transform: AffineTransform_float_3_3
Parameters: 1 4.91453e-05 0.00011602 -4.93188e-05 0.999999 0.000747994 -0.000115947 -0.000748005 0.999999 0.0127919 -0.0140322 0.0181297
FixedParameters: 0 0 0

#Transform 60
Transform: AffineTransform_float_3_3
Parameters: 1 -3.53355e-05 0.000285462 3.51859e-05 1 0.00026201 -0.00028548 -0.00026199 1 0.00745942 0.0413988 0.00396753
FixedParameters: 0 0 0

#Transform 61
Transform: AffineTransform_float_3_3
Parameters: 1 -0.000225646 9.54406e-05 0.000225401 0.999999 0.00127902 -9.60175e-05 -0.00127898 0.999999 0.0139084 -0.0372977 0.0731958
FixedParameters: 0 0 0

#Transform 62
Transform: AffineTransform_float_3_3
Parameters: 1 -0.00025968 0.000109954 0.000259484 0.999999 0.000892028 -0.000110418 -0.000891971 0.999999 0.00911597 -0.0154799 0.0650829
FixedParameters: 0 0 0

#Transform 63
Transform: AffineTransform_float_3_3
Parameters: 1 -0.000225178 0.000168265 0.00022506 1 0.000349038 -0.000168422 -0.000348962 1 0.0134912 0.0579501 0.0176857
FixedParameters: 0 0 0

#Transform 64
Transform: AffineTransform_float_3_3
Parameters: 1 -0.000210893 8.92484e-05 0.000210698 1 0.00108602 -8.97063e-05 -0.00108598 1 0.0144549 -0.0051859 0.0653965
FixedParameters: 0 0 0

#Transform 65
Transform: AffineTransform_float_3_3
Parameters: 1 -0.000219194 9.27244e-05 0.000218966 0.999999 0.00123002 -9.32634e-05 -0.00122998 0.999999 -0.000941491 -0.0258296 0.116627
FixedParameters: 0 0 0

#Transform 66
Transform: AffineTransform_float_3_3
Parameters: 1 -0.000257788 0.000109294 0.000257694 1 0.000429028 -0.000109515 -0.000428972 1 -0.00111383 0.0396942 0.0342865
FixedParameters: 0 0 0

#Transform 67
Transform: AffineTransform_float_3_3
Parameters: 1 -0.000256865 0.000108911 0.000256777 1 0.000402028 -0.000109117 -0.000401972 1 0.0127456 0.0417091 0.0384179
FixedParameters: 0 0 0

#Transform 68
Transform: AffineTransform_float_3_3
Parameters: 1 -4.47212e-05 0.000343549 4.47183e-05 0.999999 0.00134302 -0.00034406 -0.00134298 0.999999 -0.00358378 -0.0258624 0.103966
FixedParameters: 0 0 0

#Transform 69
Transform: AffineTransform_float_3_3
Parameters: 1 -0.00018134 0.00023093 0.000181752 1 0.00110104 -0.000231721 -0.00110096 1 -0.00245997 -0.00835113 0.0866398
FixedParameters: 0 0 0

#Transform 70
Transform: AffineTransform_float_3_3
Parameters: 1 -0.000128172 0.000299788 0.000128775 1 0.000529038 -0.000300315 -0.000528961 1 0.00848964 0.052722 0.0110385
FixedParameters: 0 0 0

#Transform 71
Transform: AffineTransform_float_3_3
Parameters: 1 -4.43564e-05 0.000241418 4.39802e-05 0.999999 0.00077901 -0.000241486 -0.000778989 0.999999 -0.0024071 0.0060881 0.0420024
FixedParameters: 0 0 0

#Transform 72
Transform: AffineTransform_float_3_3
Parameters: 1 -5.54418e-05 0.000469684 5.41735e-05 0.999999 0.00135003 -0.000469832 -0.00134997 0.999999 0.00216296 -0.0300745 0.0711815
FixedParameters: 0 0 0

#Transform 73
Transform: AffineTransform_float_3_3
Parameters: 1 -1.07662e-05 0.000248914 1.03929e-05 0.999999 0.000750002 -0.00024893 -0.000749997 0.999999 0.0130333 0.0292221 0.0109079
FixedParameters: 0 0 0

#Transform 74
Transform: AffineTransform_float_3_3
Parameters: 1 -0.000274382 0.00011627 0.000274239 1 0.000613032 -0.000116606 -0.000612968 1 0.0130332 0.0502986 -0.0156656
FixedParameters: 0 0 0

#Transform 75
Transform: AffineTransform_float_3_3
Parameters: 1 -0.000181984 0.000198622 0.000181539 1 0.00111904 -0.000199029 -0.00111896 1 0.0106678 -0.0156929 0.0385966
FixedParameters: 0 0 0

#Transform 76
Transform: AffineTransform_float_3_3
Parameters: 1 -0.000201696 8.53205e-05 0.000201485 0.999999 0.00123802 -8.58196e-05 -0.00123798 0.999999 0.016093 -0.0246802 0.0546668
FixedParameters: 0 0 0

#Transform 77
Transform: AffineTransform_float_3_3
Parameters: 1 -0.00015773 0.000291635 0.000157329 1 0.000687046 -0.000291852 -0.000686954 0.999999 0.0124729 0.0324853 -0.00342002
FixedParameters: 0 0 0

#Transform 78
Transform: AffineTransform_float_3_3
Parameters: 1 -0.000246057 0.000313857 0.000245633 0.999999 0.000674077 -0.000314188 -0.000673922 0.999999 0.0145216 0.0378445 0.00759227
FixedParameters: 0 0 0

#Transform 79
Transform: AffineTransform_float_3_3
Parameters: 1 0.000110224 0.000260652 -0.000110929 0.999999 0.00135297 -0.000260353 -0.00135303 0.999999 0.0125742 -0.0252273 0.0824304
FixedParameters: 0 0 0

#Transform 80
Transform: AffineTransform_float_3_3
Parameters: 1 -0.000204442 8.65316e-05 0.000204263 1 0.00103102 -8.6953e-05 -0.00103098 1 0.0107692 0.00135549 0.0518526
FixedParameters: 0 0 0

#Transform 81
Transform: AffineTransform_float_3_3
Parameters: 1 -7.67065e-05 0.000272555 7.73695e-05 1 0.000472021 -0.000273018 -0.000471979 1 0.0146006 0.0590856 -0.017896
FixedParameters: 0 0 0

#Transform 82
Transform: AffineTransform_float_3_3
Parameters: 1 -8.54899e-05 0.000259861 8.58308e-05 1 0.00111402 -0.000260442 -0.00111398 1 0.0154713 0.0127884 0.0306869
FixedParameters: 0 0 0

#Transform 83
Transform: AffineTransform_float_3_3
Parameters: 1 -0.000142291 0.000256662 0.000141537 0.999999 0.00146704 -0.000257078 -0.00146696 0.999999 0.000840199 -0.0323256 0.107146
FixedParameters: 0 0 0

#Transform 84
Transform: AffineTransform_float_3_3
Parameters: 1 3.39117e-05 8.01187e-05 -3.40755e-05 1 0.001023 -8.00491e-05 -0.001023 1 0.00617843 0.0276592 0.0407815
FixedParameters: 0 0 0

#Transform 85
Transform: AffineTransform_float_3_3
Parameters: 1 -6.09175e-05 0.000248441 6.09486e-05 0.999999 0.000725015 -0.000247609 -0.000724985 0.999999 0.00262828 0.0526319 0.00929902
FixedParameters: 0 0 0

#Transform 86
Transform: AffineTransform_float_3_3
Parameters: 1 0.000104413 0.000246824 -0.000105019 0.999999 0.00122697 -0.000246567 -0.00122703 0.999999 0.00656545 -0.00981461 0.0698541
FixedParameters: 0 0 0

#Transform 87
Transform: AffineTransform_float_3_3
Parameters: 1 0 0 0 0.999999 0.000945999 0 -0.000945999 0.999999 -7e-06 0.0259853 0.053193
FixedParameters: 0 0 0

#Transform 88
Transform: AffineTransform_float_3_3
Parameters: 1 6.63319e-05 0.000156525 -6.65166e-05 1 0.000589989 -0.000156447 -0.00059001 1 -0.00160679 0.0402664 -0.00367983
FixedParameters: 0 0 0

#Transform 89
Transform: AffineTransform_float_3_3
Parameters: 1 -1.80091e-05 0.000213952 1.80057e-05 0.999999 0.000923003 -0.000213065 -0.000922995 0.999999 -0.00220474 0.0308354 -0.00123856
FixedParameters: 0 0 0

#Transform 90
Transform: AffineTransform_float_3_3
Parameters: 1 0.000106346 0.000251435 -0.000106993 0.999999 0.00128897 -0.00025116 -0.00128903 0.999999 0.00271781 -0.000695334 0.0247651
FixedParameters: 0 0 0

#Transform 91
Transform: AffineTransform_float_3_3
Parameters: 1 8.50304e-05 0.000200733 -8.53282e-05 0.999999 0.000741982 -0.000200607 -0.000742017 0.999999 -0.00207297 0.0241809 -0.0106077
FixedParameters: 0 0 0

#Transform 92
Transform: AffineTransform_float_3_3
Parameters: 1 0 0 0 1 0.000333 0 -0.000333 1 0.012468 0.0676928 -0.0544191
FixedParameters: 0 0 0

#Transform 93
Transform: AffineTransform_float_3_3
Parameters: 1 3.48366e-05 0.000215486 -3.51008e-05 1 0.000612992 -0.000215444 -0.000613007 1 0.0087523 0.00811421 -0.00397793
FixedParameters: 0 0 0

#Transform 94
Transform: AffineTransform_float_3_3
Parameters: 1 8.14207e-05 0.000192488 -8.19047e-05 0.999999 0.00125798 -0.000192283 -0.00125802 0.999999 -0.00198923 -0.00441181 0.0716025
FixedParameters: 0 0 0

#Transform 95
Transform: AffineTransform_float_3_3
Parameters: 1 6.89917e-05 0.000163001 -6.9327e-05 1 0.00102899 -0.000162858 -0.00102901 1 -0.0104967 0.0120695 0.041609
FixedParameters: 0 0 0

#Transform 96
Transform: AffineTransform_float_3_3
Parameters: 1 0.000358538 0.000120584 -0.000358614 1 0.000316957 -0.000120356 -0.000317043 1 -0.0172117 0.0639811 -0.0261219
FixedParameters: 0 0 0

#Transform 97
Transform: AffineTransform_float_3_3
Parameters: 1 0.000484279 -0.000205304 -0.000484092 1 0.000456099 0.000205745 -0.0004559 1 -0.0206834 0.0386288 0.00934567
FixedParameters: 0 0 0

#Transform 98
Transform: AffineTransform_float_3_3
Parameters: 1 0.000579245 -0.000245187 -0.000579142 1 0.00100714 0.000245433 -0.00100686 1 -0.0323205 -0.00300399 0.0839506
FixedParameters: 0 0 0

#Transform 99
Transform: AffineTransform_float_3_3
Parameters: 1 0.000584703 -0.000247683 -0.000584337 0.999999 0.000738144 0.000248545 -0.000737854 0.999999 -0.03107 0.0172926 0.0628907
FixedParameters: 0 0 0

#Transform 100
Transform: AffineTransform_float_3_3
Parameters: 1 0.000606005 -0.00033317 -0.000605907 1 0.000146202 0.000333347 -0.000145798 1 -0.0382317 0.0601833 -0.0120028
FixedParameters: 0 0 0

#Transform 101
Transform: AffineTransform_float_3_3
Parameters: 1 0.000542575 -0.00029321 -0.00054248 1 0.000162159 0.000293386 -0.000161841 1 -0.0302255 0.0340535 0.0220611
FixedParameters: 0 0 0

#Transform 102
Transform: AffineTransform_float_3_3
Parameters: 0.999999 0.000724882 -0.000388499 -0.000724686 1 0.000754922 0.000388673 -0.000755078 0.999999 -0.0377632 -0.00180621 0.0757824
FixedParameters: 0 0 0

#Transform 103
Transform: AffineTransform_float_3_3
Parameters: 0.999999 0.000804715 -0.000399947 -0.000804862 0.999999 0.000305322 0.000399518 -0.000304678 1 -0.0375541 0.026628 0.0475432
FixedParameters: 0 0 0

#Transform 104
Transform: AffineTransform_float_3_3
Parameters: 1 0.000945375 -0.000452423 -0.000945435 1 -6.6932e-05 0.000452296 6.7068e-05 1 -0.0423321 0.05791 -0.00614322
FixedParameters: 0 0 0

#Transform 105
Transform: AffineTransform_float_3_3
Parameters: 1 0.000934995 -0.00047694 -0.000934716 1 0.000292086 0.000477486 -0.000291913 1 -0.0544212 0.035621 0.0368028
FixedParameters: 0 0 0

#Transform 106
Transform: AffineTransform_float_3_3
Parameters: 0.999999 0.0011463 -0.000549884 -0.00114607 0.999999 0.000571271 0.000550272 -0.000570729 1 -0.0681165 -0.000260803 0.107165
FixedParameters: 0 0 0

#Transform 107
Transform: AffineTransform_float_3_3
Parameters: 0.999999 0.00121632 -0.000461598 -0.00121607 0.999999 0.000269202 0.000462252 -0.000268798 1 -0.0841462 0.0323954 0.128834
FixedParameters: 0 0 0

#Transform 108
Transform: AffineTransform_float_3_3
Parameters: 0.999998 0.00149106 -0.000684509 -0.00149147 0.999999 -0.000299339 0.000683615 0.00030066 1 -0.069044 0.083579 0.0308795
FixedParameters: 0 0 0

#Transform 109
Transform: AffineTransform_float_3_3
Parameters: 0.999998 0.00149232 -0.00079152 -0.00149279 0.999998 -0.000299026 0.000790626 0.000299973 1 -0.0841535 0.0545648 0.0619859
FixedParameters: 0 0 0

#Transform 110
Transform: AffineTransform_float_3_3
Parameters: 0.999999 0.00168125 -0.000720187 -0.00168127 0.999999 -9.50853e-06 0.000720154 1.04914e-05 1 -0.128522 0.0172358 0.18018
FixedParameters: 0 0 0

#Transform 111
Transform: AffineTransform_float_3_3
Parameters: 0.999997 0.00253805 -0.000762193 -0.00253819 0.999997 -0.000343658 0.000761365 0.000345342 1 -0.127833 0.0469105 0.135687
FixedParameters: 0 0 0

#Transform 112
Transform: AffineTransform_float_3_3
Parameters: 0.999996 0.00264943 -0.00113936 -0.00264988 0.999996 -0.000542422 0.00113831 0.000545579 0.999999 -0.123866 0.0812772 0.0272674
FixedParameters: 0 0 0

#Transform 113
Transform: AffineTransform_float_3_3
Parameters: 0.999996 0.00247258 -0.000916334 -0.00247315 0.999997 -0.000521174 0.000914673 0.000522825 1 -0.126338 0.0636383 0.0661788
FixedParameters: 0 0 0

#Transform 114
Transform: AffineTransform_float_3_3
Parameters: 0.999996 0.00241632 -0.0010487 -0.00241648 0.999997 -7.35451e-05 0.00104833 7.64543e-05 0.999999 -0.125115 0.0132841 0.130272
FixedParameters: 0 0 0

#Transform 115
Transform: AffineTransform_float_3_3
Parameters: 0.999997 0.00244967 -0.00110063 -0.00245008 0.999997 -0.000361743 0.00109977 0.000364257 0.999999 -0.124437 0.0191007 0.117865
FixedParameters: 0 0 0

#Transform 116
Transform: AffineTransform_float_3_3
Parameters: 0.999995 0.00269742 -0.00155032 -0.00269876 0.999996 -0.000683465 0.00154847 0.000687534 0.999998 -0.119529 0.0992144 0.0653468
FixedParameters: 0 0 0

#Transform 117
Transform: AffineTransform_float_3_3
Parameters: 0.999996 0.00248069 -0.00145719 -0.00248139 0.999997 -0.000373672 0.00145625 0.000377328 0.999999 -0.12071 0.0602014 0.114058
FixedParameters: 0 0 0

#Transform 118
Transform: AffineTransform_float_3_3
Parameters: 0.999996 0.00251099 -0.00131953 -0.00251108 0.999997 -0.000181126 0.00131953 0.000184875 0.999999 -0.132748 0.0219337 0.171004
FixedParameters: 0 0 0

#Transform 119
Transform: AffineTransform_float_3_3
Parameters: 0.999997 0.00239446 -0.000847016 -0.0023948 0.999997 -0.000430204 0.00084587 0.000432795 0.999999 -0.127145 0.0562385 0.134372
FixedParameters: 0 0 0

#Transform 120
Transform: AffineTransform_float_3_3
Parameters: 0.999995 0.00254961 -0.00143784 -0.00255113 0.999997 -0.000798981 0.0014356 0.000802018 0.999998 -0.120871 0.104879 0.0875978
FixedParameters: 0 0 0

#Transform 121
Transform: AffineTransform_float_3_3
Parameters: 0.999997 0.00227803 -0.00112077 -0.00227952 0.999997 -0.00101438 0.00111798 0.00101662 1 -0.124236 0.085939 0.0955613
FixedParameters: 0 0 0

#Transform 122
Transform: AffineTransform_float_3_3
Parameters: 0.999997 0.00239007 -0.0011284 -0.00239077 0.999998 -0.000309742 0.00112691 0.000312256 0.999999 -0.124267 0.0313865 0.181681
FixedParameters: 0 0 0

#Transform 123
Transform: AffineTransform_float_3_3
Parameters: 0.999998 0.00180464 -0.000928305 -0.00180459 0.999998 -0.000680892 0.000926375 0.000682106 0.999999 -0.11169 0.059365 0.151117
FixedParameters: 0 0 0

#Transform 124
Transform: AffineTransform_float_3_3
Parameters: 0.999997 0.00229796 -0.00107401 -0.00229905 0.999997 -0.000687612 0.00107176 0.000690386 0.999999 -0.0978721 0.115155 0.063641
FixedParameters: 0 0 0

#Transform 125
Transform: AffineTransform_float_3_3
Parameters: 0.999997 0.00206117 -0.000608541 -0.00206123 0.999997 -0.000375466 0.000607912 0.000376534 1 -0.0969275 0.0699677 0.0831496
FixedParameters: 0 0 0

#Transform 126
Transform: AffineTransform_float_3_3
Parameters: 0.999998 0.00191303 -0.000639844 -0.0019131 0.999998 0.000249353 0.000639874 -0.000247648 0.999999 -0.108713 0.0276115 0.138177
FixedParameters: 0 0 0

#Transform 127
Transform: AffineTransform_float_3_3
Parameters: 0.999998 0.00198025 -0.000476351 -0.00198052 0.999998 0.000131072 0.000475947 -0.00012993 1 -0.110339 0.039874 0.12439
FixedParameters: 0 0 0

#Transform 128
Transform: AffineTransform_float_3_3
Parameters: 0.999998 0.00187835 -0.000757481 -0.00187821 0.999998 -0.000164297 0.000757782 0.000165704 1 -0.0902338 0.093433 0.0590504
FixedParameters: 0 0 0

#Transform 129
Transform: AffineTransform_float_3_3
Parameters: 0.999998 0.00193355 -0.000527729 -0.00193369 0.999998 -0.000140699 0.000527183 0.0001413 1 -0.0988431 0.067465 0.0875001
FixedParameters: 0 0 0

#Transform 130
Transform: AffineTransform_float_3_3
Parameters: 0.999997 0.0020309 -0.000648534 -0.00203034 0.999998 0.000734087 0.000650592 -0.000732912 0.999999 -0.108569 0.0190643 0.114183
FixedParameters: 0 0 0

#Transform 131
Transform: AffineTransform_float_3_3
Parameters: 0.999998 0.00184735 -0.000574257 -0.00184702 0.999998 0.000630342 0.000575664 -0.000629657 1 -0.10933 0.0355971 0.147644
FixedParameters: 0 0 0

#Transform 132
Transform: AffineTransform_float_3_3
Parameters: 0.999997 0.00238558 -0.000675816 -0.00238556 0.999997 1.15332e-05 0.000675869 -1.04667e-05 1 -0.108 0.0994661 0.0340502
FixedParameters: 0 0 0

#Transform 133
Transform: AffineTransform_float_3_3
Parameters: 0.999996 0.0026971 -0.000937318 -0.00269681 0.999996 0.000363938 0.000938353 -0.000361062 0.999999 -0.107821 0.0928907 0.0537291
FixedParameters: 0 0 0

#Transform 134
Transform: AffineTransform_float_3_3
Parameters: 0.999998 0.00213812 -0.000810822 -0.00213775 0.999998 0.000465656 0.00081189 -0.000464344 1 -0.106893 0.0184698 0.131682
FixedParameters: 0 0 0

#Transform 135
Transform: AffineTransform_float_3_3
Parameters: 0.999998 0.00219257 -0.000643971 -0.00219244 0.999998 0.000409181 0.000644842 -0.000407819 1 -0.108572 0.0368671 0.0888221
FixedParameters: 0 0 0

#Transform 136
Transform: AffineTransform_float_3_3
Parameters: 0.999996 0.0026353 -0.00115729 -0.00263539 0.999996 -0.00020739 0.00115711 0.000210611 0.999999 -0.102984 0.0834187 0.0295809
FixedParameters: 0 0 0

#Transform 137
Transform: AffineTransform_float_3_3
Parameters: 0.999996 0.0025296 -0.00114274 -0.00252919 0.999997 0.000181452 0.00114365 -0.000178546 0.999999 -0.103275 0.0473623 0.0887854
FixedParameters: 0 0 0

#Transform 138
Transform: AffineTransform_float_3_3
Parameters: 0.999998 0.00213967 -0.000907079 -0.00213923 0.999998 0.000458863 0.000908119 -0.000457137 0.999999 -0.110973 0.0277784 0.160583
FixedParameters: 0 0 0

#Transform 139
Transform: AffineTransform_float_3_3
Parameters: 0.999997 0.0019421 -0.000855575 -0.00194146 0.999998 0.000603943 0.000856996 -0.000602056 0.999999 -0.106583 0.0421141 0.153938
FixedParameters: 0 0 0

#Transform 140
Transform: AffineTransform_float_3_3
Parameters: 0.999995 0.00272067 -0.00124282 -0.00272065 0.999996 1.09426e-05 0.00124287 -7.05727e-06 0.999999 -0.108356 0.101835 0.0619799
FixedParameters: 0 0 0

#Transform 141
Transform: AffineTransform_float_3_3
Parameters: 0.999994 0.00305129 -0.00110357 -0.00305112 0.999995 0.000431571 0.00110435 -0.000428431 0.999999 -0.117459 0.0698925 0.164312
FixedParameters: 0 0 0

#Transform 142
Transform: AffineTransform_float_3_3
Parameters: 0.999995 0.00265941 -0.00138754 -0.00265936 0.999996 0.000630047 0.00138943 -0.000626954 0.999999 -0.131235 0.0382993 0.214192
FixedParameters: 0 0 0

#Transform 143
Transform: AffineTransform_float_3_3
Parameters: 0.999996 0.00258593 -0.00156058 -0.00258593 0.999997 0.000298544 0.0015625 -0.000295454 0.999999 -0.131185 0.0782442 0.162465
FixedParameters: 0 0 0

#Transform 144
Transform: AffineTransform_float_3_3
Parameters: 0.999996 0.0025992 -0.00152877 -0.00259987 0.999997 -0.000217672 0.00152763 0.000221326 0.999999 -0.128081 0.135499 0.085315
FixedParameters: 0 0 0

#Transform 145
Transform: AffineTransform_float_3_3
Parameters: 0.999996 0.00258975 -0.00155152 -0.002589 0.999996 0.000241732 0.00155276 -0.000237266 0.999999 -0.124212 0.0649972 0.263517
FixedParameters: 0 0 0

#Transform 146
Transform: AffineTransform_float_3_3
Parameters: 0.999996 0.00258639 -0.00155927 -0.00258611 0.999997 9.25399e-05 0.00155974 -8.94594e-05 0.999999 -0.127865 0.0893557 0.227674
FixedParameters: 0 0 0

#Transform 147
Transform: AffineTransform_float_3_3
Parameters: 0.999995 0.00281255 -0.00102651 -0.00281281 0.999997 -0.000318065 0.00102563 0.000320935 0.999999 -0.121491 0.142207 0.107669
FixedParameters: 0 0 0

#Transform 148
Transform: AffineTransform_float_3_3
Parameters: 0.999995 0.00300743 -0.00114831 -0.0030077 0.999995 -0.000287346 0.00114749 0.000290654 0.999999 -0.131141 0.125618 0.114886
FixedParameters: 0 0 0

#Transform 149
Transform: AffineTransform_float_3_3
Parameters: 0.999994 0.00295151 -0.00151296 -0.002951 0.999995 0.00016982 0.00151395 -0.000165178 0.999999 -0.12284 0.0592318 0.212191
FixedParameters: 0 0 0

#Transform 150
Transform: AffineTransform_float_3_3
Parameters: 0.999996 0.00269377 -0.00140356 -0.00269326 0.999997 0.000186135 0.00140455 -0.000182863 0.999999 -0.14118 0.0672799 0.266013
FixedParameters: 0 0 0

#Transform 151
Transform: AffineTransform_float_3_3
Parameters: 0.999996 0.00246321 -0.0013067 -0.00246317 0.999997 -0.000132068 0.00130696 0.000134934 0.999999 -0.141128 0.109452 0.232987
FixedParameters: 0 0 0

#Transform 152
Transform: AffineTransform_float_3_3
Parameters: 0.999996 0.00234743 -0.00157895 -0.0023475 0.999997 -0.000437428 0.00157742 0.000440571 0.999999 -0.125895 0.154305 0.121364
FixedParameters: 0 0 0

#Transform 153
Transform: AffineTransform_float_3_3
Parameters: 0.999996 0.00266645 -0.00139344 -0.0026668 0.999997 -0.000265931 0.00139293 0.00026907 0.999999 -0.122337 0.136792 0.150443
FixedParameters: 0 0 0

#Transform 154
Transform: AffineTransform_float_3_3
Parameters: 0.999995 0.00278613 -0.00144203 -0.00278539 0.999996 0.000394373 0.0014433 -0.000390626 0.999999 -0.142077 0.0841274 0.262394
FixedParameters: 0 0 0

#Transform 155
Transform: AffineTransform_float_3_3
Parameters: 0.999995 0.00287751 -0.0014824 -0.00287772 0.999996 -6.85327e-05 0.00148199 7.34665e-05 0.999999 -0.145928 0.111159 0.195375
FixedParameters: 0 0 0

#Transform 156
Transform: AffineTransform_float_3_3
Parameters: 0.999995 0.0029084 -0.00140964 -0.00290817 0.999996 -5.26991e-05 0.00141024 5.73035e-05 0.999999 -0.122052 0.149954 0.085457
FixedParameters: 0 0 0

#Transform 157
Transform: AffineTransform_float_3_3
Parameters: 0.999995 0.00287914 -0.00147924 -0.00287726 0.999996 0.00103062 0.0014824 -0.00102638 0.999999 -0.121694 0.0947372 0.228467
FixedParameters: 0 0 0

#Transform 158
Transform: AffineTransform_float_3_3
Parameters: 0.999994 0.00258009 -0.00201223 -0.00257901 0.999996 0.000270851 0.00201362 -0.000266146 0.999998 -0.130474 0.0788056 0.227846
FixedParameters: 0 0 0

#Transform 159
Transform: AffineTransform_float_3_3
Parameters: 0.999994 0.0025786 -0.00201257 -0.00257866 0.999997 -1.21507e-05 0.0020125 1.68492e-05 0.999998 -0.116043 0.130219 0.163371
FixedParameters: 0 0 0

#Transform 160
Transform: AffineTransform_float_3_3
Parameters: 0.999995 0.00252653 -0.00149236 -0.00252771 0.999996 -0.000523516 0.00149062 0.000527482 0.999998 -0.117809 0.148648 0.138578
FixedParameters: 0 0 0

#Transform 161
Transform: AffineTransform_float_3_3
Parameters: 0.999995 0.00244138 -0.00195443 -0.00244118 0.999997 -4.55694e-05 0.00195512 4.94331e-05 0.999998 -0.108539 0.0887765 0.187234
FixedParameters: 0 0 0

#Transform 162
Transform: AffineTransform_float_3_3
Parameters: 0.999996 0.00219013 -0.0019079 -0.00218972 0.999997 0.000553559 0.00190886 -0.000549443 0.999999 -0.117512 0.0622698 0.281584
FixedParameters: 0 0 0

#Transform 163
Transform: AffineTransform_float_3_3
Parameters: 0.999996 0.00227833 -0.00172961 -0.0022782 0.999997 3.88072e-05 0.00172978 -3.51925e-05 0.999998 -0.110186 0.110648 0.199939
FixedParameters: 0 0 0

#Transform 164
Transform: AffineTransform_float_3_3
Parameters: 0.999996 0.0022922 -0.00170118 -0.00229341 0.999997 -0.000470234 0.00169993 0.000473765 0.999998 -0.119165 0.161592 0.158417
FixedParameters: 0 0 0

#Transform 165
Transform: AffineTransform_float_3_3
Parameters: 0.999996 0.00229353 -0.00169938 -0.00229378 0.999998 0.000314613 0.00170028 -0.000310388 0.999998 -0.119465 0.0846019 0.236851
FixedParameters: 0 0 0

#Transform 166
Transform: AffineTransform_float_3_3
Parameters: 0.999998 0.00148952 -0.00135746 -0.00148875 0.999999 0.000764816 0.0013592 -0.000762184 0.999999 -0.109421 0.0708555 0.291826
FixedParameters: 0 0 0

#Transform 167
Transform: AffineTransform_float_3_3
Parameters: 0.999996 0.00200741 -0.00157771 -0.00200735 0.999998 0.000433242 0.00157891 -0.000429758 0.999998 -0.117945 0.0968963 0.243329
FixedParameters: 0 0 0

#Transform 168
Transform: AffineTransform_float_3_3
Parameters: 0.999995 0.00227929 -0.00187286 -0.00227981 0.999997 -0.000136864 0.00187223 0.000141135 0.999998 -0.117528 0.139436 0.143892
FixedParameters: 0 0 0

#Transform 169
Transform: AffineTransform_float_3_3
Parameters: 0.999996 0.00234499 -0.00171973 -0.00234397 0.999997 0.000795108 0.00172199 -0.000789892 0.999998 -0.119333 0.0605693 0.215911
FixedParameters: 0 0 0

#Transform 170
Transform: AffineTransform_float_3_3
Parameters: 0.999998 0.00184037 -0.000916306 -0.0018397 0.999998 0.000792967 0.000917379 -0.000791032 0.999999 -0.127979 0.048712 0.292198
FixedParameters: 0 0 0

#Transform 171
Transform: AffineTransform_float_3_3
Parameters: 0.999998 0.00180448 -0.00100082 -0.00180408 0.999998 0.000396087 0.00100132 -0.000393913 0.999999 -0.0985778 0.101775 0.215157
FixedParameters: 0 0 0

#Transform 172
Transform: AffineTransform_float_3_3
Parameters: 0.999999 0.00143163 -0.0010063 -0.00143154 0.999999 4.60809e-05 0.00100643 -4.39189e-05 0.999999 -0.0727318 0.128952 0.156069
FixedParameters: 0 0 0

#Transform 173
Transform: AffineTransform_float_3_3
Parameters: 0.999998 0.001556 -0.000577445 -0.00155578 0.999999 0.00086718 0.000578302 -0.000866821 0.999999 -0.0799793 0.0668143 0.237785
FixedParameters: 0 0 0

#Transform 174
Transform: AffineTransform_float_3_3
Parameters: 0.999999 0.00129238 -0.000879471 -0.00129115 0.999999 0.000924417 0.000880938 -0.000923582 0.999999 -0.0798984 0.0624653 0.231993
FixedParameters: 0 0 0

#Transform 175
Transform: AffineTransform_float_3_3
Parameters: 0.999998 0.0015282 -0.000694366 -0.0015278 0.999999 0.000564342 0.00069517 -0.000563658 1 -0.0721457 0.117358 0.125655
FixedParameters: 0 0 0

#Transform 176
Transform: AffineTransform_float_3_3
Parameters: 0.999999 0.0016183 -0.000799581 -0.00161754 0.999999 0.000723575 0.000801 -0.000722424 0.999999 -0.0676223 0.0539738 0.193348
FixedParameters: 0 0 0

#Transform 177
Transform: AffineTransform_float_3_3
Parameters: 0.999999 0.00136353 -0.000690969 -0.00136235 0.999998 0.00113674 0.000693147 -0.00113626 1 -0.0657068 0.0503171 0.233515
FixedParameters: 0 0 0

#Transform 178
Transform: AffineTransform_float_3_3
Parameters: 0.999999 0.00165388 -0.00040551 -0.00165381 0.999999 0.000563952 0.000406455 -0.000564048 1 -0.057521 0.104166 0.1226
FixedParameters: 0 0 0

#Transform 179
Transform: AffineTransform_float_3_3
Parameters: 0.999998 0.00160308 -0.000330436 -0.00160337 0.999999 0.000751812 0.000331007 -0.00075219 1 -0.0598186 0.0951825 0.147542
FixedParameters: 0 0 0

#Transform 180
Transform: AffineTransform_float_3_3
Parameters: 0.999998 0.00157889 -0.000456238 -0.00157841 0.999997 0.00181021 0.00045919 -0.00180879 0.999998 -0.0701348 0.0465002 0.224738
FixedParameters: 0 0 0

#Transform 181
Transform: AffineTransform_float_3_3
Parameters: 0.999998 0.00153653 -0.000569613 -0.0015362 0.999998 0.000635516 0.000570643 -0.000634483 0.999999 -0.0645816 0.101374 0.12368
FixedParameters: 0 0 0

#Transform 182
Transform: AffineTransform_float_3_3
Parameters: 0.999998 0.00167163 -0.000250348 -0.00167188 0.999998 0.00104491 0.000251999 -0.00104409 1 -0.062898 0.109452 0.114765
FixedParameters: 0 0 0

#Transform 183
Transform: AffineTransform_float_3_3
Parameters: 0.999998 0.00156198 -0.000663362 -0.00156105 0.999998 0.00158232 0.000665541 -0.00158168 0.999998 -0.0633406 0.0416238 0.178057
FixedParameters: 0 0 0

#Transform 184
Transform: AffineTransform_float_3_3
Parameters: 0.999999 0.00161782 -0.000800825 -0.00161646 0.999998 0.00109294 0.000803436 -0.00109106 0.999999 -0.0700737 0.0688617 0.179488
FixedParameters: 0 0 0

#Transform 185
Transform: AffineTransform_float_3_3
Parameters: 0.999998 0.00179363 -0.000736918 -0.00179289 0.999998 0.000769603 0.000738755 -0.000768395 0.999999 -0.0636211 0.104222 0.0955295
FixedParameters: 0 0 0

#Transform 186
Transform: AffineTransform_float_3_3
Parameters: 0.999999 0.00158803 -0.000737741 -0.00158724 0.999999 0.000799453 0.000739358 -0.000798546 0.999999 -0.0744841 0.0904781 0.123075
FixedParameters: 0 0 0

#Transform 187
Transform: AffineTransform_float_3_3
Parameters: 0.999999 0.00173506 -0.000639167 -0.00173444 0.999998 0.00140139 0.000641266 -0.00140061 0.999999 -0.0800861 0.0407303 0.197203
FixedParameters: 0 0 0

#Transform 188
Transform: AffineTransform_float_3_3
Parameters: 0.999998 0.00180793 -0.000733887 -0.00180655 0.999997 0.00146961 0.000737356 -0.00146839 0.999999 -0.0719651 0.0689293 0.183281
FixedParameters: 0 0 0

#Transform 189
Transform: AffineTransform_float_3_3
Parameters: 0.999998 0.0021438 -0.000876801 -0.00214265 0.999997 0.00110116 0.000879675 -0.00109884 0.999999 -0.0852587 0.118569 0.110611
FixedParameters: 0 0 0

#Transform 190
Transform: AffineTransform_float_3_3
Parameters: 0.999997 0.00235743 -0.000392101 -0.0023566 0.999996 0.0013737 0.000395423 -0.0013733 0.999999 -0.0903846 0.0760568 0.181457
FixedParameters: 0 0 0

#Transform 191
Transform: AffineTransform_float_3_3
Parameters: 0.999997 0.00193629 -0.00103872 -0.00193477 0.999998 0.00110929 0.00104116 -0.00110671 0.999999 -0.0977582 0.0451604 0.243362
FixedParameters: 0 0 0

#Transform 192
Transform: AffineTransform_float_3_3
Parameters: 0.999997 0.00189641 -0.000960881 -0.00189584 0.999998 0.000703897 0.000961707 -0.000703104 0.999999 -0.0846592 0.0860535 0.162726
FixedParameters: 0 0 0

#Transform 193
Transform: AffineTransform_float_3_3
Parameters: 0.999997 0.00195024 -0.000920851 -0.00194992 0.999998 0.000174077 0.000921525 -0.000171922 0.999999 -0.0847981 0.128114 0.096481
FixedParameters: 0 0 0

#Transform 194
Transform: AffineTransform_float_3_3
Parameters: 0.999998 0.00183484 -0.000929331 -0.00183389 0.999998 0.000719986 0.000931048 -0.000718012 0.999999 -0.0849819 0.0744067 0.177145
FixedParameters: 0 0 0

