#Insight Transform File V1.0
#Transform 0
Transform: AffineTransform_float_3_3
Parameters: 1 2.15563e-05 5.05997e-05 -2.14241e-05 0.999999 -0.001306 -5.06558e-05 0.001306 0.999999 0.0242695 0.0979308 -0.21654
FixedParameters: 0 0 0

#Transform 1
Transform: AffineTransform_float_3_3
Parameters: 1 -7.71123e-05 -0.000181281 7.68356e-05 0.999999 -0.000763013 0.000181398 0.000762986 0.999999 0.0433534 0.075797 -0.155558
FixedParameters: 0 0 0

#Transform 2
Transform: AffineTransform_float_3_3
Parameters: 1 -0.000295801 -0.000143742 0.00029566 1 -0.000490042 0.000144032 0.000489957 1 0.0346941 -0.0532057 0.0371958
FixedParameters: 0 0 0

#Transform 3
Transform: AffineTransform_float_3_3
Parameters: 1 -0.000334234 2.1548e-05 0.000335187 0.999999 -0.000756992 -2.14319e-05 0.000757007 0.999999 0.0286452 -0.0115018 0.0922654
FixedParameters: 0 0 0

#Transform 4
Transform: AffineTransform_float_3_3
Parameters: 1 -0.000286174 -3.14104e-05 0.000286106 1 -0.00107401 3.2025e-05 0.00107399 1 0.0349814 0.154145 -0.211049
FixedParameters: 0 0 0

#Transform 5
Transform: AffineTransform_float_3_3
Parameters: 1 0.000252553 -0.000144548 -0.000252539 0.999999 -0.00130396 0.00014481 0.00130404 0.999999 0.0222146 0.195705 -0.251567
FixedParameters: 0 0 0

#Transform 6
Transform: AffineTransform_float_3_3
Parameters: 1 0.00023184 0.000136038 -0.000231517 1 -0.00118503 -0.000136587 0.00118497 1 -0.0124943 -0.0430529 -0.0210603
FixedParameters: 0 0 0

#Transform 7
Transform: AffineTransform_float_3_3
Parameters: 1 -4.58049e-05 -0.000107661 4.56261e-05 0.999999 -0.000830004 0.000107737 0.000829995 0.999999 -0.0122801 -0.0336656 0.120224
FixedParameters: 0 0 0

#Transform 8
Transform: AffineTransform_float_3_3
Parameters: 1 0.000122102 0.000287115 -0.000121714 1 -0.000676035 -0.00028728 0.000675965 0.999999 -0.00717111 0.0638516 0.00653478
FixedParameters: 0 0 0

#Transform 9
Transform: AffineTransform_float_3_3
Parameters: 1 0.000107428 -0.000173989 -0.000106887 1 -0.00109498 0.000173364 0.00109502 1 0.00722221 0.258311 -0.274646
FixedParameters: 0 0 0

#Transform 10
Transform: AffineTransform_float_3_3
Parameters: 1 -4.15796e-05 -0.000269177 4.13787e-05 1 -0.000373011 0.000269208 0.000372989 1 -0.000274282 0.0810069 -0.182931
FixedParameters: 0 0 0

#Transform 11
Transform: AffineTransform_float_3_3
Parameters: 1 -4.5997e-05 -0.000108666 4.62154e-05 0.999999 0.00100499 0.000108573 -0.001005 0.999999 -0.011899 -0.0651411 0.0234283
FixedParameters: 0 0 0

#Transform 12
Transform: AffineTransform_float_3_3
Parameters: 1 0.000115381 -0.000102001 -0.000115507 0.999999 0.00130101 0.000101381 -0.00130099 0.999999 -0.0217309 -0.0445735 0.102777
FixedParameters: 0 0 0

#Transform 13
Transform: AffineTransform_float_3_3
Parameters: 1 9.52379e-05 0.000224646 -9.54387e-05 1 0.000446978 -0.000224561 -0.000447021 1 -0.00957779 0.113796 -0.0632962
FixedParameters: 0 0 0

#Transform 14
Transform: AffineTransform_float_3_3
Parameters: 1 0.000145722 4.89309e-05 -0.000145704 1 -0.000182007 -4.8984e-05 0.000181993 1 0.00882424 0.263836 -0.228736
FixedParameters: 0 0 0

#Transform 15
Transform: AffineTransform_float_3_3
Parameters: 1 4.14232e-05 9.75711e-05 -4.14117e-05 1 -5.9004e-05 -9.7576e-05 5.8996e-05 1 0.0155577 0.0423092 -0.0909703
FixedParameters: 0 0 0

#Transform 16
Transform: AffineTransform_float_3_3
Parameters: 1 5.11496e-05 0.000120601 -5.12219e-05 1 0.000299994 -0.000120571 -0.000300006 1 -0.000689158 -0.0439743 0.0444978
FixedParameters: 0 0 0

#Transform 17
Transform: AffineTransform_float_3_3
Parameters: 1 0.000117409 9.25208e-05 -0.000117515 1 0.000572989 -9.23862e-05 -0.000573011 1 -0.00610097 -0.0125401 0.106426
FixedParameters: 0 0 0

#Transform 18
Transform: AffineTransform_float_3_3
Parameters: 1 5.11654e-05 0.000120595 -5.12061e-05 1 0.000168994 -0.000120577 -0.000169006 1 0.00267855 0.127656 -0.0722648
FixedParameters: 0 0 0

#Transform 19
Transform: AffineTransform_float_3_3
Parameters: 1 5.12509e-05 0.000120558 -5.11206e-05 1 -0.000540006 -0.000120614 0.000539994 1 0.0153776 0.214502 -0.216822
FixedParameters: 0 0 0

#Transform 20
Transform: AffineTransform_float_3_3
Parameters: 1 -0.000178348 7.89054e-05 0.000178696 1 0.000273014 -7.80823e-05 -0.000272986 1 0.0106374 -0.0149754 0.0135409
FixedParameters: 0 0 0

#Transform 21
Transform: AffineTransform_float_3_3
Parameters: 1 -0.000299577 1.85063e-05 0.000299575 1 6.70055e-05 -1.85464e-05 -6.69944e-05 1 0.0136909 -0.0300924 0.160008
FixedParameters: 0 0 0

#Transform 22
Transform: AffineTransform_float_3_3
Parameters: 1 -0.000103103 -3.54924e-05 0.000103065 1 -0.000536003 3.56029e-05 0.000535996 1 0.017002 0.14288 -0.0817356
FixedParameters: 0 0 0

#Transform 23
Transform: AffineTransform_float_3_3
Parameters: 1 -7.49898e-05 5.36333e-05 7.50718e-05 0.999999 -0.000764996 -5.35185e-05 0.000765004 0.999999 0.0245027 0.237133 -0.240978
FixedParameters: 0 0 0

#Transform 24
Transform: AffineTransform_float_3_3
Parameters: 1 -0.000268605 2.4984e-05 0.000268614 1 -0.000176993 -2.48889e-05 0.000177007 1 0.0161675 -0.00165353 -0.0516855
FixedParameters: 0 0 0

#Transform 25
Transform: AffineTransform_float_3_3
Parameters: 1 -0.000333262 -0.000211513 0.00033402 1 -0.000383071 0.000211378 0.00038293 1 0.00999876 -0.0559221 0.169976
FixedParameters: 0 0 0

#Transform 26
Transform: AffineTransform_float_3_3
Parameters: 1 -0.000106156 -0.000308034 0.000106396 1 -0.00110503 0.000307878 0.00110497 1 0.0119124 0.0447292 0.128472
FixedParameters: 0 0 0

#Transform 27
Transform: AffineTransform_float_3_3
Parameters: 1 -0.000245888 -0.000163682 0.000246297 0.999998 -0.00156304 0.000164061 0.00156296 0.999999 0.0124582 0.259448 -0.258961
FixedParameters: 0 0 0

#Transform 28
Transform: AffineTransform_float_3_3
Parameters: 1 -0.00024978 -0.000246827 0.00024997 0.999999 -0.00148006 0.000247176 0.00147994 0.999999 0.018165 0.178608 -0.226702
FixedParameters: 0 0 0

#Transform 29
Transform: AffineTransform_float_3_3
Parameters: 1 -0.00049992 -0.000140463 0.000499273 0.999999 -0.000910069 0.000140452 0.000909929 0.999999 0.0191967 -0.020737 -0.0673097
FixedParameters: 0 0 0

#Transform 30
Transform: AffineTransform_float_3_3
Parameters: 1 -0.000499881 -0.000140603 0.000499703 0.999999 -0.00063107 0.000141233 0.000630929 1 -0.00130506 -0.0426563 0.143307
FixedParameters: 0 0 0

#Transform 31
Transform: AffineTransform_float_3_3
Parameters: 1 -0.000423388 -0.000445807 0.000422551 0.999999 -0.000937829 0.0004466 0.000938171 1 -0.00169381 0.0566368 0.157704
FixedParameters: 0 0 0

#Transform 32
Transform: AffineTransform_float_3_3
Parameters: 1 -0.000294777 -0.000227718 0.000295183 1 -0.00112907 0.000227994 0.00112893 1 0.00686696 0.252868 -0.222302
FixedParameters: 0 0 0

#Transform 33
Transform: AffineTransform_float_3_3
Parameters: 1 -0.000374543 -0.00027752 0.000374082 0.999999 -0.000830103 0.000278141 0.000829895 0.999999 0.0119687 0.176301 -0.208908
FixedParameters: 0 0 0

#Transform 34
Transform: AffineTransform_float_3_3
Parameters: 1 -0.000379301 -0.000191916 0.00037911 1 -0.000496073 0.000192292 0.000495927 1 0.00704003 -0.0283589 -0.0278396
FixedParameters: 0 0 0

#Transform 35
Transform: AffineTransform_float_3_3
Parameters: 1 -0.0005236 -0.000452226 0.000524116 1 -0.000448237 0.000452304 0.000447763 1 -0.00487291 -0.0445606 0.167146
FixedParameters: 0 0 0

#Transform 36
Transform: AffineTransform_float_3_3
Parameters: 1 -0.000415554 -0.000483971 0.00041581 0.999999 -0.000686201 0.00048415 0.000685798 0.999999 -0.00568108 0.0263443 0.186932
FixedParameters: 0 0 0

#Transform 37
Transform: AffineTransform_float_3_3
Parameters: 1 -0.000263376 -0.000373709 0.000262284 0.999999 -0.000937738 0.000373281 0.000938261 1 -0.00519764 0.0904712 0.142918
FixedParameters: 0 0 0

#Transform 38
Transform: AffineTransform_float_3_3
Parameters: 0.999999 -0.000458206 -0.000713517 0.00045744 0.999999 -0.00118133 0.000714208 0.00118067 0.999999 0.00193729 0.236182 -0.0664398
FixedParameters: 0 0 0

#Transform 39
Transform: AffineTransform_float_3_3
Parameters: 0.999999 -0.000253174 -0.000694311 0.000251746 1 -0.00102818 0.00069483 0.00102783 0.999999 0.00394038 0.119361 -0.00753202
FixedParameters: 0 0 0

#Transform 40
Transform: AffineTransform_float_3_3
Parameters: 0.999999 -0.000661563 -0.000520579 0.000660764 0.999999 -0.000766985 0.000521594 0.000767015 1 -0.00231638 0.00544205 0.124943
FixedParameters: 0 0 0

#Transform 41
Transform: AffineTransform_float_3_3
Parameters: 1 -0.000422057 -0.000320369 0.000422521 0.999999 -0.000713135 0.00032058 0.000712864 0.999999 -0.00136097 0.0193934 0.180877
FixedParameters: 0 0 0

#Transform 42
Transform: AffineTransform_float_3_3
Parameters: 0.999999 -0.000498846 -0.000589729 0.000498543 1 -0.00103729 0.000590372 0.00103671 1 0.00801664 0.135178 0.0166936
FixedParameters: 0 0 0

#Transform 43
Transform: AffineTransform_float_3_3
Parameters: 0.999999 -0.000661865 -0.000520196 0.000661383 0.999999 -0.0013465 0.000521587 0.0013465 0.999999 0.0128559 0.245955 -0.148142
FixedParameters: 0 0 0

#Transform 44
Transform: AffineTransform_float_3_3
Parameters: 0.999999 -0.000637695 -0.000744711 0.00063699 1 -0.00109063 0.00074571 0.00109037 0.999999 0.0155483 0.0359522 0.00132985
FixedParameters: 0 0 0

#Transform 45
Transform: AffineTransform_float_3_3
Parameters: 1 -0.000760301 -0.000751058 0.000758704 0.999998 -0.00141557 0.000751896 0.00141443 0.999998 0.00393306 0.00985264 0.178424
FixedParameters: 0 0 0

#Transform 46
Transform: AffineTransform_float_3_3
Parameters: 0.999999 -0.000739427 -0.00101962 0.000737142 0.999998 -0.00183175 0.00102062 0.00183025 0.999998 0.00733267 0.0237413 0.240959
FixedParameters: 0 0 0

#Transform 47
Transform: AffineTransform_float_3_3
Parameters: 1 -0.000447052 -0.000971497 0.000444481 0.999999 -0.00179643 0.000972707 0.00179557 0.999998 0.0114524 0.224328 -0.0673332
FixedParameters: 0 0 0

#Transform 48
Transform: AffineTransform_float_3_3
Parameters: 1 -0.00066989 -0.0009591 0.000668567 0.999998 -0.00164828 0.000960525 0.00164772 0.999998 0.0152891 0.224621 -0.129
FixedParameters: 0 0 0

#Transform 49
Transform: AffineTransform_float_3_3
Parameters: 0.999999 -0.000805452 -0.0010612 0.000803446 0.999999 -0.00137765 0.00106302 0.00137735 0.999998 0.0080517 0.0107726 0.0320882
FixedParameters: 0 0 0

#Transform 50
Transform: AffineTransform_float_3_3
Parameters: 1 -0.000821843 -0.000894216 0.00081999 0.999998 -0.00184673 0.000895545 0.00184527 0.999998 0.0162868 0.00917605 0.158325
FixedParameters: 0 0 0

#Transform 51
Transform: AffineTransform_float_3_3
Parameters: 1 -0.000822074 -0.000894005 0.000819759 0.999997 -0.00210437 0.000895757 0.00210362 0.999998 0.0114921 0.0393434 0.221914
FixedParameters: 0 0 0

#Transform 52
Transform: AffineTransform_float_3_3
Parameters: 0.999999 -0.000900059 -0.0010759 0.000897425 0.999997 -0.00232376 0.00107799 0.00232324 0.999997 0.0192682 0.247718 -0.0473775
FixedParameters: 0 0 0

#Transform 53
Transform: AffineTransform_float_3_3
Parameters: 0.999999 -0.000897888 -0.00107148 0.000895154 0.999997 -0.0021326 0.00107452 0.0021314 0.999997 0.0226162 0.18913 -0.00698576
FixedParameters: 0 0 0

#Transform 54
Transform: AffineTransform_float_3_3
Parameters: 0.999998 -0.000985919 -0.00127988 0.000983346 0.999998 -0.00157154 0.00128127 0.00157046 0.999999 0.0127081 -0.00117891 0.165762
FixedParameters: 0 0 0

#Transform 55
Transform: AffineTransform_float_3_3
Parameters: 0.999998 -0.000985571 -0.00128014 0.000983695 0.999999 -0.00129905 0.001281 0.00129795 0.999998 0.0168233 0.0140495 0.245978
FixedParameters: 0 0 0

#Transform 56
Transform: AffineTransform_float_3_3
Parameters: 0.999999 -0.000906481 -0.00109299 0.000904148 0.999998 -0.00172978 0.00109442 0.00172921 0.999997 0.0197415 0.197932 -0.010911
FixedParameters: 0 0 0

#Transform 57
Transform: AffineTransform_float_3_3
Parameters: 0.999999 -0.000859304 -0.000982702 0.000857939 0.999998 -0.00162964 0.000984718 0.00162936 0.999998 0.020454 0.252206 -0.0872021
FixedParameters: 0 0 0

#Transform 58
Transform: AffineTransform_float_3_3
Parameters: 0.999998 -0.000985537 -0.00128017 0.000983727 0.999999 -0.0012739 0.00128097 0.0012721 0.999999 0.0168758 0.0234784 0.127542
FixedParameters: 0 0 0

#Transform 59
Transform: AffineTransform_float_3_3
Parameters: 0.999998 -0.000985306 -0.00128035 0.000983038 0.999999 -0.0010929 0.00128119 0.0010911 0.999999 0.0129606 -0.00163618 0.292893
FixedParameters: 0 0 0

#Transform 60
Transform: AffineTransform_float_3_3
Parameters: 0.999998 -0.000984872 -0.00128068 0.000983473 0.999999 -0.000753541 0.00128085 0.000752459 0.999999 0.00659943 0.0862419 0.24275
FixedParameters: 0 0 0

#Transform 61
Transform: AffineTransform_float_3_3
Parameters: 0.999998 -0.000881137 -0.00132453 0.000879176 0.999998 -0.0016346 0.00132531 0.0016344 0.999998 0.00968617 0.284916 -0.0736684
FixedParameters: 0 0 0

#Transform 62
Transform: AffineTransform_float_3_3
Parameters: 0.999998 -0.000985361 -0.00128031 0.000982985 0.999999 -0.00113505 0.00128123 0.00113395 0.999999 0.0147442 0.152413 0.0126282
FixedParameters: 0 0 0

#Transform 63
Transform: AffineTransform_float_3_3
Parameters: 0.999998 -0.000985238 -0.0012804 0.000983108 0.999999 -0.00103905 0.00128113 0.00103795 0.999999 0.00888471 -0.00574198 0.229655
FixedParameters: 0 0 0

#Transform 64
Transform: AffineTransform_float_3_3
Parameters: 0.999998 -0.00102787 -0.00137953 0.00102618 0.999999 -0.00127721 0.00138137 0.00127579 0.999998 0.00998938 0.0218932 0.333298
FixedParameters: 0 0 0

#Transform 65
Transform: AffineTransform_float_3_3
Parameters: 0.999998 -0.000985981 -0.00127983 0.000983286 0.999998 -0.00161869 0.00128132 0.00161831 0.999998 -0.00453314 0.156828 0.149185
FixedParameters: 0 0 0

#Transform 66
Transform: AffineTransform_float_3_3
Parameters: 0.999998 -0.000986657 -0.00127931 0.000983528 0.999997 -0.00214854 0.00128145 0.00214746 0.999997 0.00141753 0.32679 -0.101234
FixedParameters: 0 0 0

#Transform 67
Transform: AffineTransform_float_3_3
Parameters: 0.999998 -0.00098591 -0.00127988 0.000983355 0.999998 -0.00156454 0.00128126 0.00156346 0.999999 0.00231539 0.157177 -0.0239546
FixedParameters: 0 0 0

#Transform 68
Transform: AffineTransform_float_3_3
Parameters: 0.999999 -0.00095168 -0.00120117 0.000949459 0.999999 -0.00114578 0.00120204 0.00114422 0.999999 0.00139142 -0.0336941 0.106859
FixedParameters: 0 0 0

#Transform 69
Transform: AffineTransform_float_3_3
Parameters: 0.999998 -0.000985603 -0.00128012 0.000983662 0.999998 -0.0013249 0.00128102 0.0013231 0.999998 -0.00525548 0.0144753 0.178372
FixedParameters: 0 0 0

#Transform 70
Transform: AffineTransform_float_3_3
Parameters: 0.999998 -0.00115137 -0.0016693 0.00114885 0.999999 -0.00130535 0.00167152 0.00130365 0.999998 0.0071389 0.126645 0.0582169
FixedParameters: 0 0 0

#Transform 71
Transform: AffineTransform_float_3_3
Parameters: 0.999998 -0.00139629 -0.00156443 0.00139324 0.999997 -0.00202562 0.00156759 0.00202338 0.999997 0.0167726 0.259884 -0.087726
FixedParameters: 0 0 0

#Transform 72
Transform: AffineTransform_float_3_3
Parameters: 0.999994 -0.00280347 -0.00205442 0.00279933 0.999994 -0.00197045 0.00205942 0.00196455 0.999996 0.0655934 0.0522756 -0.0416
FixedParameters: 0 0 0

#Transform 73
Transform: AffineTransform_float_3_3
Parameters: 0.999997 -0.00185585 -0.00155443 0.00185448 0.999998 -0.000909472 0.0015561 0.000906529 0.999999 0.0176671 0.0493862 -0.0921716
FixedParameters: 0 0 0

#Transform 74
Transform: AffineTransform_float_3_3
Parameters: 0.999998 -0.00163986 -0.00164621 0.00163783 0.999998 -0.00105829 0.00164797 0.00105571 0.999998 0.00224567 0.00808481 0.0112521
FixedParameters: 0 0 0

#Transform 75
Transform: AffineTransform_float_3_3
Parameters: 0.999998 -0.00162436 -0.0015914 0.00162154 0.999998 -0.00162917 0.0015946 0.00162683 0.999998 -0.00255072 0.00813352 0.0152955
FixedParameters: 0 0 0

#Transform 76
Transform: AffineTransform_float_3_3
Parameters: 0.999996 -0.00190505 -0.00199135 0.00189703 0.999991 -0.00369702 0.0019982 0.00369298 0.999991 0.0133811 0.19597 -0.204191
FixedParameters: 0 0 0

#Transform 77
Transform: AffineTransform_float_3_3
Parameters: 0.999997 -0.00150841 -0.00161923 0.00150409 0.999995 -0.00279703 0.00162347 0.00279497 0.999995 -0.0114268 0.0240033 -0.00221326
FixedParameters: 0 0 0

#Transform 78
Transform: AffineTransform_float_3_3
Parameters: 0.999997 -0.00139388 -0.00166844 0.00138942 0.999996 -0.00248176 0.00167155 0.00247924 0.999995 -0.0214516 -0.0706042 0.219142
FixedParameters: 0 0 0

#Transform 79
Transform: AffineTransform_float_3_3
Parameters: 0.999997 -0.00138237 -0.00167318 0.00137791 0.999995 -0.00274675 0.00167658 0.00274426 0.999995 -0.0171975 0.108878 0.00652574
FixedParameters: 0 0 0

#Transform 80
Transform: AffineTransform_float_3_3
Parameters: 0.999997 -0.00132251 -0.00169882 0.00131719 0.999996 -0.00268683 0.00170212 0.00268517 0.999995 -0.00686196 0.285648 -0.243915
FixedParameters: 0 0 0

#Transform 81
Transform: AffineTransform_float_3_3
Parameters: 0.999998 -0.00133596 -0.0018055 0.00133307 0.999997 -0.001965 0.00180787 0.001963 0.999996 -0.0109735 0.118167 -0.0989746
FixedParameters: 0 0 0

#Transform 82
Transform: AffineTransform_float_3_3
Parameters: 0.999998 -0.00142632 -0.00184202 0.00142274 0.999998 -0.00186421 0.00184485 0.00186179 0.999996 -0.00882376 -0.0560406 0.0550291
FixedParameters: 0 0 0

#Transform 83
Transform: AffineTransform_float_3_3
Parameters: 0.999997 -0.00142468 -0.00189378 0.00142061 0.999997 -0.00194292 0.00189682 0.00194108 0.999996 -0.0179086 -0.0262805 0.122912
FixedParameters: 0 0 0

#Transform 84
Transform: AffineTransform_float_3_3
Parameters: 0.999997 -0.00129 -0.00171343 0.00128749 0.999998 -0.00142364 0.001715 0.00142136 0.999997 -0.00200516 0.0921411 -0.0201468
FixedParameters: 0 0 0

#Transform 85
Transform: AffineTransform_float_3_3
Parameters: 0.999998 -0.00118803 -0.00163824 0.00118462 0.999998 -0.00176274 0.00164032 0.00176026 0.999997 0.00240715 0.230383 -0.19596
FixedParameters: 0 0 0

#Transform 86
Transform: AffineTransform_float_3_3
Parameters: 0.999997 -0.00133735 -0.00169343 0.00133496 0.999999 -0.00113185 0.00169476 0.00113015 0.999998 0.00615526 0.0532458 -0.0581101
FixedParameters: 0 0 0

#Transform 87
Transform: AffineTransform_float_3_3
Parameters: 0.999997 -0.00136735 -0.00176807 0.00136694 0.999999 -0.000379851 0.00176871 0.000377149 0.999998 -0.0014523 -0.0140774 0.0583271
FixedParameters: 0 0 0

#Transform 88
Transform: AffineTransform_float_3_3
Parameters: 0.999997 -0.00133668 -0.00169396 0.00133563 0.999998 -0.000739697 0.00169423 0.000737303 0.999998 0.00412422 0.0420934 -0.00918089
FixedParameters: 0 0 0

#Transform 89
Transform: AffineTransform_float_3_3
Parameters: 0.999999 -0.0011828 -0.00132983 0.00118083 0.999998 -0.00128637 0.00133116 0.00128463 0.999998 0.00302632 0.23783 -0.142516
FixedParameters: 0 0 0

#Transform 90
Transform: AffineTransform_float_3_3
Parameters: 0.999998 -0.00130626 -0.00162086 0.00130432 0.999999 -0.00104655 0.00162189 0.00104445 0.999999 -0.00318359 0.0143946 0.0210772
FixedParameters: 0 0 0

#Transform 91
Transform: AffineTransform_float_3_3
Parameters: 0.999998 -0.00135954 -0.00174721 0.00135849 0.999998 -0.000827449 0.00174868 0.000825551 0.999998 -0.00646439 0.0039958 0.139162
FixedParameters: 0 0 0

#Transform 92
Transform: AffineTransform_float_3_3
Parameters: 0.999997 -0.00133528 -0.00169015 0.0013339 0.999999 -0.000838691 0.00169068 0.000836312 0.999999 -0.00453 0.0728945 0.0576379
FixedParameters: 0 0 0

#Transform 93
Transform: AffineTransform_float_3_3
Parameters: 0.999997 -0.00120868 -0.00174366 0.00120552 0.999998 -0.00158854 0.0017454 0.00158646 0.999997 -0.00146078 0.269936 -0.166344
FixedParameters: 0 0 0

#Transform 94
Transform: AffineTransform_float_3_3
Parameters: 0.999999 -0.000685781 -0.00139603 0.000686155 1 0.000133402 0.00139585 -0.000134598 0.999999 -0.022366 0.05395 0.0234472
FixedParameters: 0 0 0

#Transform 95
Transform: AffineTransform_float_3_3
Parameters: 1 -0.000487981 -0.00102159 0.000488824 0.999999 0.000862861 0.00102113 -0.000863139 0.999999 -0.048184 -0.00209795 0.143118
FixedParameters: 0 0 0

#Transform 96
Transform: AffineTransform_float_3_3
Parameters: 0.999999 -0.000629678 -0.00122435 0.000630133 1 0.000561436 0.00122404 -0.000561564 0.999999 -0.0238164 0.101769 -0.000321062
FixedParameters: 0 0 0

#Transform 97
Transform: AffineTransform_float_3_3
Parameters: 0.999999 -0.000449335 -0.000766325 0.000449007 1 -0.000214344 0.000766517 0.000213656 0.999999 -0.0237434 0.275724 -0.172745
FixedParameters: 0 0 0

#Transform 98
Transform: AffineTransform_float_3_3
Parameters: 0.999999 -0.00081284 -0.00131833 0.000813455 1 0.000582135 0.00131778 -0.000582865 0.999998 -0.0275645 0.0582796 0.0355247
FixedParameters: 0 0 0

#Transform 99
Transform: AffineTransform_float_3_3
Parameters: 0.999999 -0.000773378 -0.00133504 0.000773752 0.999999 0.000484327 0.00133468 -0.000485673 0.999999 -0.0389448 -0.026446 0.215096
FixedParameters: 0 0 0

#Transform 100
Transform: AffineTransform_float_3_3
Parameters: 0.999999 -0.000568615 -0.00142183 0.000568889 0.999999 0.000742704 0.00142176 -0.000744296 0.999999 -0.0348989 0.0716575 0.163523
FixedParameters: 0 0 0

#Transform 101
Transform: AffineTransform_float_3_3
Parameters: 0.999999 -0.000680719 -0.00137429 0.000681389 1 0.000243423 0.00137396 -0.000244576 0.999999 -0.0267201 0.240609 -0.0699676
FixedParameters: 0 0 0

#Transform 102
Transform: AffineTransform_float_3_3
Parameters: 0.999999 -0.00090482 -0.00148136 0.000905487 0.999999 0.000535379 0.00148078 -0.000536621 0.999999 -0.0178804 0.146481 0.00416395
FixedParameters: 0 0 0

#Transform 103
Transform: AffineTransform_float_3_3
Parameters: 0.999998 -0.000826333 -0.00151147 0.000828824 0.999999 0.00112811 0.00150999 -0.00112989 0.999998 -0.0311674 -0.0131535 0.189063
FixedParameters: 0 0 0

#Transform 104
Transform: AffineTransform_float_3_3
Parameters: 0.999998 -0.000800561 -0.00148655 0.000802114 0.999999 0.00114117 0.0014855 -0.00114283 0.999998 -0.0323316 0.0222534 0.235529
FixedParameters: 0 0 0

#Transform 105
Transform: AffineTransform_float_3_3
Parameters: 0.999999 -0.000730239 -0.00135331 0.000730365 1 0.000386219 0.00135314 -0.000386781 0.999999 -0.0270419 0.209835 -0.0308548
FixedParameters: 0 0 0

#Transform 106
Transform: AffineTransform_float_3_3
Parameters: 0.999999 -0.000765247 -0.00133846 0.000765315 1 0.000369183 0.00133829 -0.000369817 0.999999 -0.0132855 0.206745 -0.0627082
FixedParameters: 0 0 0

#Transform 107
Transform: AffineTransform_float_3_3
Parameters: 0.999998 -0.000864586 -0.00152446 0.000865061 0.999999 0.000457401 0.00152406 -0.000458599 0.999999 -0.0250918 0.0181658 0.130051
FixedParameters: 0 0 0

#Transform 108
Transform: AffineTransform_float_3_3
Parameters: 0.999999 -0.00081176 -0.00131882 0.000812691 0.999999 0.000701288 0.00131807 -0.000702711 0.999999 -0.0352761 0.00513429 0.25042
FixedParameters: 0 0 0

#Transform 109
Transform: AffineTransform_float_3_3
Parameters: 0.999999 -0.000786924 -0.00158021 0.000787921 0.999999 0.000606475 0.00157964 -0.000607525 0.999999 -0.0323789 0.115497 0.0995726
FixedParameters: 0 0 0

#Transform 110
Transform: AffineTransform_float_3_3
Parameters: 0.999999 -0.000671294 -0.00137825 0.000670565 1 -0.000264717 0.0013786 0.000264282 0.999999 -0.0160909 0.280248 -0.124489
FixedParameters: 0 0 0

#Transform 111
Transform: AffineTransform_float_3_3
Parameters: 0.999998 -0.000970411 -0.00125151 0.000971614 0.999999 0.000480144 0.00125058 -0.000481854 0.999999 -0.0234064 0.0645828 0.0300684
FixedParameters: 0 0 0

#Transform 112
Transform: AffineTransform_float_3_3
Parameters: 0.999999 -0.000860367 -0.00120264 0.000861007 0.999999 0.000648325 0.00120191 -0.000649675 0.999999 -0.0279482 -0.0185092 0.164227
FixedParameters: 0 0 0

#Transform 113
Transform: AffineTransform_float_3_3
Parameters: 0.999999 -0.000760819 -0.00134031 0.000761457 1 0.000237339 0.00133995 -0.00023866 0.999999 -0.0219693 0.0501171 0.160568
FixedParameters: 0 0 0

#Transform 114
Transform: AffineTransform_float_3_3
Parameters: 0.999999 -0.000771433 -0.00133574 0.000771094 1 -0.00012767 0.00133593 0.000126329 0.999999 -0.0102142 0.220229 -0.0834304
FixedParameters: 0 0 0

#Transform 115
Transform: AffineTransform_float_3_3
Parameters: 0.999998 -0.00100575 -0.00136885 0.00100492 1 3.18314e-05 0.00136918 -3.31701e-05 0.999999 -0.011024 0.161673 -0.04948
FixedParameters: 0 0 0

#Transform 116
Transform: AffineTransform_float_3_3
Parameters: 0.999998 -0.00100663 -0.00142833 0.00100744 0.999999 0.000284768 0.00142775 -0.00028623 0.999998 -0.0211778 -0.0141574 0.109462
FixedParameters: 0 0 0

#Transform 117
Transform: AffineTransform_float_3_3
Parameters: 0.999999 -0.000949607 -0.00156979 0.000950031 0.999999 0.000134228 0.00156953 -0.000135771 0.999999 -0.0192545 0.0298725 0.128077
FixedParameters: 0 0 0

#Transform 118
Transform: AffineTransform_float_3_3
Parameters: 0.999999 -0.000936042 -0.0012656 0.000936025 0.999999 -0.000734825 0.00126619 0.000733175 0.999999 -0.00958026 0.229163 -0.10566
FixedParameters: 0 0 0

#Transform 119
Transform: AffineTransform_float_3_3
Parameters: 0.999998 -0.00114125 -0.00123616 0.00114044 0.999999 -0.000329203 0.00123691 0.000327796 0.999999 -0.0126972 0.118278 0.00354691
FixedParameters: 0 0 0

#Transform 120
Transform: AffineTransform_float_3_3
Parameters: 0.999999 -0.00107731 -0.00144185 0.00107755 0.999999 0.000402014 0.00144138 -0.000402987 0.999999 -0.0210597 -0.0322772 0.211217
FixedParameters: 0 0 0

#Transform 121
Transform: AffineTransform_float_3_3
Parameters: 0.999999 -0.00103492 -0.0014653 0.00103548 0.999999 0.000504203 0.00146465 -0.000505797 0.999999 -0.0291185 0.0499204 0.190807
FixedParameters: 0 0 0

#Transform 122
Transform: AffineTransform_float_3_3
Parameters: 0.999999 -0.000891563 -0.00128485 0.000892136 0.999999 0.000222214 0.00128445 -0.000223786 0.999999 -0.0229247 0.244207 -0.068538
FixedParameters: 0 0 0

#Transform 123
Transform: AffineTransform_float_3_3
Parameters: 0.999998 -0.000991007 -0.00134018 0.000990583 0.999999 -0.000356968 0.00133958 0.000355032 0.999999 -0.016208 0.220188 -0.0865293
FixedParameters: 0 0 0

#Transform 124
Transform: AffineTransform_float_3_3
Parameters: 0.999998 -0.00111941 -0.00118843 0.00112033 0.999999 0.000607876 0.00118838 -0.000609124 0.999999 -0.0244422 0.0144138 0.0893161
FixedParameters: 0 0 0

#Transform 125
Transform: AffineTransform_float_3_3
Parameters: 0.999998 -0.00116139 -0.00165847 0.00116281 0.999999 0.000983641 0.00165696 -0.000985361 0.999999 -0.0246918 -0.0135215 0.196799
FixedParameters: 0 0 0

#Transform 126
Transform: AffineTransform_float_3_3
Parameters: 0.999999 -0.0010224 -0.00135113 0.0010232 0.999999 0.000491825 0.00135143 -0.000493175 0.999998 -0.0221335 0.10253 0.0617572
FixedParameters: 0 0 0

#Transform 127
Transform: AffineTransform_float_3_3
Parameters: 0.999999 -0.000914718 -0.00127498 0.000915006 0.999999 0.000112193 0.00127478 -0.000113807 0.999999 -0.0114886 0.26517 -0.101968
FixedParameters: 0 0 0

#Transform 128
Transform: AffineTransform_float_3_3
Parameters: 0.999998 -0.00112039 -0.0015008 0.00112126 0.999999 0.000594885 0.00149986 -0.000596115 0.999999 -0.0102917 0.0884846 0.0394272
FixedParameters: 0 0 0

#Transform 129
Transform: AffineTransform_float_3_3
Parameters: 0.999999 -0.00110319 -0.00146062 0.00110539 0.999999 0.00124859 0.00145956 -0.0012504 0.999998 -0.0209957 -0.00869344 0.213104
FixedParameters: 0 0 0

#Transform 130
Transform: AffineTransform_float_3_3
Parameters: 0.999998 -0.00100577 -0.00168207 0.00100812 0.999999 0.00124503 0.00168034 -0.00124697 0.999998 -0.0180427 0.0433887 0.254644
FixedParameters: 0 0 0

#Transform 131
Transform: AffineTransform_float_3_3
Parameters: 0.999998 -0.000988748 -0.00168904 0.000989242 0.999999 0.000418049 0.0016886 -0.000419951 0.999999 -0.00989327 0.226917 -0.0215307
FixedParameters: 0 0 0

#Transform 132
Transform: AffineTransform_float_3_3
Parameters: 0.999998 -0.000876189 -0.00141307 0.000876288 0.999999 0.000360122 0.00141283 -0.000361879 0.999999 -0.0059908 0.264382 -0.0995478
FixedParameters: 0 0 0

#Transform 133
Transform: AffineTransform_float_3_3
Parameters: 0.999999 -0.00101628 -0.00145262 0.00101719 0.999999 0.00062909 0.00145173 -0.00062991 0.999999 -0.00607406 0.0911916 0.0178817
FixedParameters: 0 0 0

#Transform 134
Transform: AffineTransform_float_3_3
Parameters: 0.999998 -0.00117939 -0.00164431 0.00118063 0.999999 0.000935268 0.00164288 -0.000937733 0.999998 -0.00515495 -0.00931005 0.124869
FixedParameters: 0 0 0

#Transform 135
Transform: AffineTransform_float_3_3
Parameters: 0.999998 -0.00118919 -0.00166396 0.00118986 0.999999 0.000753588 0.00166295 -0.000755412 0.999998 -0.0183124 0.00164606 0.191471
FixedParameters: 0 0 0

#Transform 136
Transform: AffineTransform_float_3_3
Parameters: 0.999998 -0.00102167 -0.00169247 0.00102222 0.999999 0.00043299 0.00169197 -0.00043501 0.999999 -0.0176658 0.0816694 0.149448
FixedParameters: 0 0 0

#Transform 137
Transform: AffineTransform_float_3_3
Parameters: 0.999998 -0.00105116 -0.00156129 0.00105115 0.999999 -0.000298075 0.00156152 0.000296926 0.999999 -0.00567153 0.270205 -0.0716854
FixedParameters: 0 0 0

#Transform 138
Transform: AffineTransform_float_3_3
Parameters: 0.999998 -0.00114621 -0.00152113 0.00114572 0.999999 0.000140824 0.0015212 -0.000142177 0.999999 0.000988879 0.137869 -0.00501675
FixedParameters: 0 0 0

#Transform 139
Transform: AffineTransform_float_3_3
Parameters: 0.999998 -0.0011826 -0.00150585 0.00118297 0.999999 0.000428786 0.00150522 -0.000430214 0.999999 -0.0202062 0.0271586 0.0973866
FixedParameters: 0 0 0

#Transform 140
Transform: AffineTransform_float_3_3
Parameters: 0.999998 -0.00124309 -0.00148031 0.00124398 0.999999 0.000609726 0.00147918 -0.000611273 0.999999 -0.0124032 0.0205645 0.222947
FixedParameters: 0 0 0

#Transform 141
Transform: AffineTransform_float_3_3
Parameters: 0.999998 -0.00131955 -0.0014461 0.00131625 0.999997 -0.00196134 0.00144917 0.00195966 0.999997 0.00630005 0.0814789 0.275364
FixedParameters: 0 0 0

#Transform 142
Transform: AffineTransform_float_3_3
Parameters: 0.999999 -0.000936426 -0.0011304 0.000931712 0.999992 -0.0037707 0.00113364 0.0037693 0.999992 -0.00728407 0.258342 0.0227251
FixedParameters: 0 0 0

#Transform 143
Transform: AffineTransform_float_3_3
Parameters: 0.999999 -0.000957015 -0.00109643 0.000952063 0.999992 -0.00399384 0.00110026 0.00399316 0.999991 -0.0134939 0.280656 -0.146981
FixedParameters: 0 0 0

#Transform 144
Transform: AffineTransform_float_3_3
Parameters: 0.999999 -0.000916329 -0.00104458 0.000912359 0.999994 -0.00328475 0.00104718 0.00328425 0.999994 -0.0140654 0.0769334 0.00844068
FixedParameters: 0 0 0

#Transform 145
Transform: AffineTransform_float_3_3
Parameters: 0.999998 -0.000969716 -0.00143408 0.000964989 0.999995 -0.00311403 0.00143723 0.00311197 0.999994 -0.00918914 0.0322012 0.0700595
FixedParameters: 0 0 0

#Transform 146
Transform: AffineTransform_float_3_3
Parameters: 0.999998 -0.000999525 -0.0015823 0.00099469 0.999995 -0.00314701 0.00158531 0.00314599 0.999994 -0.0196104 0.0582535 0.113452
FixedParameters: 0 0 0

#Transform 147
Transform: AffineTransform_float_3_3
Parameters: 0.999999 -0.000705727 -0.0012837 0.000700589 0.999991 -0.00414755 0.00128718 0.00414646 0.999991 -0.035394 0.259329 -0.164656
FixedParameters: 0 0 0

#Transform 148
Transform: AffineTransform_float_3_3
Parameters: 1 -0.000573516 -0.0009214 0.000569677 0.999989 -0.00457317 0.000924674 0.00457283 0.999989 -0.0471186 0.136318 -0.0996283
FixedParameters: 0 0 0

#Transform 149
Transform: AffineTransform_float_3_3
Parameters: 1 -0.000585786 -0.00091625 0.000582262 0.999993 -0.00392569 0.000919272 0.00392531 0.999991 -0.0516911 -0.015819 0.0598749
FixedParameters: 0 0 0

#Transform 150
Transform: AffineTransform_float_3_3
Parameters: 0.999999 -0.000650998 -0.00104395 0.000647743 0.999993 -0.00357347 0.00104571 0.00357353 0.999993 -0.0503892 0.0457781 0.132441
FixedParameters: 0 0 0

#Transform 151
Transform: AffineTransform_float_3_3
Parameters: 0.999999 -0.000704958 -0.00103279 0.000700871 0.999993 -0.00356752 0.00103532 0.00356748 0.999993 -0.0308799 0.162385 0.0136684
FixedParameters: 0 0 0

#Transform 152
Transform: AffineTransform_float_3_3
Parameters: 0.999999 -0.000659452 -0.00105884 0.000655333 0.999993 -0.00349634 0.00106095 0.00349566 0.999994 -0.0208323 0.303111 -0.181382
FixedParameters: 0 0 0

#Transform 153
Transform: AffineTransform_float_3_3
Parameters: 1 -0.000888328 -0.000634707 0.00088661 0.999995 -0.0029082 0.000636855 0.0029078 0.999996 -0.0267739 0.138614 -0.0848531
FixedParameters: 0 0 0

#Transform 154
Transform: AffineTransform_float_3_3
Parameters: 0.999999 -0.000977096 -0.000842646 0.00097484 0.999996 -0.00274082 0.000845902 0.00273917 0.999996 -0.0338227 0.024432 0.026158
FixedParameters: 0 0 0

#Transform 155
Transform: AffineTransform_float_3_3
Parameters: 0.999998 -0.00110565 -0.00114204 0.00110157 0.999995 -0.00305106 0.00114537 0.00304995 0.999995 -0.0303198 0.0503319 0.112893
FixedParameters: 0 0 0

#Transform 156
Transform: AffineTransform_float_3_3
Parameters: 0.999999 -0.000781794 -0.00128055 0.000777787 0.999993 -0.00356579 0.00128285 0.00356521 0.999992 -0.0281103 0.130062 0.080888
FixedParameters: 0 0 0

#Transform 157
Transform: AffineTransform_float_3_3
Parameters: 0.999999 -0.000734059 -0.00130101 0.00072979 0.999993 -0.00361023 0.00130303 0.00360977 0.999993 -0.0205631 0.282683 -0.119983
FixedParameters: 0 0 0

#Transform 158
Transform: AffineTransform_float_3_3
Parameters: 0.999999 -0.000875071 -0.0012407 0.00087137 0.999994 -0.00318572 0.00124339 0.00318427 0.999994 -0.019145 0.204658 -0.0956645
FixedParameters: 0 0 0

#Transform 159
Transform: AffineTransform_float_3_3
Parameters: 0.999999 -0.000970884 -0.00119994 0.000967941 0.999995 -0.0025958 0.00120248 0.00259419 0.999996 -0.0293159 0.059134 0.0236538
FixedParameters: 0 0 0

#Transform 160
Transform: AffineTransform_float_3_3
Parameters: 0.999999 -0.000990685 -0.00119127 0.000986415 0.999995 -0.00300697 0.00119381 0.00300603 0.999995 -0.0274332 0.0411821 0.0828747
FixedParameters: 0 0 0

#Transform 161
Transform: AffineTransform_float_3_3
Parameters: 0.999999 -0.00100045 -0.00118686 0.000996902 0.999993 -0.00348783 0.00118964 0.00348617 0.999993 -0.0296564 0.0799016 0.13251
FixedParameters: 0 0 0

#Transform 162
Transform: AffineTransform_float_3_3
Parameters: 0.999999 -0.000901017 -0.00122952 0.000896973 0.999994 -0.00335375 0.00123268 0.00335225 0.999994 -0.0207661 0.2368 -0.108213
FixedParameters: 0 0 0

#Transform 163
Transform: AffineTransform_float_3_3
Parameters: 0.999999 -0.000893685 -0.00113915 0.0008901 0.999994 -0.00324866 0.00114115 0.00324734 0.999994 -0.0178581 0.245471 -0.160043
FixedParameters: 0 0 0

#Transform 164
Transform: AffineTransform_float_3_3
Parameters: 0.999999 -0.00105549 -0.00116376 0.00105232 0.999997 -0.00260302 0.00116584 0.00260198 0.999996 -0.0207296 0.0575228 -0.0162878
FixedParameters: 0 0 0

#Transform 165
Transform: AffineTransform_float_3_3
Parameters: 0.999999 -0.000966532 -0.0012017 0.000963088 0.999995 -0.0027998 0.00120462 0.0027982 0.999996 -0.0292952 0.0356844 0.0670965
FixedParameters: 0 0 0

#Transform 166
Transform: AffineTransform_float_3_3
Parameters: 0.999999 -0.000953097 -0.00120732 0.000949829 0.999995 -0.00309479 0.00121034 0.00309321 0.999995 -0.0191805 0.112723 0.0141445
FixedParameters: 0 0 0

#Transform 167
Transform: AffineTransform_float_3_3
Parameters: 0.999999 -0.000784647 -0.00118577 0.000779525 0.999993 -0.00354357 0.00118883 0.00354243 0.999993 -0.0236634 0.254878 -0.171804
FixedParameters: 0 0 0

#Transform 168
Transform: AffineTransform_float_3_3
Parameters: 0.999999 -0.000895842 -0.00115457 0.000891767 0.999994 -0.00318667 0.00115778 0.00318533 0.999994 -0.0218282 0.157122 -0.102308
FixedParameters: 0 0 0

#Transform 169
Transform: AffineTransform_float_3_3
Parameters: 0.999999 -0.000965291 -0.00120201 0.000961181 0.999994 -0.00329595 0.00120457 0.00329504 0.999993 -0.0246079 0.0486616 -0.0232418
FixedParameters: 0 0 0

#Transform 170
Transform: AffineTransform_float_3_3
Parameters: 0.999999 -0.000895807 -0.0011753 0.000891922 0.999995 -0.00304969 0.00117827 0.00304831 0.999995 -0.0226374 0.0606237 0.0729292
FixedParameters: 0 0 0

#Transform 171
Transform: AffineTransform_float_3_3
Parameters: 0.999999 -0.000915423 -0.00122345 0.000912024 0.999995 -0.00310691 0.00122625 0.00310609 0.999994 -0.0288262 0.135822 -0.0700015
FixedParameters: 0 0 0

#Transform 172
Transform: AffineTransform_float_3_3
Parameters: 0.999999 -0.000895629 -0.00123179 0.000891313 0.999993 -0.00345774 0.0012351 0.00345626 0.999993 -0.0174345 0.273986 -0.204214
FixedParameters: 0 0 0

#Transform 173
Transform: AffineTransform_float_3_3
Parameters: 0.999998 -0.00110581 -0.00114188 0.00110234 0.999994 -0.00318905 0.00114513 0.00318794 0.999994 -0.0243844 0.0843296 -0.0607431
FixedParameters: 0 0 0

#Transform 174
Transform: AffineTransform_float_3_3
Parameters: 0.999999 -0.000965987 -0.00120214 0.000963635 0.999997 -0.0023458 0.00120419 0.0023442 0.999997 -0.0269089 0.00117012 0.0670429
FixedParameters: 0 0 0

#Transform 175
Transform: AffineTransform_float_3_3
Parameters: 0.999998 -0.000979773 -0.00131131 0.00097561 0.999995 -0.00283992 0.00131438 0.00283807 0.999995 -0.0300841 0.0399575 0.150665
FixedParameters: 0 0 0

#Transform 176
Transform: AffineTransform_float_3_3
Parameters: 0.999999 -0.00102638 -0.00148271 0.00102144 0.999995 -0.00308231 0.00148615 0.00308069 0.999994 -0.0256565 0.194754 -0.0481327
FixedParameters: 0 0 0

#Transform 177
Transform: AffineTransform_float_3_3
Parameters: 0.999999 -0.000935403 -0.00148358 0.000931343 0.999995 -0.00309618 0.0014861 0.00309482 0.999994 -0.0193167 0.292379 -0.16153
FixedParameters: 0 0 0

#Transform 178
Transform: AffineTransform_float_3_3
Parameters: 0.999999 -0.000840552 -0.00160364 0.000836012 0.999995 -0.00284863 0.00160646 0.00284737 0.999995 -0.0236733 0.116609 -0.0489662
FixedParameters: 0 0 0

#Transform 179
Transform: AffineTransform_float_3_3
Parameters: 0.999998 -0.00112354 -0.00118582 0.0011208 0.999996 -0.00254112 0.00118904 0.00253987 0.999996 -0.0297538 0.0194744 0.0793492
FixedParameters: 0 0 0

#Transform 180
Transform: AffineTransform_float_3_3
Parameters: 0.999999 -0.00102202 -0.00145431 0.00101773 0.999996 -0.00260492 0.00145714 0.00260408 0.999995 -0.0261015 0.0119473 0.144706
FixedParameters: 0 0 0

#Transform 181
Transform: AffineTransform_float_3_3
Parameters: 0.999999 -0.00086153 -0.00131947 0.000857185 0.999995 -0.00289177 0.00132195 0.00289022 0.999995 -0.0276752 0.18218 -0.0125899
FixedParameters: 0 0 0

#Transform 182
Transform: AffineTransform_float_3_3
Parameters: 0.999999 -0.000811562 -0.00135167 0.000807658 0.999995 -0.00314374 0.0013548 0.00314226 0.999994 -0.019565 0.284274 -0.169875
FixedParameters: 0 0 0

#Transform 183
Transform: AffineTransform_float_3_3
Parameters: 0.999998 -0.00100349 -0.00133502 0.00100005 0.999996 -0.00251813 0.00133759 0.00251687 0.999995 -0.018767 0.113477 -0.0505351
FixedParameters: 0 0 0

#Transform 184
Transform: AffineTransform_float_3_3
Parameters: 0.999999 -0.00104037 -0.00143793 0.00103638 0.999996 -0.00221077 0.00144043 0.00220922 0.999997 -0.0262318 0.0106637 0.0751818
FixedParameters: 0 0 0

#Transform 185
Transform: AffineTransform_float_3_3
Parameters: 0.999999 -0.000818383 -0.00126843 0.000815342 0.999997 -0.00249483 0.00127002 0.00249417 0.999996 -0.0379088 0.0346783 0.170176
FixedParameters: 0 0 0

#Transform 186
Transform: AffineTransform_float_3_3
Parameters: 0.999999 -0.00079572 -0.00127805 0.00079198 0.999996 -0.00274881 0.00127993 0.00274819 0.999995 -0.0281289 0.162873 0.0043946
FixedParameters: 0 0 0

#Transform 187
Transform: AffineTransform_float_3_3
Parameters: 0.999998 -0.00084481 -0.00133857 0.000841081 0.999995 -0.00296356 0.00134069 0.00296344 0.999995 -0.0274213 0.299305 -0.156279
FixedParameters: 0 0 0

#Transform 188
Transform: AffineTransform_float_3_3
