# transform file /out/sourcedata/freesurfer/sub-v2s5x29559_ses-1/mri/transforms/cc_up.lta
# created by oesteban on Fri Mar 13 10:34:40 2026

type      = 0 # LINEAR_VOX_TO_VOX
nxforms   = 1
mean      = 161.0000 126.0000 127.0000
sigma     = 10000.0000
1 4 4
9.988514780998230e-01 -1.741005107760429e-02 -4.463941603899002e-02 -2.302453041076660e+01 
1.739269122481346e-02 9.998484849929810e-01 -7.772923563607037e-04 2.233723258972168e+01 
4.464618489146233e-02 5.820766091346741e-11 9.990028738975525e-01 9.012937545776367e+00 
0.000000000000000e+00 0.000000000000000e+00 0.000000000000000e+00 1.000000000000000e+00 
src volume info
valid = 1  # volume info valid
filename = /out/sourcedata/freesurfer/sub-v2s5x29559_ses-1/mri/norm.mgz
volume = 320 320 320
voxelsize = 6.999999880790710e-01 6.999999880790710e-01 6.999999880790710e-01
xras   = -1.000000000000000e+00 0.000000000000000e+00 0.000000000000000e+00
yras   = 0.000000000000000e+00 0.000000000000000e+00 -1.000000000000000e+00
zras   = 0.000000000000000e+00 1.000000000000000e+00 0.000000000000000e+00
cras   = 2.046798706054688e+00 3.214999389648438e+01 1.132995605468750e+00
dst volume info
valid = 1  # volume info valid
filename = /out/sourcedata/freesurfer/sub-v2s5x29559_ses-1/mri/norm.mgz
volume = 320 320 320
voxelsize = 6.999999880790710e-01 6.999999880790710e-01 6.999999880790710e-01
xras   = -1.000000000000000e+00 0.000000000000000e+00 0.000000000000000e+00
yras   = 0.000000000000000e+00 0.000000000000000e+00 -1.000000000000000e+00
zras   = 0.000000000000000e+00 1.000000000000000e+00 0.000000000000000e+00
cras   = 2.046798706054688e+00 3.214999389648438e+01 1.132995605468750e+00
