#Insight Transform File V1.0
#Transform 0
Transform: AffineTransform_float_3_3
Parameters: 1 0.000442795 -0.000187866 -0.000442731 1 0.000170083 0.000188017 -0.000169917 1 -0.0225738 0.0803416 -0.0729672
FixedParameters: 0 0 0

#Transform 1
Transform: AffineTransform_float_3_3
Parameters: 1 0.00068167 -0.000155065 -0.000681845 0.999999 -0.000564894 0.000154295 0.000565105 1 -0.0388818 0.0857729 -0.157539
FixedParameters: 0 0 0

#Transform 2
Transform: AffineTransform_float_3_3
Parameters: 1 0.000549849 -0.000189069 -0.000549977 1 -0.000338049 0.000188697 0.000338951 0.999999 -0.0353247 0.0640108 -0.134699
FixedParameters: 0 0 0

#Transform 3
Transform: AffineTransform_float_3_3
Parameters: 1 0.000352738 2.7217e-05 -0.000352717 1 -0.00038501 -2.74886e-05 0.00038499 1 -0.0149959 0.0305758 -0.133686
FixedParameters: 0 0 0

#Transform 4
Transform: AffineTransform_float_3_3
Parameters: 1 0.000294757 5.18483e-05 -0.000294715 1 -0.000409015 -5.20894e-05 0.000408985 1 -0.014642 0.0371952 -0.160322
FixedParameters: 0 0 0

#Transform 5
Transform: AffineTransform_float_3_3
Parameters: 1 0.000389556 1.14454e-05 -0.000389539 0.999999 -0.000714004 -1.20017e-05 0.000713995 0.999999 -0.0213481 0.0561319 -0.173796
FixedParameters: 0 0 0

#Transform 6
Transform: AffineTransform_float_3_3
Parameters: 1 -1.17302e-06 -2.76116e-06 1.17136e-06 1 -0.0003 2.76187e-06 0.0003 1 2.46409e-05 0.0393829 -0.130171
FixedParameters: 0 0 0

#Transform 7
Transform: AffineTransform_float_3_3
Parameters: 1 -0.000632031 -0.000176029 0.000632024 1 -2.01113e-05 0.000176054 1.98887e-05 1 0.0240972 0.00926706 -0.0938864
FixedParameters: 0 0 0

#Transform 8
Transform: AffineTransform_float_3_3
Parameters: 1 -0.000622667 -3.86024e-05 0.000622644 1 -0.000306024 3.89835e-05 0.000305976 1 0.0331858 0.0551076 -0.128081
FixedParameters: 0 0 0

#Transform 9
Transform: AffineTransform_float_3_3
Parameters: 1 -0.000236613 0.000261378 0.000236854 1 -0.000461938 -0.000261159 0.000462062 1 0.0142309 0.07292 -0.129941
FixedParameters: 0 0 0

#Transform 10
Transform: AffineTransform_float_3_3
Parameters: 1 -0.000489415 0.000231599 0.000489379 1 7.71133e-05 -0.000231674 -7.68866e-05 1 0.0247365 0.0579709 -0.0923885
FixedParameters: 0 0 0

#Transform 11
Transform: AffineTransform_float_3_3
Parameters: 0.999999 -0.000731751 -6.77806e-06 0.000732145 1 0.000233842 7.35674e-06 -0.000233158 1 0.0291613 0.0355771 -0.0806708
FixedParameters: 0 0 0

#Transform 12
Transform: AffineTransform_float_3_3
Parameters: 1 -0.000315258 0.000255453 0.000315212 1 9.00805e-05 -0.00025551 -8.99194e-05 1 0.0153161 0.063461 -0.0915241
FixedParameters: 0 0 0

#Transform 13
Transform: AffineTransform_float_3_3
Parameters: 1 -8.7853e-05 0.000158981 8.78877e-05 1 -0.000108986 -0.000158961 0.000109014 1 2.97609e-05 0.0947821 -0.108201
FixedParameters: 0 0 0

#Transform 14
Transform: AffineTransform_float_3_3
Parameters: 1 0.000120611 0.000414843 -0.000120744 1 0.00015995 -0.000414804 -0.00016005 1 -0.00863486 0.0620726 -0.068223
FixedParameters: 0 0 0

#Transform 15
Transform: AffineTransform_float_3_3
Parameters: 1 -0.000145395 7.46544e-05 0.000145312 1 0.000556011 -7.4816e-05 -0.000555989 1 0.0023298 0.0371484 -0.0281983
FixedParameters: 0 0 0

#Transform 16
Transform: AffineTransform_float_3_3
Parameters: 1 -0.000213912 3.85955e-05 0.000213892 1 0.000258008 -3.87059e-05 -0.000257992 1 0.00255301 0.0484627 -0.0219898
FixedParameters: 0 0 0

#Transform 17
Transform: AffineTransform_float_3_3
Parameters: 1 9.64021e-05 0.000597892 -9.6151e-05 1 -0.000210057 -0.000597933 0.000209942 1 -0.00218483 0.0906732 -0.0819094
FixedParameters: 0 0 0

#Transform 18
Transform: AffineTransform_float_3_3
Parameters: 1 -0.000111209 0.000352411 0.000111963 1 0.000235039 -0.000352854 -0.000234961 1 0.00388726 0.11156 -0.0468435
FixedParameters: 0 0 0

#Transform 19
Transform: AffineTransform_float_3_3
Parameters: 1 -0.000161722 0.000335801 0.000161521 1 0.000298054 -0.000335897 -0.000297946 1 0.00569437 0.038518 -0.00770235
FixedParameters: 0 0 0

#Transform 20
Transform: AffineTransform_float_3_3
Parameters: 1 -8.81145e-05 0.000263355 8.80872e-05 1 5.20232e-05 -0.000263364 -5.19768e-05 1 0.000447922 0.0595553 0.00295113
FixedParameters: 0 0 0

#Transform 21
Transform: AffineTransform_float_3_3
Parameters: 1 -0.000367276 0.000316948 0.000367614 1 -0.000533883 -0.000316556 0.000534116 1 0.0224036 0.101621 -0.0557244
FixedParameters: 0 0 0

#Transform 22
Transform: AffineTransform_float_3_3
Parameters: 1 -0.000383454 0.000529275 0.000383238 0.999999 -0.000666644 -0.000528373 0.000666355 1 0.0226358 0.126415 -0.0609926
FixedParameters: 0 0 0

#Transform 23
Transform: AffineTransform_float_3_3
Parameters: 1 -0.000298085 0.000492751 0.000298314 1 -0.000232853 -0.000492612 0.000233147 1 0.0211414 0.0481442 -0.00562595
FixedParameters: 0 0 0

#Transform 24
Transform: AffineTransform_float_3_3
Parameters: 1 -0.000301276 0.000270338 0.000301459 1 -0.000338918 -0.000270134 0.000339081 1 0.018498 0.067143 -0.0387534
FixedParameters: 0 0 0

#Transform 25
Transform: AffineTransform_float_3_3
Parameters: 1 -0.000121676 0.000339772 0.000121363 0.999999 -0.000893958 -0.000339164 0.000894041 0.999999 0.00906611 0.115178 -0.076624
FixedParameters: 0 0 0

#Transform 26
Transform: AffineTransform_float_3_3
Parameters: 1 -0.000123137 0.000515304 0.000123488 0.999999 -0.000718936 -0.000516047 0.000719063 0.999999 0.0120343 0.0880821 -0.045842
FixedParameters: 0 0 0

#Transform 27
Transform: AffineTransform_float_3_3
Parameters: 1 -0.000362324 0.000193127 0.000362516 1 -0.00049693 -0.000192767 0.00049707 1 0.00995389 0.0400156 -0.0197708
FixedParameters: 0 0 0

#Transform 28
Transform: AffineTransform_float_3_3
Parameters: 1 -0.000337615 0.000509593 0.000337947 1 -0.000325828 -0.000509373 0.000326172 1 0.0218358 0.0693563 -0.0535266
FixedParameters: 0 0 0

#Transform 29
Transform: AffineTransform_float_3_3
Parameters: 1 -0.000145983 0.000428324 0.000146649 0.999999 -0.000777937 -0.000428097 0.000778062 0.999999 0.0108082 0.123597 -0.10793
FixedParameters: 0 0 0

#Transform 30
Transform: AffineTransform_float_3_3
Parameters: 1 -0.000203969 0.00045298 0.000204647 0.999999 -0.000748907 -0.000452674 0.000749092 0.999999 0.0138389 0.0860613 -0.0781621
FixedParameters: 0 0 0

#Transform 31
Transform: AffineTransform_float_3_3
Parameters: 1 -0.000599407 0.000215646 0.000599607 0.999999 -0.000465871 -0.000215087 0.000466129 1 0.0291918 0.0457102 -0.0307608
FixedParameters: 0 0 0

#Transform 32
Transform: AffineTransform_float_3_3
Parameters: 1 -0.000493956 0.000287293 0.000494022 0.999999 -0.000794858 -0.000287428 0.000795141 0.999999 0.0304807 0.0799732 -0.0516913
FixedParameters: 0 0 0

#Transform 33
Transform: AffineTransform_float_3_3
Parameters: 0.999999 -0.000546771 0.000461973 0.000547201 1 -0.000889107 -0.000461921 0.000888893 0.999999 0.0255325 0.115391 -0.0850674
FixedParameters: 0 0 0

#Transform 34
Transform: AffineTransform_float_3_3
Parameters: 0.999999 -0.000469971 0.000566049 0.000469775 0.999999 -0.000640734 -0.000565056 0.000641265 0.999999 0.0317028 0.0476745 -0.0445252
FixedParameters: 0 0 0

#Transform 35
Transform: AffineTransform_float_3_3
Parameters: 1 -0.000588917 0.000293983 0.000589368 1 -0.000768187 -0.000293078 0.000767813 0.999999 0.0304643 0.0657881 -0.0410027
FixedParameters: 0 0 0

#Transform 36
Transform: AffineTransform_float_3_3
Parameters: 1 -0.00023045 0.000464433 0.000230634 1 -0.00118989 -0.000463493 0.00119011 0.999999 0.0172927 0.110833 -0.10036
FixedParameters: 0 0 0

#Transform 37
Transform: AffineTransform_float_3_3
Parameters: 0.999999 0.000551391 0.0013075 -0.00055014 0.999999 -0.00118236 -0.00130802 0.00118164 0.999999 0.00529161 0.171967 -0.180132
FixedParameters: 0 0 0

#Transform 38
Transform: AffineTransform_float_3_3
Parameters: 0.999998 0.000812524 0.00137024 -0.000811698 1 -0.000973755 -0.00137104 0.000972248 0.999999 0.000519497 0.172734 -0.197881
FixedParameters: 0 0 0

#Transform 39
Transform: AffineTransform_float_3_3
Parameters: 0.999999 0.000748718 0.00122373 -0.000748631 1 -3.57092e-05 -0.00122378 3.52908e-05 0.999999 0.00787968 0.0720513 -0.138175
FixedParameters: 0 0 0

#Transform 40
Transform: AffineTransform_float_3_3
Parameters: 0.999999 0.000559725 0.000778108 -0.000559394 1 -0.000213435 -0.000778346 0.000212564 0.999999 0.00175822 0.0151327 -0.115062
FixedParameters: 0 0 0

#Transform 41
Transform: AffineTransform_float_3_3
Parameters: 0.999999 0.000321 0.000945753 -0.0003211 1 5.26963e-05 -0.000945719 -5.33036e-05 0.999999 0.000158773 0.028967 -0.116467
FixedParameters: 0 0 0

#Transform 42
Transform: AffineTransform_float_3_3
Parameters: 0.999999 0.000173726 0.00100826 -0.000173813 1 4.28248e-05 -0.00100825 -4.31752e-05 0.999999 0.0120601 0.0578418 -0.166684
FixedParameters: 0 0 0

#Transform 43
Transform: AffineTransform_float_3_3
Parameters: 0.999999 0.000141965 0.000932736 -0.000141495 1 -0.000252132 -0.000932807 0.000251868 0.999999 -0.000577329 0.105985 -0.220901
FixedParameters: 0 0 0

#Transform 44
Transform: AffineTransform_float_3_3
Parameters: 1 0.000407034 0.00113197 -0.000406314 1 -0.000318101 -0.00113223 0.000317899 0.999999 -0.00816344 0.0936836 -0.19682
FixedParameters: 0 0 0

#Transform 45
Transform: AffineTransform_float_3_3
Parameters: 0.999999 0.000334 0.000940243 -0.000333874 1 -6.73139e-05 -0.000940288 6.66859e-05 0.999999 -0.00778509 0.042487 -0.155055
FixedParameters: 0 0 0

#Transform 46
Transform: AffineTransform_float_3_3
Parameters: 0.999999 0.000256476 0.000973124 -0.000256753 1 0.000141903 -0.000973051 -0.000143097 0.999999 -0.00566931 0.0497216 -0.155381
FixedParameters: 0 0 0

#Transform 47
Transform: AffineTransform_float_3_3
Parameters: 1 0.000211524 0.00109658 -0.000211037 1 -0.000221872 -0.00109667 0.000222128 1 -0.00791199 0.080518 -0.194818
FixedParameters: 0 0 0

#Transform 48
Transform: AffineTransform_float_3_3
Parameters: 1 0.000410707 0.00101524 -0.000410936 1 -0.000341058 -0.00101513 0.000340943 1 -0.0185338 0.112441 -0.23255
FixedParameters: 0 0 0

#Transform 49
Transform: AffineTransform_float_3_3
Parameters: 0.999999 0.000322116 0.000945296 -0.000322747 1 -0.000153305 -0.000945004 0.000152696 0.999999 -0.0108762 0.0573133 -0.183607
FixedParameters: 0 0 0

#Transform 50
Transform: AffineTransform_float_3_3
Parameters: 0.999999 0.000355121 0.000931274 -0.000355097 1 -1.33307e-05 -0.000931284 1.26693e-05 0.999999 -0.0114157 0.0488368 -0.201784
FixedParameters: 0 0 0

#Transform 51
Transform: AffineTransform_float_3_3
Parameters: 0.999999 0.000377869 0.000610897 -0.000377639 1 -0.000188231 -0.000611039 0.000187769 1 -0.0152669 0.0582635 -0.233048
FixedParameters: 0 0 0

#Transform 52
Transform: AffineTransform_float_3_3
Parameters: 0.999999 0.000390384 0.000788089 -0.00038963 1 -0.000478307 -0.000788462 0.000477692 0.999999 -0.0143324 0.0872769 -0.244043
FixedParameters: 0 0 0

#Transform 53
Transform: AffineTransform_float_3_3
Parameters: 0.999999 0.000436727 0.000829282 -0.000436757 1 1.76378e-05 -0.000829266 -1.83622e-05 0.999999 -0.0163712 0.0365574 -0.204066
FixedParameters: 0 0 0

#Transform 54
Transform: AffineTransform_float_3_3
Parameters: 0.999999 0.00040602 0.000752162 -0.000406285 1 0.000175694 -0.000752019 -0.000176305 0.999999 -0.0158245 0.0461928 -0.205122
FixedParameters: 0 0 0

#Transform 55
Transform: AffineTransform_float_3_3
Parameters: 1 0.000495952 0.000966004 -0.000495811 1 -7.31194e-05 -0.000966076 7.28806e-05 1 -0.0174365 0.0389042 -0.224137
FixedParameters: 0 0 0

#Transform 56
Transform: AffineTransform_float_3_3
Parameters: 1 0.000420458 0.000998055 -0.000420343 1 -5.80599e-05 -0.000998104 5.79401e-05 1 -0.0161152 0.0856235 -0.244619
FixedParameters: 0 0 0

#Transform 57
Transform: AffineTransform_float_3_3
Parameters: 1 0.000501531 0.00096363 -0.000501279 1 -0.000131124 -0.000963761 0.000130876 1 -0.0195695 0.034663 -0.195393
FixedParameters: 0 0 0

#Transform 58
Transform: AffineTransform_float_3_3
Parameters: 0.999999 0.000362906 0.00067594 -0.000363001 1 6.97546e-05 -0.000675889 -7.02453e-05 1 -0.0176244 0.0389699 -0.198616
FixedParameters: 0 0 0

#Transform 59
Transform: AffineTransform_float_3_3
Parameters: 1 0.000309468 0.000613881 -0.00030946 1 -6.18997e-06 -0.000613885 5.81002e-06 1 -0.0167914 0.0362491 -0.193682
FixedParameters: 0 0 0

#Transform 60
Transform: AffineTransform_float_3_3
Parameters: 1 0.000614215 0.000979811 -0.000613278 1 -0.000478242 -0.000980397 0.000477758 1 -0.0196543 0.0858637 -0.243503
FixedParameters: 0 0 0

#Transform 61
Transform: AffineTransform_float_3_3
Parameters: 1 0.00042986 0.000994062 -0.000429351 1 -0.000256067 -0.000994282 0.000255933 1 -0.0196466 0.0435306 -0.20423
FixedParameters: 0 0 0

#Transform 62
Transform: AffineTransform_float_3_3
Parameters: 0.999999 0.000364859 0.00071095 -0.000364744 1 -8.12593e-05 -0.000711009 8.07406e-05 0.999999 -0.0149572 0.0465837 -0.182804
FixedParameters: 0 0 0

#Transform 63
Transform: AffineTransform_float_3_3
Parameters: 0.999999 0.000544781 0.000671487 -0.000544614 1 -0.000124366 -0.000671622 0.000123634 1 -0.0183166 0.0450627 -0.191961
FixedParameters: 0 0 0

#Transform 64
Transform: AffineTransform_float_3_3
Parameters: 1 0.000530263 0.000872085 -0.000530564 1 -0.000355256 -0.000872071 0.000355745 1 -0.017995 0.0940488 -0.244333
FixedParameters: 0 0 0

#Transform 65
Transform: AffineTransform_float_3_3
Parameters: 1 0.000598685 0.000859318 -0.000598131 1 -0.000322155 -0.000859704 0.000321845 1 -0.0192461 0.0693654 -0.203856
FixedParameters: 0 0 0

#Transform 66
Transform: AffineTransform_float_3_3
Parameters: 0.999999 0.000293184 0.000803302 -0.000293179 1 -3.23551e-06 -0.000803304 2.76448e-06 0.999999 -0.0137975 0.0459242 -0.195639
FixedParameters: 0 0 0

#Transform 67
Transform: AffineTransform_float_3_3
Parameters: 0.999999 0.000281117 0.000769324 -0.000280796 1 -0.000209216 -0.000769442 0.000208784 0.999999 -0.0157679 0.0472173 -0.190814
FixedParameters: 0 0 0

#Transform 68
Transform: AffineTransform_float_3_3
Parameters: 1 0.000536853 0.000948583 -0.000536836 1 -0.00049415 -0.000948722 0.000493851 1 -0.0181969 0.0966384 -0.230555
FixedParameters: 0 0 0

#Transform 69
Transform: AffineTransform_float_3_3
Parameters: 1 0.000572228 0.000933644 -0.000571419 1 5.98262e-05 -0.000933966 -6.01748e-05 1 -0.0188517 0.0647365 -0.182783
FixedParameters: 0 0 0

#Transform 70
Transform: AffineTransform_float_3_3
Parameters: 0.999999 0.000375448 0.000769472 -0.000375547 1 6.3711e-05 -0.000769424 -6.42889e-05 0.999999 -0.0191844 0.0521542 -0.166588
FixedParameters: 0 0 0

#Transform 71
Transform: AffineTransform_float_3_3
Parameters: 0.999999 0.000338583 0.000759043 -0.000338427 1 -0.000103257 -0.000759113 0.000102743 0.999999 -0.0197735 0.0797091 -0.185614
FixedParameters: 0 0 0

#Transform 72
Transform: AffineTransform_float_3_3
Parameters: 1 0.000521173 0.000955252 -0.000520299 1 -0.00045729 -0.000955728 0.000457709 0.999999 -0.0255646 0.116318 -0.213981
FixedParameters: 0 0 0

#Transform 73
Transform: AffineTransform_float_3_3
Parameters: 1 0.000429613 0.000919199 -0.000429067 1 -0.000297035 -0.000919454 0.000296965 1 -0.0240357 0.0721369 -0.16309
FixedParameters: 0 0 0

#Transform 74
Transform: AffineTransform_float_3_3
Parameters: 0.999999 0.00036679 0.000666665 -0.000366534 1 -0.000192244 -0.000666806 0.000191755 1 -0.0187536 0.0504272 -0.163811
FixedParameters: 0 0 0

#Transform 75
Transform: AffineTransform_float_3_3
Parameters: 0.999999 0.000420602 0.000684054 -0.0004208 1 0.000144712 -0.000683932 -0.000145288 1 -0.0160026 0.0650493 -0.162805
FixedParameters: 0 0 0

#Transform 76
Transform: AffineTransform_float_3_3
Parameters: 1 0.000573699 0.000932914 -0.000572709 1 -0.000530175 -0.000933522 0.000529824 1 -0.0244937 0.123404 -0.189156
FixedParameters: 0 0 0

#Transform 77
Transform: AffineTransform_float_3_3
Parameters: 1 0.000659199 0.000896596 -0.000659344 1 -0.000432232 -0.000896775 0.000431769 1 -0.0202948 0.0901458 -0.156335
FixedParameters: 0 0 0

#Transform 78
Transform: AffineTransform_float_3_3
Parameters: 1 0.000197925 0.000635158 -0.000197896 1 -2.31257e-05 -0.000635167 2.28743e-05 1 -0.0118737 0.0576281 -0.140283
FixedParameters: 0 0 0

#Transform 79
Transform: AffineTransform_float_3_3
Parameters: 0.999999 0.000558771 0.000442641 -0.000558208 0.999999 -0.000636247 -0.000443352 0.000635752 0.999999 -0.0183616 0.0838152 -0.186552
FixedParameters: 0 0 0

#Transform 80
Transform: AffineTransform_float_3_3
Parameters: 1 0.000483911 0.00100475 -0.000483291 0.999999 -0.000766126 -0.0010051 0.000765874 0.999999 -0.0172007 0.12736 -0.217264
FixedParameters: 0 0 0

#Transform 81
Transform: AffineTransform_float_3_3
Parameters: 1 0.000428368 0.00111312 -0.000428574 1 -0.000321118 -0.00111301 0.000320883 1 -0.0136538 0.0650838 -0.16025
FixedParameters: 0 0 0

#Transform 82
Transform: AffineTransform_float_3_3
Parameters: 1 0.000223783 0.000647007 -0.000223427 1 -0.000275145 -0.00064713 0.000274855 1 -0.0123957 0.0652997 -0.151895
FixedParameters: 0 0 0

#Transform 83
Transform: AffineTransform_float_3_3
Parameters: 1 0.000360383 0.000336935 -0.000360258 1 -0.000185121 -0.000337068 0.000184879 1 -0.0147276 0.0852227 -0.160479
FixedParameters: 0 0 0

#Transform 84
Transform: AffineTransform_float_3_3
Parameters: 1 0.000257263 0.000632792 -0.000257145 0.999999 -0.000819803 -0.000632823 0.000820197 1 -0.012992 0.132396 -0.216504
FixedParameters: 0 0 0

#Transform 85
Transform: AffineTransform_float_3_3
Parameters: 0.999999 0.000340629 0.000875519 -0.000339774 1 -0.000487938 -0.000875851 0.000488062 1 -0.0178422 0.100062 -0.174237
FixedParameters: 0 0 0

#Transform 86
Transform: AffineTransform_float_3_3
Parameters: 1 0.0002063 0.000654435 -0.000206853 1 -0.000281135 -0.00065416 0.000280865 0.999999 -0.0120311 0.0505128 -0.148556
FixedParameters: 0 0 0

#Transform 87
Transform: AffineTransform_float_3_3
Parameters: 1 0.000143659 0.000496362 -0.000143088 1 -0.000575071 -0.000496526 0.000574928 0.999999 -0.00866083 0.0772818 -0.180528
FixedParameters: 0 0 0

#Transform 88
Transform: AffineTransform_float_3_3
Parameters: 1 0.000365565 0.000971426 -0.000364727 0.999999 -0.000904995 -0.000971696 0.000905005 0.999999 -0.0150917 0.127739 -0.210427
FixedParameters: 0 0 0

#Transform 89
Transform: AffineTransform_float_3_3
Parameters: 0.999999 0.000262688 0.000741298 -0.00026239 1 -0.000201194 -0.000741404 0.000200805 0.999999 -0.0131562 0.0829274 -0.153148
FixedParameters: 0 0 0

#Transform 90
Transform: AffineTransform_float_3_3
Parameters: 1 0.000148734 0.00067778 -0.000148573 1 -0.000118948 -0.000677815 0.000118052 1 -0.00263372 0.0807737 -0.140068
FixedParameters: 0 0 0

#Transform 91
Transform: AffineTransform_float_3_3
Parameters: 1 0.000239924 0.000646669 -0.000240511 1 -0.000258156 -0.000646402 0.000257845 1 -0.0126652 0.11363 -0.176169
FixedParameters: 0 0 0

#Transform 92
Transform: AffineTransform_float_3_3
Parameters: 0.999999 0.000159258 0.000803782 -0.000158185 1 -0.000666768 -0.000803993 0.000667232 1 -0.00916034 0.12148 -0.179867
FixedParameters: 0 0 0

#Transform 93
Transform: AffineTransform_float_3_3
Parameters: 1 0.000116468 0.000629588 -0.000116966 1 -0.000335074 -0.000629275 0.000334927 0.999999 -0.0104395 0.0525006 -0.131783
FixedParameters: 0 0 0

#Transform 94
Transform: AffineTransform_float_3_3
Parameters: 0.999999 -9.7456e-05 0.000752983 9.76345e-05 1 -0.000118774 -0.00075296 0.000118226 1 -0.00667078 0.0551664 -0.129206
FixedParameters: 0 0 0

#Transform 95
Transform: AffineTransform_float_3_3
Parameters: 0.999999 -0.000816387 0.00117567 0.000816821 1 -0.000184247 -0.00117537 0.000184753 0.999999 0.0224798 0.119692 0.0838546
FixedParameters: 0 0 0

#Transform 96
Transform: AffineTransform_float_3_3
Parameters: 1 0.000180692 0.000673973 -0.00018072 1 2.08782e-05 -0.000673966 -2.11218e-05 1 0.0442497 0.241954 -0.197101
FixedParameters: 0 0 0

#Transform 97
Transform: AffineTransform_float_3_3
Parameters: 0.999999 0.000868131 0.00154742 -0.000873183 0.999995 0.00312201 -0.00154394 -0.00312398 0.999994 0.0383033 0.22011 -0.313187
FixedParameters: 0 0 0

#Transform 98
Transform: AffineTransform_float_3_3
Parameters: 1 0.00010371 0.00108339 -0.000108589 0.999993 0.00370704 -0.00108286 -0.00370796 0.999992 0.0361569 0.0774384 -0.148848
FixedParameters: 0 0 0

#Transform 99
Transform: AffineTransform_float_3_3
Parameters: 0.999999 -0.000779187 0.000581628 0.000777427 0.999997 0.00218209 -0.000583184 -0.00218191 0.999997 0.0250363 0.000672971 -0.0266529
FixedParameters: 0 0 0

#Transform 100
Transform: AffineTransform_float_3_3
Parameters: 1 -0.000174373 0.000106292 0.000174067 0.999999 0.00143702 -0.000106793 -0.00143698 0.999999 -0.007287 0.0445636 -0.100646
FixedParameters: 0 0 0

#Transform 101
Transform: AffineTransform_float_3_3
Parameters: 0.999999 0.000713295 0.000502803 -0.000713552 0.999999 0.00117164 -0.000501522 -0.00117236 0.999999 -0.0451722 0.136434 -0.183242
FixedParameters: 0 0 0

#Transform 102
Transform: AffineTransform_float_3_3
Parameters: 1 0.000567042 0.000383494 -0.000567292 0.999998 0.00152878 -0.000382151 -0.00152922 0.999999 -0.0385216 0.153884 -0.131733
FixedParameters: 0 0 0

#Transform 103
Transform: AffineTransform_float_3_3
Parameters: 1 7.25147e-05 4.31928e-05 -7.2675e-05 0.999999 0.001861 -4.29226e-05 -0.001861 0.999999 -0.0124471 0.0707841 -0.0800066
FixedParameters: 0 0 0

#Transform 104
Transform: AffineTransform_float_3_3
Parameters: 1 6.78004e-06 0.000250048 -7.76867e-06 0.999998 0.001977 -0.000250019 -0.001977 0.999998 -0.00373143 0.102791 -0.0922218
FixedParameters: 0 0 0

#Transform 105
Transform: AffineTransform_float_3_3
Parameters: 1 0.000187969 0.000500307 -0.000187908 0.999999 0.000858905 -0.000500375 -0.000859093 0.999999 -0.0149 0.162328 -0.202118
FixedParameters: 0 0 0

#Transform 106
Transform: AffineTransform_float_3_3
Parameters: 1 0.000601362 0.000769499 -0.000602252 0.999999 0.00117654 -0.000768473 -0.00117746 0.999999 -0.0147315 0.15879 -0.229251
FixedParameters: 0 0 0

#Transform 107
Transform: AffineTransform_float_3_3
Parameters: 1 0.000898354 0.000464002 -0.000899445 0.999998 0.00174958 -0.000462167 -0.00175042 0.999999 -0.0276889 0.239273 -0.340256
FixedParameters: 0 0 0

#Transform 108
Transform: AffineTransform_float_3_3
Parameters: 1 0.0011027 0.000308596 -0.00110297 0.999998 0.00214951 -0.000306478 -0.00214949 0.999998 -0.0484642 0.187764 -0.325451
FixedParameters: 0 0 0

#Transform 109
Transform: AffineTransform_float_3_3
Parameters: 0.999999 0.00123284 0.000341412 -0.00123404 0.999997 0.00197343 -0.000338775 -0.00197357 0.999998 -0.0558664 0.191582 -0.34779
FixedParameters: 0 0 0

#Transform 110
Transform: AffineTransform_float_3_3
Parameters: 0.999999 0.0014137 0.000483979 -0.00141393 0.999999 0.000791164 -0.000483052 -0.000791837 1 -0.0554197 0.19079 -0.415842
FixedParameters: 0 0 0

#Transform 111
Transform: AffineTransform_float_3_3
Parameters: 0.999999 0.0012068 0.000313512 -0.00120709 0.999997 0.00214762 -0.000310949 -0.00214838 0.999998 -0.0576151 0.104058 -0.277255
FixedParameters: 0 0 0

#Transform 112
Transform: AffineTransform_float_3_3
Parameters: 0.999999 0.000754615 4.95325e-05 -0.000754293 0.999998 0.0021406 -4.76131e-05 -0.0021414 0.999998 -0.0438174 0.0660395 -0.238432
FixedParameters: 0 0 0

#Transform 113
Transform: AffineTransform_float_3_3
Parameters: 1 0.00106032 0.000181555 -0.00106075 0.999999 0.0015693 -0.000180458 -0.0015697 0.999998 -0.0551024 0.106088 -0.30634
FixedParameters: 0 0 0

#Transform 114
Transform: AffineTransform_float_3_3
Parameters: 1 0.00108095 0.000484243 -0.00108175 0.999998 0.00137332 -0.000482584 -0.00137367 0.999999 -0.0521258 0.137111 -0.317132
FixedParameters: 0 0 0

#Transform 115
Transform: AffineTransform_float_3_3
Parameters: 0.999999 0.000823523 0.000281799 -0.000824403 0.999998 0.00180962 -0.000281049 -0.00180939 0.999998 -0.0442154 0.0680669 -0.278789
FixedParameters: 0 0 0

#Transform 116
Transform: AffineTransform_float_3_3
Parameters: 0.999999 0.000791258 0.000295476 -0.000792232 0.999998 0.00188477 -0.000294723 -0.00188523 0.999998 -0.0409095 0.0624076 -0.292049
FixedParameters: 0 0 0

#Transform 117
Transform: AffineTransform_float_3_3
Parameters: 0.999999 0.00113247 0.00047761 -0.00113321 0.999998 0.00132531 -0.000475918 -0.00132569 0.999999 -0.0501672 0.101578 -0.345207
FixedParameters: 0 0 0

#Transform 118
Transform: AffineTransform_float_3_3
Parameters: 0.999999 0.00121918 0.00046887 -0.00121962 0.999999 0.00103228 -0.000467663 -0.00103272 0.999999 -0.0507341 0.0869024 -0.329504
FixedParameters: 0 0 0

#Transform 119
Transform: AffineTransform_float_3_3
Parameters: 0.999999 0.000816016 0.000324701 -0.000816247 0.999999 0.00117174 -0.000324099 -0.00117227 1 -0.040802 0.0353689 -0.281482
FixedParameters: 0 0 0

#Transform 120
Transform: AffineTransform_float_3_3
Parameters: 0.999999 0.000706673 0.000345985 -0.000706555 0.999999 0.00116276 -0.000344732 -0.00116324 1 -0.0382939 0.0291441 -0.273088
FixedParameters: 0 0 0

#Transform 121
Transform: AffineTransform_float_3_3
Parameters: 1 0.00072754 0.000776773 -0.000728262 0.999999 0.000805794 -0.000776911 -0.000806206 1 -0.0361752 0.0960016 -0.337732
FixedParameters: 0 0 0

#Transform 122
Transform: AffineTransform_float_3_3
Parameters: 0.999999 0.000988671 0.000819398 -0.000989704 0.999999 0.000954037 -0.00081882 -0.000954963 0.999999 -0.0413011 0.0744129 -0.312528
FixedParameters: 0 0 0

#Transform 123
Transform: AffineTransform_float_3_3
Parameters: 1 0.000697511 0.000707175 -0.000697981 0.999999 0.00135735 -0.000706983 -0.00135765 0.999998 -0.0332492 0.0400255 -0.297686
FixedParameters: 0 0 0

#Transform 124
Transform: AffineTransform_float_3_3
Parameters: 0.999999 0.000601901 0.000481755 -0.000602131 0.999999 0.00174471 -0.000481356 -0.00174529 0.999999 -0.0385919 0.0260209 -0.219954
FixedParameters: 0 0 0

#Transform 125
Transform: AffineTransform_float_3_3
Parameters: 0.999999 0.000728793 0.000477766 -0.000729345 0.999999 0.00113165 -0.000477427 -0.00113235 0.999999 -0.048107 0.0753618 -0.264633
FixedParameters: 0 0 0

#Transform 126
Transform: AffineTransform_float_3_3
Parameters: 0.999999 0.000726893 0.000777378 -0.000727988 0.999998 0.00163779 -0.000776696 -0.00163821 0.999999 -0.0394629 0.11019 -0.2682
FixedParameters: 0 0 0

#Transform 127
Transform: AffineTransform_float_3_3
Parameters: 0.999999 0.00081324 0.000416185 -0.000813926 0.999999 0.00146351 -0.000415115 -0.00146349 0.999998 -0.0365323 0.0719999 -0.246233
FixedParameters: 0 0 0

#Transform 128
Transform: AffineTransform_float_3_3
Parameters: 0.999999 0.000629311 0.000356058 -0.000629823 0.999998 0.00146378 -0.000355526 -0.00146422 0.999999 -0.0332468 0.0812072 -0.231213
FixedParameters: 0 0 0

#Transform 129
Transform: AffineTransform_float_3_3
Parameters: 0.999999 0.000729115 0.000239791 -0.000730017 0.999999 0.00106783 -0.000239153 -0.00106818 1 -0.0418733 0.0804025 -0.243017
FixedParameters: 0 0 0

#Transform 130
Transform: AffineTransform_float_3_3
Parameters: 1 0.000561291 0.000384669 -0.000561608 0.999999 0.00109978 -0.000384745 -0.00110022 1 -0.0315273 0.106085 -0.272104
FixedParameters: 0 0 0

#Transform 131
Transform: AffineTransform_float_3_3
Parameters: 0.999999 0.000692644 0.000389976 -0.000692705 0.999999 0.00126073 -0.00038862 -0.00126127 0.999999 -0.0353937 0.0800143 -0.229924
FixedParameters: 0 0 0

#Transform 132
Transform: AffineTransform_float_3_3
Parameters: 1 0.00058885 0.000224447 -0.000588997 0.999998 0.00150987 -0.00022398 -0.00151013 0.999999 -0.032096 0.0653595 -0.20088
FixedParameters: 0 0 0

#Transform 133
Transform: AffineTransform_float_3_3
Parameters: 1 0.000561455 0.00038443 -0.000561444 1 0.000674631 -0.000384983 -0.000674369 0.999999 -0.0290699 0.097332 -0.26079
FixedParameters: 0 0 0

#Transform 134
Transform: AffineTransform_float_3_3
Parameters: 0.999999 0.000657032 0.000610018 -0.000656934 1 0.000674807 -0.000609523 -0.000674194 1 -0.0288987 0.124717 -0.275911
FixedParameters: 0 0 0

#Transform 135
Transform: AffineTransform_float_3_3
Parameters: 1 0.000717025 0.000750604 -0.000716505 1 0.000266822 -0.000750612 -0.000267179 1 -0.0243076 0.0830963 -0.225255
FixedParameters: 0 0 0

#Transform 136
Transform: AffineTransform_float_3_3
Parameters: 0.999999 0.000330006 0.00144305 -0.000333994 0.999996 0.00279388 -0.00144184 -0.00279412 0.999995 -0.00396865 0.0984889 -0.0264158
FixedParameters: 0 0 0

#Transform 137
Transform: AffineTransform_float_3_3
Parameters: 0.999999 0.00024482 0.000803962 -0.000247395 0.999995 0.0033198 -0.0008035 -0.0033202 0.999994 -0.00992463 0.131684 0.0402871
FixedParameters: 0 0 0

#Transform 138
Transform: AffineTransform_float_3_3
Parameters: 1 0.00035025 0.000403664 -0.000351811 0.999996 0.00259186 -0.000403156 -0.00259214 0.999996 -0.0334483 0.125683 0.00627659
FixedParameters: 0 0 0

#Transform 139
Transform: AffineTransform_float_3_3
Parameters: 1 0.000851272 0.000767449 -0.000853167 0.999998 0.0021822 -0.000765431 -0.00218281 0.999997 -0.0372472 0.171607 -0.13659
FixedParameters: 0 0 0

#Transform 140
Transform: AffineTransform_float_3_3
Parameters: 1 0.000928676 0.000734783 -0.000930408 0.999998 0.00216817 -0.000732454 -0.00216884 0.999997 -0.0448378 0.134671 -0.116583
FixedParameters: 0 0 0

#Transform 141
Transform: AffineTransform_float_3_3
Parameters: 1 0.00095255 0.000724782 -0.000953479 0.999997 0.00227931 -0.000722529 -0.00228069 0.999997 -0.0459487 0.0826051 -0.110827
FixedParameters: 0 0 0

#Transform 142
Transform: AffineTransform_float_3_3
Parameters: 1 0.00103709 0.000353565 -0.00103801 0.999998 0.00205727 -0.000350605 -0.00205872 0.999998 -0.0433681 0.102966 -0.136915
FixedParameters: 0 0 0

#Transform 143
Transform: AffineTransform_float_3_3
Parameters: 0.999999 0.00127276 0.000588884 -0.00127341 0.999998 0.00145946 -0.00058779 -0.00145954 0.999999 -0.0554884 0.141757 -0.207948
FixedParameters: 0 0 0

#Transform 144
Transform: AffineTransform_float_3_3
Parameters: 0.999999 0.00120357 0.000618291 -0.00120452 0.999998 0.0016281 -0.000616991 -0.0016289 0.999999 -0.0513943 0.115727 -0.19462
FixedParameters: 0 0 0

#Transform 145
Transform: AffineTransform_float_3_3
Parameters: 0.999999 0.00121465 0.00019851 -0.00121579 0.999997 0.00223961 -0.000196219 -0.00223939 0.999998 -0.0548101 0.0770673 -0.182162
FixedParameters: 0 0 0

#Transform 146
Transform: AffineTransform_float_3_3
Parameters: 1 0.00107033 6.69944e-05 -0.00107005 0.999997 0.00195693 -6.41169e-05 -0.00195707 0.999998 -0.0582742 0.0775731 -0.210366
FixedParameters: 0 0 0

#Transform 147
Transform: AffineTransform_float_3_3
Parameters: 0.999999 0.00143316 0.000342282 -0.00143328 0.999998 0.00172921 -0.000339948 -0.00172879 0.999998 -0.0722942 0.118671 -0.263219
FixedParameters: 0 0 0

#Transform 148
Transform: AffineTransform_float_3_3
Parameters: 0.999998 0.0018351 0.000434841 -0.00183574 0.999997 0.0015139 -0.000432826 -0.0015141 0.999999 -0.0742249 0.122151 -0.246317
FixedParameters: 0 0 0

#Transform 149
Transform: AffineTransform_float_3_3
Parameters: 0.999998 0.00145739 0.000662249 -0.00145883 0.999997 0.00189173 -0.000659354 -0.00189227 0.999997 -0.061604 0.0608226 -0.211688
FixedParameters: 0 0 0

#Transform 150
Transform: AffineTransform_float_3_3
Parameters: 0.999999 0.00119515 0.000614515 -0.00119604 0.999997 0.00191011 -0.000611648 -0.00191088 0.999998 -0.0559675 0.0725104 -0.240556
FixedParameters: 0 0 0

#Transform 151
Transform: AffineTransform_float_3_3
Parameters: 1 0.000995198 0.000603288 -0.000995841 0.999998 0.00173725 -0.00060153 -0.00173775 0.999998 -0.0486467 0.0897319 -0.256574
FixedParameters: 0 0 0

#Transform 152
Transform: AffineTransform_float_3_3
Parameters: 0.999999 0.00117015 0.000738483 -0.00117054 0.999999 0.00125234 -0.000737253 -0.00125266 0.999999 -0.0561574 0.127585 -0.277319
FixedParameters: 0 0 0

#Transform 153
Transform: AffineTransform_float_3_3
Parameters: 0.999999 0.000863397 0.000290663 -0.000863644 0.999998 0.00133975 -0.00028966 -0.00134025 0.999999 -0.052733 0.0946861 -0.22449
FixedParameters: 0 0 0

#Transform 154
Transform: AffineTransform_float_3_3
Parameters: 0.999999 0.00125036 0.000397756 -0.00125157 0.999998 0.00169835 -0.000395739 -0.00169865 0.999999 -0.0595849 0.0738109 -0.212246
FixedParameters: 0 0 0

#Transform 155
Transform: AffineTransform_float_3_3
Parameters: 1 0.00107059 0.00020324 -0.00107107 0.999999 0.00153927 -0.000202175 -0.00153973 0.999998 -0.0527738 0.0666744 -0.213847
FixedParameters: 0 0 0

#Transform 156
Transform: AffineTransform_float_3_3
Parameters: 0.999999 0.00125042 0.000904023 -0.00125155 0.999999 0.000919717 -0.000903031 -0.000921283 0.999999 -0.0515985 0.122129 -0.222163
FixedParameters: 0 0 0

#Transform 157
Transform: AffineTransform_float_3_3
Parameters: 0.999998 0.00133301 0.0010449 -0.00133383 0.999999 0.000832455 -0.00104307 -0.000834544 0.999999 -0.0559146 0.122108 -0.201095
FixedParameters: 0 0 0

#Transform 158
Transform: AffineTransform_float_3_3
Parameters: 1 0.00101552 0.000649522 -0.00101629 0.999999 0.00100219 -0.000648796 -0.00100281 0.999999 -0.0468663 0.0773946 -0.188986
FixedParameters: 0 0 0

#Transform 159
Transform: AffineTransform_float_3_3
Parameters: 0.999999 0.000909772 0.000400208 -0.000910263 0.999999 0.00127648 -0.000399196 -0.00127652 0.999999 -0.043937 0.0767586 -0.197348
FixedParameters: 0 0 0

#Transform 160
Transform: AffineTransform_float_3_3
Parameters: 0.999998 0.00128558 0.000979238 -0.00128638 0.999999 0.000883436 -0.000977355 -0.000884563 0.999999 -0.0577634 0.139511 -0.239865
FixedParameters: 0 0 0

#Transform 161
Transform: AffineTransform_float_3_3
Parameters: 0.999999 0.00129788 0.00083396 -0.00129754 0.999999 0.000902766 -0.000832396 -0.000904234 0.999999 -0.0536537 0.123211 -0.184305
FixedParameters: 0 0 0

#Transform 162
Transform: AffineTransform_float_3_3
Parameters: 1 0.000943138 0.000477998 -0.000943325 1 0.000750397 -0.000477893 -0.000750604 1 -0.0416191 0.0816199 -0.165686
FixedParameters: 0 0 0

#Transform 163
Transform: AffineTransform_float_3_3
Parameters: 0.999999 0.00110526 0.00086122 -0.00110629 0.999999 0.000904896 -0.000860529 -0.000906105 0.999999 -0.04204 0.0934653 -0.205312
FixedParameters: 0 0 0

#Transform 164
Transform: AffineTransform_float_3_3
Parameters: 0.999998 0.00120674 0.00110188 -0.00120785 0.999999 0.00116488 -0.00110077 -0.00116612 0.999999 -0.0500501 0.138531 -0.234583
FixedParameters: 0 0 0

#Transform 165
Transform: AffineTransform_float_3_3
Parameters: 0.999999 0.00117748 0.00103284 -0.00117811 0.999999 0.00119699 -0.0010308 -0.00119801 0.999999 -0.0491054 0.127605 -0.206229
FixedParameters: 0 0 0

#Transform 166
Transform: AffineTransform_float_3_3
Parameters: 0.999999 0.00127744 0.00084986 -0.00127927 0.999998 0.00169876 -0.000848137 -0.00170024 0.999998 -0.053638 0.0749564 -0.205621
FixedParameters: 0 0 0

#Transform 167
Transform: AffineTransform_float_3_3
Parameters: 1 0.000925172 0.000437438 -0.000925204 0.999999 0.00169744 -0.000435999 -0.00169756 0.999999 -0.0468967 0.0862665 -0.234966
FixedParameters: 0 0 0

#Transform 168
Transform: AffineTransform_float_3_3
Parameters: 0.999999 0.00141843 0.000545815 -0.00141954 0.999998 0.00150908 -0.000542842 -0.00150993 0.999999 -0.0603346 0.13178 -0.278895
FixedParameters: 0 0 0

#Transform 169
Transform: AffineTransform_float_3_3
Parameters: 0.999999 0.00135859 0.000740353 -0.00136012 0.999999 0.00139384 -0.000737873 -0.00139516 0.999999 -0.0590118 0.12434 -0.240126
FixedParameters: 0 0 0

#Transform 170
Transform: AffineTransform_float_3_3
Parameters: 0.999999 0.00118036 0.00104321 -0.00118252 0.999997 0.00217362 -0.00104016 -0.00217538 0.999997 -0.0399886 0.062346 -0.229158
FixedParameters: 0 0 0

#Transform 171
Transform: AffineTransform_float_3_3
Parameters: 1 0.000968113 0.000540146 -0.000969003 0.999997 0.00217048 -0.000537643 -0.00217152 0.999998 -0.0366638 0.0997133 -0.232658
FixedParameters: 0 0 0

#Transform 172
Transform: AffineTransform_float_3_3
Parameters: 0.999999 0.00109324 0.000562939 -0.00109372 0.999998 0.00171723 -0.000560885 -0.00171777 0.999998 -0.0446356 0.0900978 -0.251561
FixedParameters: 0 0 0

#Transform 173
Transform: AffineTransform_float_3_3
Parameters: 0.999999 0.00127513 0.00070918 -0.00127624 0.999998 0.00115694 -0.000707538 -0.00115806 0.999999 -0.0527933 0.127329 -0.28052
FixedParameters: 0 0 0

#Transform 174
Transform: AffineTransform_float_3_3
Parameters: 1 0.000977531 0.000560504 -0.000978479 0.999998 0.00131845 -0.000559235 -0.00131955 0.999999 -0.0469671 0.0944865 -0.245801
FixedParameters: 0 0 0

#Transform 175
Transform: AffineTransform_float_3_3
Parameters: 1 0.000989756 0.000590381 -0.000990341 0.999998 0.00172642 -0.000588663 -0.00172758 0.999999 -0.0461182 0.0587522 -0.223387
FixedParameters: 0 0 0

#Transform 176
Transform: AffineTransform_float_3_3
Parameters: 0.999999 0.00103386 0.000694278 -0.00103454 0.999998 0.00153649 -0.000692801 -0.00153651 0.999999 -0.0402852 0.0799725 -0.244453
FixedParameters: 0 0 0

#Transform 177
Transform: AffineTransform_float_3_3
Parameters: 0.999999 0.00113387 0.000929666 -0.00113459 0.999999 0.00117115 -0.000928711 -0.00117185 0.999999 -0.0376016 0.125599 -0.266035
FixedParameters: 0 0 0

#Transform 178
Transform: AffineTransform_float_3_3
Parameters: 0.999999 0.00103837 0.000704076 -0.00103863 0.999998 0.00121527 -0.000703252 -0.00121673 0.999999 -0.0359155 0.0765058 -0.164863
FixedParameters: 0 0 0

#Transform 179
Transform: AffineTransform_float_3_3
Parameters: 1 0.000461825 0.000460488 -0.000462537 0.999999 0.00134879 -0.000460553 -0.00134921 0.999999 -0.0104279 0.0651158 -0.164941
FixedParameters: 0 0 0

#Transform 180
Transform: AffineTransform_float_3_3
Parameters: 0.999999 0.00055847 0.000688862 -0.000558383 0.999999 0.00127362 -0.000688221 -0.00127438 0.999999 -0.0209997 0.12222 -0.223102
FixedParameters: 0 0 0

#Transform 181
Transform: AffineTransform_float_3_3
Parameters: 0.999999 0.000999631 0.000818286 -0.00100134 0.999999 0.00136839 -0.000816859 -0.00136861 0.999999 -0.0288396 0.119791 -0.223066
FixedParameters: 0 0 0

#Transform 182
Transform: AffineTransform_float_3_3
Parameters: 0.999999 0.00112555 0.000902925 -0.00112655 0.999998 0.00136219 -0.000901559 -0.00136281 0.999999 -0.0382535 0.0606524 -0.193263
FixedParameters: 0 0 0

#Transform 183
Transform: AffineTransform_float_3_3
Parameters: 0.999999 0.00109417 0.000616973 -0.00109597 0.999997 0.00189232 -0.000614138 -0.00189367 0.999998 -0.0398788 0.084299 -0.207728
FixedParameters: 0 0 0

#Transform 184
Transform: AffineTransform_float_3_3
Parameters: 0.999999 0.00135002 0.000722059 -0.0013503 0.999998 0.00119987 -0.000720519 -0.00120113 0.999999 -0.0481393 0.144196 -0.270483
FixedParameters: 0 0 0

#Transform 185
Transform: AffineTransform_float_3_3
Parameters: 0.999999 0.00139414 0.00059818 -0.00139515 0.999998 0.00129501 -0.000595878 -0.00129598 0.999999 -0.053995 0.136956 -0.249579
FixedParameters: 0 0 0

#Transform 186
Transform: AffineTransform_float_3_3
Parameters: 0.999999 0.00112876 0.000514981 -0.00112865 0.999998 0.00129542 -0.000513758 -0.00129658 0.999999 -0.0559569 0.0753419 -0.224717
FixedParameters: 0 0 0

#Transform 187
Transform: AffineTransform_float_3_3
Parameters: 1 0.000914866 0.000333105 -0.000915354 0.999998 0.00153154 -0.000331613 -0.00153146 0.999998 -0.0328612 0.0806934 -0.163293
FixedParameters: 0 0 0

#Transform 188
Transform: AffineTransform_float_3_3
Parameters: 1 0.000461387 0.000460927 -0.000462056 0.999998 0.00229964 -0.000460506 -0.00229937 0.999997 -0.0191421 0.15428 -0.187567
FixedParameters: 0 0 0

#Transform 189
Transform: AffineTransform_float_3_3
Parameters: 1 0.00119033 6.16102e-05 -0.00118998 0.999996 0.00262293 -5.89096e-05 -0.00262307 0.999997 -0.0654326 0.306033 -0.289475
FixedParameters: 0 0 0

#Transform 190
Transform: AffineTransform_float_3_3
Parameters: 0.999999 0.00146593 0.000877013 -0.00147049 0.999981 0.00601257 -0.000868395 -0.00601444 0.999982 -0.0375305 0.284645 -0.249766
FixedParameters: 0 0 0

#Transform 191
Transform: AffineTransform_float_3_3
