# transform file /out/sourcedata/freesurfer/sub-v2s5x29556_ses-1/mri/transforms/cc_up.lta
# created by oesteban on Fri Mar 13 10:16:27 2026

type      = 0 # LINEAR_VOX_TO_VOX
nxforms   = 1
mean      = 164.0000 139.0000 137.0000
sigma     = 10000.0000
1 4 4
9.998468756675720e-01 -5.580679513514042e-03 -1.659277826547623e-02 -2.839777374267578e+01 
5.579911172389984e-03 9.999845027923584e-01 -9.260042133973911e-05 1.311424827575684e+01 
1.659303531050682e-02 7.275958481545164e-12 9.998624324798584e-01 8.344630241394043e+00 
0.000000000000000e+00 0.000000000000000e+00 0.000000000000000e+00 1.000000000000000e+00 
src volume info
valid = 1  # volume info valid
filename = /out/sourcedata/freesurfer/sub-v2s5x29556_ses-1/mri/norm.mgz
volume = 320 320 320
voxelsize = 6.999999880790710e-01 6.999999880790710e-01 6.999999880790710e-01
xras   = -1.000000000000000e+00 0.000000000000000e+00 0.000000000000000e+00
yras   = 0.000000000000000e+00 0.000000000000000e+00 -1.000000000000000e+00
zras   = 0.000000000000000e+00 1.000000000000000e+00 0.000000000000000e+00
cras   = 5.073501586914062e+00 1.883200073242188e+01 -7.947006225585938e+00
dst volume info
valid = 1  # volume info valid
filename = /out/sourcedata/freesurfer/sub-v2s5x29556_ses-1/mri/norm.mgz
volume = 320 320 320
voxelsize = 6.999999880790710e-01 6.999999880790710e-01 6.999999880790710e-01
xras   = -1.000000000000000e+00 0.000000000000000e+00 0.000000000000000e+00
yras   = 0.000000000000000e+00 0.000000000000000e+00 -1.000000000000000e+00
zras   = 0.000000000000000e+00 1.000000000000000e+00 0.000000000000000e+00
cras   = 5.073501586914062e+00 1.883200073242188e+01 -7.947006225585938e+00
