# transform file /out/sourcedata/freesurfer/sub-v2s5x29546_ses-1/mri/transforms/cc_up.lta
# created by oesteban on Fri Mar 13 09:57:00 2026

type      = 0 # LINEAR_VOX_TO_VOX
nxforms   = 1
mean      = 162.0000 116.0000 146.0000
sigma     = 10000.0000
1 4 4
9.946917891502380e-01 -8.116421103477478e-02 6.325076520442963e-02 -3.246691894531250e+01 
8.100061863660812e-02 9.967007637023926e-01 5.150692071765661e-03 1.351695346832275e+01 
-6.346014142036438e-02 0.000000000000000e+00 9.979844093322754e-01 2.960423278808594e+01 
0.000000000000000e+00 0.000000000000000e+00 0.000000000000000e+00 1.000000000000000e+00 
src volume info
valid = 1  # volume info valid
filename = /out/sourcedata/freesurfer/sub-v2s5x29546_ses-1/mri/norm.mgz
volume = 320 320 320
voxelsize = 6.999999880790710e-01 6.999999880790710e-01 6.999999880790710e-01
xras   = -1.000000000000000e+00 0.000000000000000e+00 0.000000000000000e+00
yras   = 0.000000000000000e+00 0.000000000000000e+00 -1.000000000000000e+00
zras   = 0.000000000000000e+00 1.000000000000000e+00 0.000000000000000e+00
cras   = 4.468101501464844e+00 2.306999206542969e+01 -1.218460083007812e+01
dst volume info
valid = 1  # volume info valid
filename = /out/sourcedata/freesurfer/sub-v2s5x29546_ses-1/mri/norm.mgz
volume = 320 320 320
voxelsize = 6.999999880790710e-01 6.999999880790710e-01 6.999999880790710e-01
xras   = -1.000000000000000e+00 0.000000000000000e+00 0.000000000000000e+00
yras   = 0.000000000000000e+00 0.000000000000000e+00 -1.000000000000000e+00
zras   = 0.000000000000000e+00 1.000000000000000e+00 0.000000000000000e+00
cras   = 4.468101501464844e+00 2.306999206542969e+01 -1.218460083007812e+01
