#Insight Transform File V1.0
#Transform 0
Transform: AffineTransform_float_3_3
Parameters: 1 0.000834291 0.000528239 -0.000832926 0.999995 -0.00315959 -0.000530494 0.0031594 0.999994 -0.0287276 0.0754767 -0.0879549
FixedParameters: 0 0 0

#Transform 1
Transform: AffineTransform_float_3_3
Parameters: 1 0.000922009 0.000754751 -0.000919454 0.999994 -0.00360685 -0.000757989 0.00360615 0.999993 -0.0280931 0.13906 -0.142283
FixedParameters: 0 0 0

#Transform 2
Transform: AffineTransform_float_3_3
Parameters: 0.999999 0.000874573 0.000446689 -0.000873565 0.999994 -0.00333439 -0.000449504 0.00333361 0.999995 -0.0228948 0.0725335 -0.0839498
FixedParameters: 0 0 0

#Transform 3
Transform: AffineTransform_float_3_3
Parameters: 1 0.00093242 0.000562623 -0.000931256 0.999995 -0.00278952 -0.000564808 0.00278847 0.999996 -0.0377474 0.00892325 -0.0632668
FixedParameters: 0 0 0

#Transform 4
Transform: AffineTransform_float_3_3
Parameters: 1 0.0010038 0.00066231 -0.00100152 0.999994 -0.00320531 -0.000665724 0.00320469 0.999995 -0.029042 0.084339 -0.114985
FixedParameters: 0 0 0

#Transform 5
Transform: AffineTransform_float_3_3
Parameters: 1 0.000896391 0.000765648 -0.000893522 0.999992 -0.00376033 -0.000768974 0.00375967 0.999993 -0.034152 0.149387 -0.173016
FixedParameters: 0 0 0

#Transform 6
Transform: AffineTransform_float_3_3
Parameters: 1 0.000807602 0.000741809 -0.000805605 0.999993 -0.00355639 -0.000745063 0.00355661 0.999993 -0.0330628 0.072583 -0.0918023
FixedParameters: 0 0 0

#Transform 7
Transform: AffineTransform_float_3_3
Parameters: 0.999999 0.00102373 0.000711436 -0.00102116 0.999994 -0.00319252 -0.000714952 0.00319248 0.999995 -0.0325379 0.0350088 -0.0716234
FixedParameters: 0 0 0

#Transform 8
Transform: AffineTransform_float_3_3
Parameters: 0.999999 0.00107546 0.00068901 -0.00107345 0.999993 -0.00354653 -0.000693227 0.00354646 0.999993 -0.0317955 0.124348 -0.138946
FixedParameters: 0 0 0

#Transform 9
Transform: AffineTransform_float_3_3
Parameters: 0.999999 0.000992993 0.000724116 -0.000990225 0.999992 -0.00390287 -0.000728451 0.00390213 0.999992 -0.0253345 0.156737 -0.147259
FixedParameters: 0 0 0

#Transform 10
Transform: AffineTransform_float_3_3
Parameters: 0.999999 0.00116939 0.000530263 -0.00116772 0.999993 -0.00342562 -0.000535255 0.00342438 0.999994 -0.0263714 0.0552154 -0.068454
FixedParameters: 0 0 0

#Transform 11
Transform: AffineTransform_float_3_3
Parameters: 1 0.000997931 0.000587555 -0.000996087 0.999995 -0.00324474 -0.000591012 0.00324426 0.999995 -0.028011 0.0403282 -0.0702973
FixedParameters: 0 0 0

#Transform 12
Transform: AffineTransform_float_3_3
Parameters: 1 0.00075956 0.000637262 -0.000756947 0.999993 -0.00359749 -0.000639704 0.00359652 0.999994 -0.0292127 0.132381 -0.135881
FixedParameters: 0 0 0

#Transform 13
Transform: AffineTransform_float_3_3
Parameters: 1 0.000891874 0.000599883 -0.000889608 0.999991 -0.00397153 -0.000602633 0.00397046 0.999992 -0.0203652 0.148186 -0.129224
FixedParameters: 0 0 0

#Transform 14
Transform: AffineTransform_float_3_3
Parameters: 1 0.00112317 0.000483957 -0.00112209 0.999994 -0.0031497 -0.000488016 0.0031493 0.999994 -0.0246107 0.00981361 -0.0327511
FixedParameters: 0 0 0

#Transform 15
Transform: AffineTransform_float_3_3
Parameters: 0.999999 0.000883639 0.000169433 -0.000883358 0.999997 -0.0023723 -0.000172314 0.0023727 0.999997 -0.0130102 -0.00978096 -0.0101395
FixedParameters: 0 0 0

#Transform 16
Transform: AffineTransform_float_3_3
Parameters: 1 0.000503921 0.000495351 -0.000503446 1 -0.000479249 -0.000495833 0.00047875 1 0.0188795 -0.0295422 0.108657
FixedParameters: 0 0 0

#Transform 17
Transform: AffineTransform_float_3_3
Parameters: 1 6.47268e-05 0.000522371 -6.37467e-05 0.999999 -0.000937674 -0.000522492 0.000938326 1 0.0344646 0.0470829 -0.00780631
FixedParameters: 0 0 0

#Transform 18
Transform: AffineTransform_float_3_3
Parameters: 1 6.49132e-05 0.000522348 -6.356e-05 0.999999 -0.00129503 -0.000522514 0.00129497 0.999999 0.0186713 0.114314 -0.089434
FixedParameters: 0 0 0

#Transform 19
Transform: AffineTransform_float_3_3
Parameters: 1 -7.95435e-05 0.000183689 7.95612e-05 1 -4.79854e-05 -0.000183682 4.80146e-05 1 0.0107286 -0.07481 0.0596009
FixedParameters: 0 0 0

#Transform 20
Transform: AffineTransform_float_3_3
Parameters: 1 -9.24811e-05 0.000153288 9.33322e-05 1 0.000226014 -0.000153721 -0.000225986 1 -0.00224536 -0.0220037 0.0221654
FixedParameters: 0 0 0

#Transform 21
Transform: AffineTransform_float_3_3
Parameters: 0.999999 0.000530111 -0.000704638 -0.000529173 1 0.000665166 0.000705343 -0.000665833 1 0.00938786 -0.116003 0.180587
FixedParameters: 0 0 0

#Transform 22
Transform: AffineTransform_float_3_3
Parameters: 0.999998 0.000639998 -0.00183738 -0.000636183 0.999997 0.00210848 0.00183848 -0.00210752 0.999996 0.0366507 -0.0776804 0.232348
FixedParameters: 0 0 0

#Transform 23
Transform: AffineTransform_float_3_3
Parameters: 0.999999 0.000331396 -0.000993396 -0.000330584 0.999998 0.00153184 0.000994271 -0.00153116 0.999999 0.0156885 -0.019433 0.135783
FixedParameters: 0 0 0

#Transform 24
Transform: AffineTransform_float_3_3
Parameters: 0.999999 0.000644346 -0.000724108 -0.00064237 0.999997 0.00253626 0.000725922 -0.00253674 0.999997 0.00781359 -0.15885 0.254439
FixedParameters: 0 0 0

#Transform 25
Transform: AffineTransform_float_3_3
Parameters: 1 0.000323783 -0.000624057 -0.000322638 0.999998 0.00196635 0.000624798 -0.00196665 0.999998 0.00834217 -0.089274 0.225925
FixedParameters: 0 0 0

#Transform 26
Transform: AffineTransform_float_3_3
Parameters: 0.999999 0.000912866 -8.90172e-05 -0.000912918 0.999999 -0.000291919 8.84841e-05 0.000292081 1 -0.0308083 0.0036036 0.0423243
FixedParameters: 0 0 0

#Transform 27
Transform: AffineTransform_float_3_3
Parameters: 0.999999 0.000651285 -0.000435606 -0.000651668 0.999998 -0.00194872 0.000433596 0.00194928 0.999998 -0.0138874 0.0605056 0.00634542
FixedParameters: 0 0 0

#Transform 28
Transform: AffineTransform_float_3_3
Parameters: 0.999999 0.000713732 -0.000557225 -0.000714679 0.999999 -0.0012006 0.00055643 0.0012014 0.999999 -0.0174042 0.0497074 0.00266505
FixedParameters: 0 0 0

#Transform 29
Transform: AffineTransform_float_3_3
Parameters: 0.999999 0.000580976 -0.000404648 -0.00058153 0.999999 -0.000684764 0.000403851 0.000685234 0.999999 -0.0145915 -0.0269402 0.0598017
FixedParameters: 0 0 0

#Transform 30
Transform: AffineTransform_float_3_3
Parameters: 1 0.000577259 -0.000403135 -0.000577885 1 -0.000777127 0.000402238 0.000776873 0.999999 -0.0131628 -0.0339691 0.046536
FixedParameters: 0 0 0

#Transform 31
Transform: AffineTransform_float_3_3
Parameters: 1 0.000570645 -0.000400641 -0.000571611 0.999999 -0.00120677 0.000399262 0.00120723 0.999999 -0.0135834 0.0240344 0.0276513
FixedParameters: 0 0 0

#Transform 32
Transform: AffineTransform_float_3_3
Parameters: 0.999999 0.000572227 -0.00048379 -0.000572842 1 -0.00103972 0.00048352 0.00104028 1 -0.00688865 0.0492549 -0.00337026
FixedParameters: 0 0 0

#Transform 33
Transform: AffineTransform_float_3_3
Parameters: 1 0.000565304 -0.000398036 -0.000565907 1 -0.000758135 0.000397178 0.000757865 0.999999 -0.00996045 0.0230663 0.0221744
FixedParameters: 0 0 0

#Transform 34
Transform: AffineTransform_float_3_3
Parameters: 1 0.000537808 -0.000386139 -0.000538172 0.999999 -0.000471792 0.000385631 0.000472207 1 -0.0103422 -0.0483254 0.0602141
FixedParameters: 0 0 0

#Transform 35
Transform: AffineTransform_float_3_3
Parameters: 1 0.000502691 -0.000371471 -0.000503331 1 -0.000862173 0.000370604 0.000861827 0.999999 -0.0108166 0.00231644 0.0403559
FixedParameters: 0 0 0

#Transform 36
Transform: AffineTransform_float_3_3
Parameters: 1 0.000345129 -0.000386895 -0.000345601 1 -0.000609866 0.000386473 0.000610133 0.999999 -0.00987424 0.0387479 0.0216633
FixedParameters: 0 0 0

#Transform 37
Transform: AffineTransform_float_3_3
Parameters: 1 0.000347875 -0.000380447 -0.000347935 1 -0.000592867 0.000380955 0.000593132 1 -0.0100409 0.031973 -0.0285139
FixedParameters: 0 0 0

#Transform 38
Transform: AffineTransform_float_3_3
Parameters: 1 0.000305241 -0.000480747 -0.00030539 1 -0.000560853 0.000481325 0.000561147 0.999999 -0.0148971 -0.0223056 -0.00559039
FixedParameters: 0 0 0

#Transform 39
Transform: AffineTransform_float_3_3
Parameters: 1 0.000374874 -0.000316947 -0.000375247 1 -0.000589881 0.000316505 0.000590118 1 -0.0262785 -0.0225869 -0.00230327
FixedParameters: 0 0 0

#Transform 40
Transform: AffineTransform_float_3_3
Parameters: 1 0.000374776 -0.000317063 -0.000375346 1 -0.000899241 0.000316389 0.000898759 0.999999 -0.0124166 0.0191881 -0.00612928
FixedParameters: 0 0 0

#Transform 41
Transform: AffineTransform_float_3_3
Parameters: 1 0.000374731 -0.000317117 -0.000375391 1 -0.00104188 0.000316335 0.00104212 1 -0.0123893 0.0518465 -0.0314408
FixedParameters: 0 0 0

#Transform 42
Transform: AffineTransform_float_3_3
Parameters: 1 0.000374809 -0.000317024 -0.000375312 0.999999 -0.000794728 0.000316428 0.000794271 1 -0.012434 0.00695692 0.0248869
FixedParameters: 0 0 0

#Transform 43
Transform: AffineTransform_float_3_3
Parameters: 1 0.000564738 -0.000302266 -0.000565283 1 -0.000904189 0.000301244 0.000903811 0.999999 -0.0192131 -0.0434626 0.0600633
FixedParameters: 0 0 0

#Transform 44
Transform: AffineTransform_float_3_3
Parameters: 1 0.000491483 -0.00027773 -0.00049078 1 -0.00109486 0.000277184 0.00109514 1 -0.0140848 0.0230537 0.0282317
FixedParameters: 0 0 0

#Transform 45
Transform: AffineTransform_float_3_3
Parameters: 1 0.000374697 -0.000317156 -0.000375424 1 -0.00114788 0.000316295 0.00114812 1 -0.012407 0.0478213 -0.0120144
FixedParameters: 0 0 0

#Transform 46
Transform: AffineTransform_float_3_3
Parameters: 1 0.000374865 -0.000316957 -0.000375256 0.999999 -0.000616881 0.000316494 0.000617118 1 -0.012385 0.0836374 -0.0233122
FixedParameters: 0 0 0

#Transform 47
Transform: AffineTransform_float_3_3
Parameters: 1 0.000544146 -0.000389024 -0.000544722 1 -0.000741148 0.000388217 0.000740852 0.999999 -0.00563788 -0.0339429 0.0541552
FixedParameters: 0 0 0

#Transform 48
Transform: AffineTransform_float_3_3
Parameters: 1 0.000348176 -0.000379609 -0.000348806 0.999999 -0.000829867 0.000379031 0.000830131 0.999999 -0.0101589 0.000233944 0.0318102
FixedParameters: 0 0 0

#Transform 49
Transform: AffineTransform_float_3_3
Parameters: 1 0.00034142 -0.00039534 -0.000342277 1 -0.00108487 0.000394598 0.00108514 1 -0.000188324 0.0248428 -0.00212352
FixedParameters: 0 0 0

#Transform 50
Transform: AffineTransform_float_3_3
Parameters: 1 0.000283423 -0.000531523 -0.000284228 0.999999 -0.0011247 0.000531805 0.0011243 1 0.00299936 0.0774668 -0.042993
FixedParameters: 0 0 0

#Transform 51
Transform: AffineTransform_float_3_3
Parameters: 1 0.000460525 -0.000480732 -0.000461038 0.999999 -0.000939778 0.000480787 0.000940221 0.999999 0.00127926 -0.0110961 0.0400806
FixedParameters: 0 0 0

#Transform 52
Transform: AffineTransform_float_3_3
Parameters: 0.999999 0.000694327 -0.000452538 -0.000694624 0.999999 -0.000328686 0.000452081 0.000329314 1 -0.010738 -0.0373357 0.0427503
FixedParameters: 0 0 0

#Transform 53
Transform: AffineTransform_float_3_3
Parameters: 1 0.000542159 -0.000935676 -0.000543146 0.999999 -0.000527339 0.000935104 0.00052766 0.999999 0.0093749 0.0394514 -0.0377307
FixedParameters: 0 0 0

#Transform 54
Transform: AffineTransform_float_3_3
Parameters: 1 0.000696566 -0.000759023 -0.000697399 1 -0.000548831 0.000758258 0.000549169 0.999999 0.00276881 0.0724593 -0.0448855
FixedParameters: 0 0 0

#Transform 55
Transform: AffineTransform_float_3_3
Parameters: 0.999999 0.000521294 -0.000488885 -0.000521783 0.999999 -0.000499745 0.000488364 0.000500254 1 -0.00141542 -0.0185191 0.0280615
FixedParameters: 0 0 0

#Transform 56
Transform: AffineTransform_float_3_3
Parameters: 1 0.000374929 -0.000316882 -0.000375193 1 -0.000416881 0.00031657 0.000417119 1 0.00268975 -0.0408395 0.0448239
FixedParameters: 0 0 0

#Transform 57
Transform: AffineTransform_float_3_3
Parameters: 1 0.000541977 7.58023e-05 -0.000541829 1 -0.000973042 -7.68568e-05 0.000972959 1 -0.00639124 0.0548246 -0.0117331
FixedParameters: 0 0 0

#Transform 58
Transform: AffineTransform_float_3_3
Parameters: 1 0.000282815 -0.000277851 -0.000282284 0.999999 -0.000701921 0.000277064 0.000702078 0.999999 -0.00145811 0.071332 -0.0276225
FixedParameters: 0 0 0

#Transform 59
Transform: AffineTransform_float_3_3
Parameters: 1 0.000328931 -0.000297305 -0.000329139 1 -0.000349902 0.000297074 0.000350098 1 -0.00643365 -0.0261666 0.0376385
FixedParameters: 0 0 0

#Transform 60
Transform: AffineTransform_float_3_3
Parameters: 1 0.000375115 -0.000316662 -0.000375007 1 0.000170119 0.00031679 -0.000169881 1 0.00484635 -0.0317874 0.0694167
FixedParameters: 0 0 0

#Transform 61
Transform: AffineTransform_float_3_3
Parameters: 1 0.00016915 0.000342167 -0.00017001 0.999996 0.00260394 -0.000341675 -0.00260406 0.999996 -0.0062639 -0.0822055 0.0785657
FixedParameters: 0 0 0

#Transform 62
Transform: AffineTransform_float_3_3
Parameters: 0.999999 0.0011509 -0.0010243 -0.00114661 0.999993 0.00330133 0.0010286 -0.00329967 0.999994 0.0318155 -0.0719516 0.134158
FixedParameters: 0 0 0

#Transform 63
Transform: AffineTransform_float_3_3
Parameters: 0.999999 0.000950195 -0.000999766 -0.000948488 0.999997 0.00235774 0.00100226 -0.00235726 0.999997 0.0119029 -0.00294675 0.0259428
FixedParameters: 0 0 0

#Transform 64
Transform: AffineTransform_float_3_3
Parameters: 0.999999 0.000930604 -0.000844765 -0.000928527 0.999998 0.00169058 0.000846067 -0.00169042 0.999998 0.0144908 -0.0995076 0.113578
FixedParameters: 0 0 0

#Transform 65
Transform: AffineTransform_float_3_3
Parameters: 1 0.000857354 -0.000786792 -0.000855232 0.999999 0.00159531 0.000788603 -0.00159468 0.999998 0.0164909 -0.0764075 0.121081
FixedParameters: 0 0 0

#Transform 66
Transform: AffineTransform_float_3_3
Parameters: 1 0.000860816 -0.000778548 -0.000858803 0.999999 0.00154231 0.000780279 -0.00154169 0.999998 0.00663867 -0.0489186 0.107018
FixedParameters: 0 0 0

#Transform 67
Transform: AffineTransform_float_3_3
Parameters: 1 0.00082115 -0.000871905 -0.000819933 0.999999 0.00114687 0.000871945 -0.00114613 0.999999 0.000852392 0.0137032 0.0324946
FixedParameters: 0 0 0

#Transform 68
Transform: AffineTransform_float_3_3
Parameters: 1 0.000821147 -0.000871908 -0.000819936 0.999999 0.00114272 0.000871941 -0.00114128 0.999999 0.0127216 -0.0139556 0.0704256
FixedParameters: 0 0 0

#Transform 69
Transform: AffineTransform_float_3_3
Parameters: 0.999999 0.000527242 -0.000747686 -0.000526168 0.999999 0.000979547 0.000747797 -0.000979454 1 0.0154681 -0.054814 0.0882166
FixedParameters: 0 0 0

#Transform 70
Transform: AffineTransform_float_3_3
Parameters: 0.999999 0.000435124 -0.000708721 -0.000435105 1 0.000938462 0.000709008 -0.00093854 1 0.0152194 -0.0170508 0.0660712
FixedParameters: 0 0 0

#Transform 71
Transform: AffineTransform_float_3_3
Parameters: 0.999999 0.000434999 -0.000708797 -0.00043523 1 0.000761949 0.00070893 -0.000762052 0.999999 0.0121899 -0.0147196 0.048443
FixedParameters: 0 0 0

#Transform 72
Transform: AffineTransform_float_3_3
Parameters: 0.999999 0.000461521 -0.000646182 -0.000461847 0.999999 0.000762298 0.000646356 -0.000761701 0.999999 0.0053961 -0.0114061 0.0687616
FixedParameters: 0 0 0

#Transform 73
Transform: AffineTransform_float_3_3
Parameters: 0.999999 0.000478424 -0.000606484 -0.000478155 1 0.000980291 0.000607812 -0.00097971 1 0.0113117 -0.0195792 0.060509
FixedParameters: 0 0 0

#Transform 74
Transform: AffineTransform_float_3_3
Parameters: 0.999999 0.000472507 -0.000620351 -0.000472743 1 0.000866086 0.00062064 -0.000866914 0.999999 0.00449893 0.032165 0.0456833
FixedParameters: 0 0 0

#Transform 75
Transform: AffineTransform_float_3_3
Parameters: 0.999999 0.000554224 -0.000758788 -0.000553886 0.999999 0.00134442 0.000758827 -0.00134358 0.999999 0.00705111 -0.0917391 0.103197
FixedParameters: 0 0 0

#Transform 76
Transform: AffineTransform_float_3_3
Parameters: 0.999999 0.000435223 -0.00070866 -0.000435006 0.999999 0.00107746 0.000709068 -0.00107754 1 0.00764977 -0.0428359 0.0751734
FixedParameters: 0 0 0

#Transform 77
Transform: AffineTransform_float_3_3
Parameters: 0.999999 0.000485619 -0.000589762 -0.000485418 0.999999 0.00128129 0.000590476 -0.00128071 0.999999 0.00336041 -0.0359975 0.0690453
FixedParameters: 0 0 0

#Transform 78
Transform: AffineTransform_float_3_3
Parameters: 0.999999 0.000593632 -0.000775687 -0.000593249 0.999999 0.00109161 0.000776453 -0.00109139 1 0.00968115 -0.0272696 0.0830226
FixedParameters: 0 0 0

#Transform 79
Transform: AffineTransform_float_3_3
Parameters: 0.999999 0.000435027 -0.00070878 -0.000435202 1 0.000800949 0.000708947 -0.000801052 0.999999 0.0167996 0.013382 0.0548002
FixedParameters: 0 0 0

#Transform 80
Transform: AffineTransform_float_3_3
Parameters: 0.999999 0.00059314 -0.000686718 -0.000592467 1 0.000774047 0.000686715 -0.000773953 0.999999 -0.00511018 -0.0194122 0.0687483
FixedParameters: 0 0 0

#Transform 81
Transform: AffineTransform_float_3_3
Parameters: 0.999999 0.000652757 -0.000800478 -0.00065234 0.999999 0.00132352 0.000800754 -0.00132248 0.999999 -0.000501138 -0.0791014 0.0944163
FixedParameters: 0 0 0

#Transform 82
Transform: AffineTransform_float_3_3
Parameters: 0.999999 0.00075062 -0.000404685 -0.000750271 0.999999 0.000913944 0.000405136 -0.000914056 0.999999 -0.00385313 -0.0330092 0.085597
FixedParameters: 0 0 0

#Transform 83
Transform: AffineTransform_float_3_3
Parameters: 0.999999 0.000514343 -0.000521709 -0.000514522 1 0.00108427 0.000522294 -0.00108373 1 2.34384e-05 -0.0127479 0.0613743
FixedParameters: 0 0 0

#Transform 84
Transform: AffineTransform_float_3_3
Parameters: 0.999999 0.000435363 -0.000708574 -0.000434865 0.999999 0.00127646 0.000709155 -0.00127654 0.999999 0.00451159 -0.0163665 0.0789529
FixedParameters: 0 0 0

#Transform 85
Transform: AffineTransform_float_3_3
Parameters: 0.999999 0.000485024 -0.000590852 -0.000485232 1 0.000932927 0.000591227 -0.000933073 0.999999 0.00366611 0.0521574 -0.00382135
FixedParameters: 0 0 0

#Transform 86
Transform: AffineTransform_float_3_3
Parameters: 0.999999 0.000357784 -0.000892642 -0.000356153 0.999999 0.00164747 0.000893288 -0.00164753 0.999999 0.0194933 -0.0387233 0.079877
FixedParameters: 0 0 0

#Transform 87
Transform: AffineTransform_float_3_3
Parameters: 0.999999 0.000435963 -0.000708204 -0.000434658 0.999998 0.00212295 0.000708602 -0.00212305 0.999997 0.00802891 -0.0875675 0.105388
FixedParameters: 0 0 0

#Transform 88
Transform: AffineTransform_float_3_3
Parameters: 0.999999 0.000328077 -0.000662762 -0.000327146 0.999998 0.00198722 0.000662614 -0.00198678 0.999998 0.011853 -0.0553188 0.0910437
FixedParameters: 0 0 0

#Transform 89
Transform: AffineTransform_float_3_3
Parameters: 1 0.000325961 -0.00050033 -0.000324722 0.999998 0.00162816 0.000500469 -0.00162784 0.999998 0.0156513 0.0138648 0.02451
FixedParameters: 0 0 0

#Transform 90
Transform: AffineTransform_float_3_3
Parameters: 1 0.000242279 -0.000626641 -0.000241338 0.999999 0.00179615 0.00062698 -0.00179585 0.999998 0.0155859 -0.00540866 0.0519052
FixedParameters: 0 0 0

#Transform 91
Transform: AffineTransform_float_3_3
Parameters: 0.999999 0.000435873 -0.00070826 -0.000434747 0.999998 0.00199631 0.000708547 -0.00199569 0.999998 0.0150203 -0.0880614 0.115784
FixedParameters: 0 0 0

#Transform 92
Transform: AffineTransform_float_3_3
Parameters: 0.999999 0.000435944 -0.000708215 -0.000434675 0.999997 0.00209731 0.000708591 -0.00209669 0.999997 0.0107944 -0.070457 0.0982978
FixedParameters: 0 0 0

#Transform 93
Transform: AffineTransform_float_3_3
Parameters: 1 0.00059525 -0.00033066 -0.000594458 0.999998 0.0017852 0.000331863 -0.0017848 0.999999 0.00605608 0.0150623 0.0375519
FixedParameters: 0 0 0

#Transform 94
Transform: AffineTransform_float_3_3
Parameters: 0.999999 0.000435853 -0.000708272 -0.000434767 0.999998 0.00196831 0.000708535 -0.00196769 0.999998 0.016299 -0.0163366 0.0769475
FixedParameters: 0 0 0

#Transform 95
Transform: AffineTransform_float_3_3
Parameters: 0.999999 0.000288455 -0.000646043 -0.000287604 0.999998 0.00197634 0.000645731 -0.00197666 0.999998 0.0121265 -0.0766586 0.102614
FixedParameters: 0 0 0

#Transform 96
Transform: AffineTransform_float_3_3
Parameters: 0.999999 0.000483979 -0.000594116 -0.000483542 0.999999 0.00180029 0.000594407 -0.00179971 0.999998 0.0141552 -0.0535491 0.0996575
FixedParameters: 0 0 0

#Transform 97
Transform: AffineTransform_float_3_3
Parameters: 0.999999 0.000435396 -0.000708553 -0.000434832 0.999999 0.00132331 0.000709174 -0.00132269 0.999999 0.0197306 0.0233778 0.0511387
FixedParameters: 0 0 0

#Transform 98
Transform: AffineTransform_float_3_3
Parameters: 0.999999 0.000435685 -0.000708376 -0.000434936 0.999999 0.00173031 0.000708432 -0.00172969 0.999999 0.0196058 0.0120515 0.0594256
FixedParameters: 0 0 0

#Transform 99
Transform: AffineTransform_float_3_3
Parameters: 0.999999 0.000532024 -0.000480599 -0.000531617 0.999998 0.0021919 0.00048148 -0.0021921 0.999997 0.00483536 -0.080163 0.118625
FixedParameters: 0 0 0

#Transform 100
Transform: AffineTransform_float_3_3
Parameters: 1 0.000338903 -0.000392772 -0.000338741 0.999998 0.00187329 0.000393512 -0.00187371 0.999999 0.00799468 -0.0455793 0.0978177
FixedParameters: 0 0 0

#Transform 101
Transform: AffineTransform_float_3_3
Parameters: 1 0.000278217 -0.000348752 -0.000278319 0.999999 0.00173274 0.000349187 -0.00173326 0.999998 0.00505042 -0.0287635 0.0835144
FixedParameters: 0 0 0

#Transform 102
Transform: AffineTransform_float_3_3
Parameters: 1 0.000136967 -0.000313 -0.00013596 0.999998 0.00160704 0.000313439 -0.00160696 0.999998 0.0055034 -0.0212384 0.10079
FixedParameters: 0 0 0

#Transform 103
Transform: AffineTransform_float_3_3
Parameters: 0.999999 0.000496542 -0.00056396 -0.000496375 0.999999 0.00130943 0.00056473 -0.00130957 0.999999 0.017564 0.0271876 0.0485183
FixedParameters: 0 0 0

#Transform 104
Transform: AffineTransform_float_3_3
Parameters: 0.999999 0.000131151 -0.000868609 -0.00012987 0.999998 0.00149227 0.000868468 -0.00149273 0.999998 0.0243742 0.0301568 0.059531
FixedParameters: 0 0 0

#Transform 105
Transform: AffineTransform_float_3_3
Parameters: 0.999999 0.000435746 -0.000708338 -0.000434875 0.999999 0.00181631 0.000708469 -0.00181569 0.999998 0.00595916 -0.112492 0.160264
FixedParameters: 0 0 0

#Transform 106
Transform: AffineTransform_float_3_3
Parameters: 1 -5.87797e-05 -0.000499433 5.96123e-05 0.999997 0.00214797 0.000498649 -0.00214803 0.999997 0.0134961 -0.0647059 0.149091
FixedParameters: 0 0 0

#Transform 107
Transform: AffineTransform_float_3_3
Parameters: 0.999998 0.00153956 -0.00117417 -0.00153738 0.999997 0.00198424 0.00117699 -0.00198276 0.999997 0.0202218 -0.144035 0.422561
FixedParameters: 0 0 0

#Transform 108
Transform: AffineTransform_float_3_3
Parameters: 0.999999 0.00168175 -0.000729216 -0.00168227 0.999998 -0.00116413 0.000728058 0.00116587 0.999999 -0.00802229 0.122209 0.0860918
FixedParameters: 0 0 0

#Transform 109
Transform: AffineTransform_float_3_3
Parameters: 0.999998 0.00148747 -0.0011885 -0.00148635 0.999998 0.00118956 0.00119059 -0.00118744 0.999999 0.0215578 -0.00377254 0.172399
FixedParameters: 0 0 0

#Transform 110
Transform: AffineTransform_float_3_3
Parameters: 0.999998 0.00105002 -0.00118574 -0.00104874 0.999999 0.00125604 0.00118693 -0.00125496 0.999999 0.0222758 -0.054474 0.205719
FixedParameters: 0 0 0

#Transform 111
Transform: AffineTransform_float_3_3
Parameters: 0.999999 0.000981438 -0.000241625 -0.000981313 0.999999 0.00106324 0.000242791 -0.00106276 1 0.000226741 -0.000491558 0.196069
FixedParameters: 0 0 0

#Transform 112
Transform: AffineTransform_float_3_3
Parameters: 0.999999 0.00130689 -0.000447369 -0.00130621 0.999997 0.00205923 0.000449988 -0.00205877 0.999998 -0.0124292 -0.101134 0.235655
FixedParameters: 0 0 0

#Transform 113
Transform: AffineTransform_float_3_3
Parameters: 1 0.000883069 -0.000211919 -0.000882914 0.999997 0.00219883 0.000213962 -0.00219917 0.999997 -0.00405507 0.00402435 0.106367
FixedParameters: 0 0 0

#Transform 114
Transform: AffineTransform_float_3_3
Parameters: 0.999999 0.000250296 -0.00145955 -0.000241725 0.999986 0.00536151 0.00146085 -0.00536149 0.999984 0.0820574 -0.14354 0.34941
FixedParameters: 0 0 0

#Transform 115
Transform: AffineTransform_float_3_3
Parameters: 0.999998 0.000180239 -0.0020136 -0.000178665 1 0.000945027 0.0020138 -0.000944974 0.999998 0.0801398 -0.0375476 0.256548
FixedParameters: 0 0 0

#Transform 116
Transform: AffineTransform_float_3_3
Parameters: 1 0.000683265 -0.000874891 -0.00068354 1 -0.000379762 0.000875292 0.000380239 0.999999 0.0173123 0.0136922 0.191211
FixedParameters: 0 0 0

#Transform 117
Transform: AffineTransform_float_3_3
Parameters: 1 0.000496569 -0.00103637 -0.00049647 1 4.85145e-05 0.00103642 -4.74853e-05 0.999999 0.0315536 -0.0137686 0.229493
FixedParameters: 0 0 0

#Transform 118
Transform: AffineTransform_float_3_3
Parameters: 1 0.000346665 -0.00101076 -0.000346554 1 5.4503e-05 0.0010108 -5.44969e-05 0.999999 0.0401477 0.00602809 0.208337
FixedParameters: 0 0 0

#Transform 119
Transform: AffineTransform_float_3_3
Parameters: 1 0.000363403 -0.00110696 -0.000363309 1 4.25548e-05 0.00110699 -4.2445e-05 0.999999 0.0413273 0.0728239 0.164914
FixedParameters: 0 0 0

#Transform 120
Transform: AffineTransform_float_3_3
Parameters: 0.999999 0.000420759 -0.00121653 -0.000420425 1 0.000676512 0.00121657 -0.000675489 0.999999 0.0393226 -0.0536963 0.232663
FixedParameters: 0 0 0

#Transform 121
Transform: AffineTransform_float_3_3
Parameters: 0.999999 0.000275618 -0.00136682 -0.000275105 0.999999 0.000667889 0.00136666 -0.000667111 0.999999 0.0448081 -0.0388367 0.213511
FixedParameters: 0 0 0

#Transform 122
Transform: AffineTransform_float_3_3
Parameters: 1 0.000507617 -0.00101126 -0.000506521 0.999999 0.000542512 0.00101181 -0.000541486 0.999999 0.0369373 -0.0106209 0.185685
FixedParameters: 0 0 0

#Transform 123
Transform: AffineTransform_float_3_3
Parameters: 1 0.000482175 -0.0010704 -0.000481951 0.999999 0.000104669 0.0010705 -0.000104331 0.999999 0.0396243 0.0348079 0.143882
FixedParameters: 0 0 0

#Transform 124
Transform: AffineTransform_float_3_3
Parameters: 1 0.000456908 -0.00113019 -0.000456814 0.999999 0.000214669 0.00112946 -0.000214331 0.999999 0.0408828 0.0150912 0.150989
FixedParameters: 0 0 0

#Transform 125
Transform: AffineTransform_float_3_3
Parameters: 0.999999 0.000469382 -0.00125024 -0.000468284 1 0.000595739 0.00124988 -0.000595262 0.999999 0.0401604 -0.0572965 0.21118
FixedParameters: 0 0 0

#Transform 126
Transform: AffineTransform_float_3_3
Parameters: 1 0.000468126 -0.00110429 -0.000467085 0.999999 0.000471668 0.00110473 -0.00047133 0.999999 0.0353115 -0.0117281 0.18641
FixedParameters: 0 0 0

#Transform 127
Transform: AffineTransform_float_3_3
Parameters: 1 0.000486837 -0.000922904 -0.000487557 1 -0.00038955 0.000922524 0.000390449 0.999999 0.0231069 0.0520282 0.140278
FixedParameters: 0 0 0

#Transform 128
Transform: AffineTransform_float_3_3
Parameters: 0.999999 0.000710782 -0.00109472 -0.000710724 1 2.65711e-05 0.00109476 -2.64289e-05 0.999999 0.0271295 0.0710366 0.104964
FixedParameters: 0 0 0

#Transform 129
Transform: AffineTransform_float_3_3
Parameters: 0.999999 0.000670709 -0.00133585 -0.000670137 1 0.000361049 0.00133541 -0.000359952 0.999999 0.0282528 -0.0351877 0.20828
FixedParameters: 0 0 0

#Transform 130
Transform: AffineTransform_float_3_3
Parameters: 0.999999 0.000472661 -0.00125195 -0.000472367 0.999999 0.000273744 0.00125129 -0.000273256 0.999999 0.0350412 -0.0586369 0.228628
FixedParameters: 0 0 0

#Transform 131
Transform: AffineTransform_float_3_3
Parameters: 0.999999 0.000175533 -0.001517 -0.000174806 1 0.000239778 0.00151708 -0.000239222 0.999999 0.06267 -0.0128864 0.211015
FixedParameters: 0 0 0

#Transform 132
Transform: AffineTransform_float_3_3
Parameters: 1 0.00067967 -0.000957866 -0.00067996 1 -0.000151556 0.00095766 0.000151444 1 0.0291317 0.0494843 0.165902
FixedParameters: 0 0 0

#Transform 133
Transform: AffineTransform_float_3_3
Parameters: 0.999999 0.000414564 -0.00122809 -0.000415011 1 -0.000556491 0.00122724 0.00055751 0.999999 0.0343707 0.025736 0.172409
FixedParameters: 0 0 0

#Transform 134
Transform: AffineTransform_float_3_3
Parameters: 0.999999 0.000644971 -0.00117245 -0.000645504 1 -0.00022745 0.00117216 0.000227549 0.999999 0.0241444 -0.0410429 0.227225
FixedParameters: 0 0 0

#Transform 135
Transform: AffineTransform_float_3_3
Parameters: 0.999999 0.000415091 -0.00122791 -0.000415403 1 -0.00012649 0.00122781 0.00012751 0.999998 0.033465 -0.0278021 0.220835
FixedParameters: 0 0 0

#Transform 136
Transform: AffineTransform_float_3_3
Parameters: 0.999999 0.000415592 -0.00122774 -0.000415293 1 0.00028187 0.00122706 -0.000280131 0.999999 0.0375338 0.0364219 0.188189
FixedParameters: 0 0 0

#Transform 137
Transform: AffineTransform_float_3_3
Parameters: 1 0.000462667 -0.00111566 -0.000463166 0.999999 -0.000223331 0.00111545 0.000223669 0.999999 0.0280902 0.0700095 0.154632
FixedParameters: 0 0 0

#Transform 138
Transform: AffineTransform_float_3_3
Parameters: 0.999999 0.000501891 -0.00126454 -0.00050258 0.999999 9.17882e-05 0.00126502 -9.12124e-05 0.999999 0.0321913 -0.028049 0.224516
FixedParameters: 0 0 0

#Transform 139
Transform: AffineTransform_float_3_3
Parameters: 0.999999 0.000415946 -0.00122762 -0.000415861 1 0.000568664 0.00122757 -0.000568338 1 0.0291075 -0.0428356 0.229964
FixedParameters: 0 0 0

#Transform 140
Transform: AffineTransform_float_3_3
Parameters: 1 0.000464239 -0.00111273 -0.000463939 0.999999 0.000134669 0.00111286 -0.000134331 0.999999 0.0266292 0.00339148 0.203798
FixedParameters: 0 0 0

#Transform 141
Transform: AffineTransform_float_3_3
Parameters: 0.999999 0.00041507 -0.00122792 -0.000415425 0.999999 -0.000144337 0.0012278 0.000144662 0.999999 0.0321444 0.00880504 0.213299
FixedParameters: 0 0 0

#Transform 142
Transform: AffineTransform_float_3_3
Parameters: 0.999999 0.000415289 -0.00122784 -0.000415207 0.999999 3.36625e-05 0.00122787 -3.33374e-05 0.999999 0.0311529 -0.000701689 0.226039
FixedParameters: 0 0 0

#Transform 143
Transform: AffineTransform_float_3_3
Parameters: 1 0.000470182 -0.00109814 -0.000470109 0.999999 -0.000144331 0.00109892 0.000144669 0.999999 0.0267972 0.0328607 0.189804
FixedParameters: 0 0 0

#Transform 144
Transform: AffineTransform_float_3_3
Parameters: 1 0.000506625 -0.00101176 -0.000507516 1 -0.000440694 0.00101132 0.000440306 0.999999 0.0293443 0.0600496 0.180624
FixedParameters: 0 0 0

#Transform 145
Transform: AffineTransform_float_3_3
Parameters: 1 0.000518576 -0.000984753 -0.000518225 1 0.00017851 0.000984938 -0.000177489 0.999999 0.026403 -0.0154258 0.238481
FixedParameters: 0 0 0

#Transform 146
Transform: AffineTransform_float_3_3
Parameters: 1 0.000522676 -0.000975444 -0.000522331 0.999999 0.000377662 0.000974918 -0.000377338 0.999999 0.0263519 -0.0121064 0.228655
FixedParameters: 0 0 0

#Transform 147
Transform: AffineTransform_float_3_3
Parameters: 1 0.000563864 -0.000877978 -0.000563587 1 0.000158495 0.000878156 -0.000157505 0.999999 0.0199148 0.0263427 0.212151
FixedParameters: 0 0 0

#Transform 148
Transform: AffineTransform_float_3_3
Parameters: 0.999999 0.000415627 -0.00122773 -0.000415258 1 0.000310022 0.00122707 -0.000308978 1 0.0403435 0.0494867 0.187906
FixedParameters: 0 0 0

#Transform 149
Transform: AffineTransform_float_3_3
Parameters: 1 0.000538128 -0.000938711 -0.000537746 0.999999 0.000203657 0.00093893 -0.000203342 0.999999 0.0278605 -0.00685639 0.234351
FixedParameters: 0 0 0

#Transform 150
Transform: AffineTransform_float_3_3
Parameters: 1 0.000551543 -0.000907329 -0.000550903 1 0.000352293 0.000907718 -0.000352707 1 0.0241845 -0.0663953 0.257485
FixedParameters: 0 0 0

#Transform 151
Transform: AffineTransform_float_3_3
Parameters: 1 0.000573225 -0.000856553 -0.0005722 1 0.000598131 0.000857238 -0.000597869 0.999999 0.0175277 -0.0039321 0.211605
FixedParameters: 0 0 0

#Transform 152
Transform: AffineTransform_float_3_3
Parameters: 1 0.000639727 -0.000937308 -0.000639403 1 0.000172392 0.000937529 -0.000172607 1 0.0221165 0.04285 0.176692
FixedParameters: 0 0 0

#Transform 153
Transform: AffineTransform_float_3_3
Parameters: 0.999999 0.00109686 -0.000796842 -0.00109676 0.999999 6.2667e-05 0.000796979 -6.23329e-05 1 0.0160201 0.0287677 0.173461
FixedParameters: 0 0 0

#Transform 154
Transform: AffineTransform_float_3_3
Parameters: 0.999999 0.000658598 -0.00104937 -0.000657812 1 0.000374484 0.00104987 -0.000374516 0.999999 0.0189239 -0.0380791 0.216965
FixedParameters: 0 0 0

#Transform 155
Transform: AffineTransform_float_3_3
Parameters: 0.999999 0.000602806 -0.000786631 -0.000602009 0.999999 0.000506626 0.000787242 -0.000506373 0.999999 0.0160501 -0.0240188 0.203516
FixedParameters: 0 0 0

#Transform 156
Transform: AffineTransform_float_3_3
Parameters: 0.999998 0.000808944 -0.00139525 -0.000809503 1 -0.000199718 0.00139493 0.000201281 0.999999 0.0121837 0.0420547 0.142126
FixedParameters: 0 0 0

#Transform 157
Transform: AffineTransform_float_3_3
Parameters: 0.999999 0.000722898 -0.00103565 -0.000722623 1 0.000132542 0.00103584 -0.000132458 0.999999 0.00228656 0.0490531 0.103544
FixedParameters: 0 0 0

#Transform 158
Transform: AffineTransform_float_3_3
Parameters: 1 0.00062137 -0.000871346 -0.000620932 1 0.000779542 0.000872705 -0.000778459 1 0.00480688 -0.0542614 0.197312
FixedParameters: 0 0 0

#Transform 159
Transform: AffineTransform_float_3_3
Parameters: 0.999999 0.000743345 -0.000455108 -0.000743188 1 0.000601979 0.000455082 -0.000602022 1 0.00400742 -0.0326028 0.181506
FixedParameters: 0 0 0

#Transform 160
Transform: AffineTransform_float_3_3
Parameters: 1 0.000637313 -0.000878824 -0.000637207 0.999999 6.07127e-05 0.000878902 -6.02872e-05 1 0.0123749 0.00527585 0.174083
FixedParameters: 0 0 0

#Transform 161
Transform: AffineTransform_float_3_3
Parameters: 0.999999 0.000766502 -0.000400348 -0.000766136 0.999999 -3.06933e-05 0.000401221 3.13075e-05 1 0.0149946 0.0425705 0.137755
FixedParameters: 0 0 0

#Transform 162
Transform: AffineTransform_float_3_3
Parameters: 1 0.000574639 -0.000852311 -0.000574692 1 -3.05102e-05 0.000852275 3.14898e-05 0.999999 0.0163611 0.0323841 0.159609
FixedParameters: 0 0 0

#Transform 163
Transform: AffineTransform_float_3_3
Parameters: 1 0.000575003 -0.000852065 -0.000574328 1 0.000396489 0.00085252 -0.00039551 0.999999 0.0145689 -0.0485695 0.189663
FixedParameters: 0 0 0

#Transform 164
Transform: AffineTransform_float_3_3
Parameters: 1 0.000574814 -0.000852193 -0.000574518 1 0.00017449 0.000852393 -0.00017351 0.999999 0.0150419 0.00673921 0.17181
FixedParameters: 0 0 0

#Transform 165
Transform: AffineTransform_float_3_3
Parameters: 1 0.000648662 -0.000883291 -0.000648871 0.999999 0.000402726 0.000884204 -0.000402274 0.999999 0.0160868 0.0247157 0.140444
FixedParameters: 0 0 0

#Transform 166
Transform: AffineTransform_float_3_3
Parameters: 0.999999 0.000643253 -0.000690452 -0.000643615 1 -0.000261556 0.000690115 0.000262444 0.999999 0.0148207 0.0846192 0.143881
FixedParameters: 0 0 0

#Transform 167
Transform: AffineTransform_float_3_3
Parameters: 1 0.000574904 -0.000852132 -0.000574427 1 0.000280489 0.000852454 -0.00027951 0.999999 0.0153217 -0.0248903 0.201237
FixedParameters: 0 0 0

#Transform 168
Transform: AffineTransform_float_3_3
Parameters: 0.999999 0.000746267 -0.000448073 -0.000746125 0.999999 0.000158334 0.000448309 -0.000157665 1 0.00380085 0.00544704 0.169385
FixedParameters: 0 0 0

#Transform 169
Transform: AffineTransform_float_3_3
Parameters: 0.999999 0.000746181 -0.000448216 -0.000746211 0.999999 -3.36655e-05 0.000448165 3.43344e-05 1 0.00311702 0.0276919 0.136875
FixedParameters: 0 0 0

#Transform 170
Transform: AffineTransform_float_3_3
Parameters: 0.999999 0.000746039 -0.000448453 -0.000745963 0.999999 -0.000350665 0.00044885 0.000351335 1 0.00676379 0.0861473 0.103051
FixedParameters: 0 0 0

#Transform 171
Transform: AffineTransform_float_3_3
Parameters: 0.999999 0.00065447 -0.000664415 -0.000654279 1 0.000144435 0.000664603 -0.000143565 1 0.0121079 -0.0183272 0.154915
FixedParameters: 0 0 0

#Transform 172
Transform: AffineTransform_float_3_3
Parameters: 0.999999 0.000746375 -0.000447892 -0.000746017 0.999999 0.000400334 0.000448489 -0.000399665 1 0.00497563 -0.0321962 0.174125
FixedParameters: 0 0 0

#Transform 173
Transform: AffineTransform_float_3_3
Parameters: 0.999999 0.000746241 -0.000448115 -0.000746151 0.999999 0.000101334 0.000448266 -0.000100665 1 0.00372123 0.0190157 0.137568
FixedParameters: 0 0 0

#Transform 174
Transform: AffineTransform_float_3_3
Parameters: 0.999999 0.00071945 -0.000511034 -0.000719413 0.999999 -0.000345632 0.000511457 0.000346368 1 0.00762456 0.0631067 0.110458
FixedParameters: 0 0 0

#Transform 175
Transform: AffineTransform_float_3_3
Parameters: 0.999999 0.000618036 -0.000750117 -0.000618037 0.999999 -3.83729e-07 0.000750116 6.1627e-07 1 0.0136995 -0.00919637 0.152457
FixedParameters: 0 0 0

#Transform 176
Transform: AffineTransform_float_3_3
Parameters: 0.999999 0.000803302 -0.000313646 -0.000803184 0.999999 0.000188252 0.000313948 -0.000187748 1 -0.00155101 -0.0270875 0.174242
FixedParameters: 0 0 0

#Transform 177
Transform: AffineTransform_float_3_3
Parameters: 0.999998 -0.000166988 -0.00157388 0.000170591 0.999997 0.00214624 0.00157341 -0.00214675 0.999996 0.081197 -0.0940204 0.334211
FixedParameters: 0 0 0

#Transform 178
Transform: AffineTransform_float_3_3
Parameters: 1 0.000181894 -0.00119122 -0.000181156 1 0.000860217 0.00119101 -0.000859784 0.999999 0.0442301 0.0375937 0.17292
FixedParameters: 0 0 0

#Transform 179
Transform: AffineTransform_float_3_3
Parameters: 1 0.000525981 -0.00096798 -0.000525279 1 0.000564302 0.000967653 -0.000564698 0.999999 0.0300084 0.0302069 0.172675
FixedParameters: 0 0 0

#Transform 180
Transform: AffineTransform_float_3_3
Parameters: 1 0.000389551 -0.00112162 -0.000388345 1 0.000947589 0.00112275 -0.000947411 0.999999 0.0316274 -0.0730313 0.236837
FixedParameters: 0 0 0

#Transform 181
Transform: AffineTransform_float_3_3
Parameters: 1 0.000287094 -0.00110128 -0.000286607 1 0.000639676 0.00110204 -0.000638324 0.999999 0.0341014 -0.00471508 0.210327
FixedParameters: 0 0 0

#Transform 182
Transform: AffineTransform_float_3_3
Parameters: 1 0.000329411 -0.00108874 -0.000329157 1 0.000719718 0.00108868 -0.000718282 0.999999 0.0347655 -0.0107523 0.218309
FixedParameters: 0 0 0

#Transform 183
Transform: AffineTransform_float_3_3
Parameters: 0.999999 0.000413544 -0.00123317 -0.000412262 0.999999 0.000520021 0.0012336 -0.000518978 0.999999 0.0392094 0.0413835 0.170378
FixedParameters: 0 0 0

#Transform 184
Transform: AffineTransform_float_3_3
Parameters: 1 0.000498043 -0.0010342 -0.00049748 1 0.000716668 0.0010353 -0.000716333 1 0.0354257 0.0244768 0.189274
FixedParameters: 0 0 0

#Transform 185
Transform: AffineTransform_float_3_3
Parameters: 0.999999 0.000435323 -0.000746781 -0.00043425 0.999999 0.000980478 0.000746713 -0.000980523 1 0.0219037 -0.0416257 0.220067
FixedParameters: 0 0 0

#Transform 186
Transform: AffineTransform_float_3_3
Parameters: 1 0.000479619 -0.00107751 -0.000478645 0.999999 0.000633668 0.0010772 -0.00063333 0.999999 0.0339452 -0.0064738 0.196644
FixedParameters: 0 0 0

#Transform 187
Transform: AffineTransform_float_3_3
Parameters: 1 0.000512002 -0.00100109 -0.000511125 1 0.000633305 0.00100082 -0.000633695 0.999999 0.0308965 0.0173203 0.169112
FixedParameters: 0 0 0

#Transform 188
Transform: AffineTransform_float_3_3
Parameters: 0.999999 0.000489889 -0.000847616 -0.00049081 0.999999 0.000230569 0.000847312 -0.000230432 1 0.0301063 0.0671562 0.115972
FixedParameters: 0 0 0

#Transform 189
Transform: AffineTransform_float_3_3
Parameters: 1 0.000516739 -0.000989296 -0.000516155 0.999999 0.000295663 0.000989601 -0.000295336 0.999999 0.030472 -0.00937741 0.179635
FixedParameters: 0 0 0

#Transform 190
Transform: AffineTransform_float_3_3
