#Insight Transform File V1.0
#Transform 0
Transform: AffineTransform_float_3_3
Parameters: 1 0.000202602 -8.57476e-05 -0.000202421 1 0.00105302 8.6174e-05 -0.00105298 1 0.00510353 -0.0769396 0.0742612
FixedParameters: 0 0 0

#Transform 1
Transform: AffineTransform_float_3_3
Parameters: 1 0.000187504 -0.000462667 -0.000186516 1 0.00106709 0.000463066 -0.00106691 1 0.0196413 -0.0785901 0.0675672
FixedParameters: 0 0 0

#Transform 2
Transform: AffineTransform_float_3_3
Parameters: 1 0.000384934 -0.000162942 -0.000384608 1 0.000996703 0.000163709 -0.000997297 0.999999 0.00976399 -0.0815581 0.0733207
FixedParameters: 0 0 0

#Transform 3
Transform: AffineTransform_float_3_3
Parameters: 1 0.000399394 -2.38661e-05 -0.000399383 1 0.00023001 2.40498e-05 -0.00022999 1 -0.00840084 -0.0336593 0.0782636
FixedParameters: 0 0 0

#Transform 4
Transform: AffineTransform_float_3_3
Parameters: 1 0.000466441 9.3305e-05 -0.000466508 1 0.000357956 -9.2971e-05 -0.000358043 1 -0.0124323 -0.0368732 0.058435
FixedParameters: 0 0 0

#Transform 5
Transform: AffineTransform_float_3_3
Parameters: 1 0.000313529 0.00010929 -0.000314016 1 0.000438966 -0.000109935 -0.000439034 1 -0.00410348 -0.0212907 0.030793
FixedParameters: 0 0 0

#Transform 6
Transform: AffineTransform_float_3_3
Parameters: 1 0.000329591 0.000375092 -0.000330251 1 0.000357876 -0.000375777 -0.000358124 1 -0.0212133 -0.0708225 0.0728977
FixedParameters: 0 0 0

#Transform 7
Transform: AffineTransform_float_3_3
Parameters: 1 0.000283776 0.00041298 -0.000284023 1 0.00029973 -0.00041281 -0.00029927 0.999999 -0.0249105 -0.0815023 0.103717
FixedParameters: 0 0 0

#Transform 8
Transform: AffineTransform_float_3_3
Parameters: 1 0.000191725 0.000452021 -0.000191973 1 0.000274913 -0.000451915 -0.000275087 1 -0.0267873 -0.0885069 0.0854851
FixedParameters: 0 0 0

#Transform 9
Transform: AffineTransform_float_3_3
Parameters: 1 0.000257093 0.00017339 -0.000257217 1 0.000357955 -0.000173206 -0.000358044 1 -0.0235568 -0.0727165 0.0735656
FixedParameters: 0 0 0

#Transform 10
Transform: AffineTransform_float_3_3
Parameters: 1 0.00053572 0.000138901 -0.000535835 1 0.000413925 -0.000138457 -0.000414074 1 -0.0143025 -0.0939307 0.0615947
FixedParameters: 0 0 0

#Transform 11
Transform: AffineTransform_float_3_3
Parameters: 1 0.000342032 6.90425e-05 -0.000342126 0.999999 0.000682976 -6.85753e-05 -0.000683023 1 -0.010699 -0.103593 0.0358653
FixedParameters: 0 0 0

#Transform 12
Transform: AffineTransform_float_3_3
Parameters: 1 0.000318109 4.33414e-05 -0.000318169 1 0.000692833 -4.29008e-05 -0.000692166 0.999999 -0.012847 -0.100582 0.0218956
FixedParameters: 0 0 0

#Transform 13
Transform: AffineTransform_float_3_3
Parameters: 1 0.000291451 -0.0001093 -0.000291262 0.999999 0.000862031 0.000109802 -0.000861967 0.999999 0.00675847 -0.100011 0.029649
FixedParameters: 0 0 0

#Transform 14
Transform: AffineTransform_float_3_3
Parameters: 1 0.000218805 1.92135e-05 -0.000218841 0.999999 0.000928995 -1.88069e-05 -0.000929003 0.999999 0.00122075 -0.10493 0.0302049
FixedParameters: 0 0 0

#Transform 15
Transform: AffineTransform_float_3_3
Parameters: 1 0.000358543 1.32697e-05 -0.000358567 1 0.000949636 -1.25884e-05 -0.000950364 0.999999 -8.51413e-05 -0.10795 0.0133246
FixedParameters: 0 0 0

#Transform 16
Transform: AffineTransform_float_3_3
Parameters: 1 0.000173584 -5.93836e-05 -0.000173479 0.999999 0.00088501 5.96907e-05 -0.000884989 0.999999 0.00386237 -0.096386 0.0209744
FixedParameters: 0 0 0

#Transform 17
Transform: AffineTransform_float_3_3
Parameters: 1 0.000279516 8.69435e-06 -0.000279531 0.999999 0.000861997 -8.21245e-06 -0.000862002 0.999999 -0.00717111 -0.1032 -0.00419015
FixedParameters: 0 0 0

#Transform 18
Transform: AffineTransform_float_3_3
Parameters: 1 5.07519e-06 1.19684e-05 -5.08381e-06 1 0.00036 -1.19647e-05 -0.00036 1 -0.000433732 -0.0582051 -0.0128464
FixedParameters: 0 0 0

#Transform 19
Transform: AffineTransform_float_3_3
Parameters: 1 5.07829e-06 1.19671e-05 -5.08071e-06 1 0.000101 -1.19661e-05 -0.000101 1 0.00502486 -0.0647118 0.0391364
FixedParameters: 0 0 0

#Transform 20
Transform: AffineTransform_float_3_3
Parameters: 1 5.08176e-06 1.19656e-05 -5.07724e-06 1 -0.000189 -1.19675e-05 0.000189 1 -0.0004252 -0.0439084 0.025554
FixedParameters: 0 0 0

#Transform 21
Transform: AffineTransform_float_3_3
Parameters: 1 5.08407e-06 1.19646e-05 -5.07493e-06 1 -0.000382 -1.19685e-05 0.000382 1 -0.000433193 -0.0412753 0.0250342
FixedParameters: 0 0 0

#Transform 22
Transform: AffineTransform_float_3_3
Parameters: 1 -0.000119552 0.0001355 0.000119578 1 -9.49838e-05 -0.000135477 9.50162e-05 1 0.00603787 -0.0659081 0.0395812
FixedParameters: 0 0 0

#Transform 23
Transform: AffineTransform_float_3_3
Parameters: 1 5.08064e-06 1.19661e-05 -5.07837e-06 1 -9.50001e-05 -1.1967e-05 9.49999e-05 1 0.0165779 -0.0910236 0.0561719
FixedParameters: 0 0 0

#Transform 24
Transform: AffineTransform_float_3_3
Parameters: 1 5.07414e-06 1.19688e-05 -5.08486e-06 1 0.000448 -1.19643e-05 -0.000448 1 0.016578 -0.0978974 0.0612497
FixedParameters: 0 0 0

#Transform 25
Transform: AffineTransform_float_3_3
Parameters: 1 5.0699e-06 1.19706e-05 -5.0891e-06 0.999999 0.000801999 -1.19625e-05 -0.000802 0.999999 0.00396395 -0.118073 0.0695149
FixedParameters: 0 0 0

#Transform 26
Transform: AffineTransform_float_3_3
Parameters: 1 -0.000163002 -0.000384908 0.000163649 0.999999 0.000839936 0.000384634 -0.000840062 0.999999 0.0208071 -0.0980124 0.077598
FixedParameters: 0 0 0

#Transform 27
Transform: AffineTransform_float_3_3
Parameters: 1 0.000126951 -0.000243829 -0.000126587 0.999999 0.00074603 0.000244018 -0.000745969 0.999999 0.0156559 -0.100277 0.0633696
FixedParameters: 0 0 0

#Transform 28
Transform: AffineTransform_float_3_3
Parameters: 1 0.000123044 -0.000491844 -0.000122892 1 0.00108906 0.000492502 -0.00108894 1 0.0291909 -0.102933 0.0818002
FixedParameters: 0 0 0

#Transform 29
Transform: AffineTransform_float_3_3
Parameters: 1 0.000239974 -0.000541352 -0.000240162 1 0.00103713 0.00054132 -0.00103687 1 0.0330748 -0.0987025 0.100547
FixedParameters: 0 0 0

#Transform 30
Transform: AffineTransform_float_3_3
Parameters: 1 0.000187443 -0.000519149 -0.000187364 1 0.000962098 0.0005199 -0.000961904 1 0.0285685 -0.0845133 0.0670177
FixedParameters: 0 0 0

#Transform 31
Transform: AffineTransform_float_3_3
Parameters: 1 -5.57462e-05 -0.000416219 5.54735e-05 0.999999 0.000777976 0.000416523 -0.000778023 0.999999 0.0357577 -0.0659795 0.0630345
FixedParameters: 0 0 0

#Transform 32
Transform: AffineTransform_float_3_3
Parameters: 1 2.51998e-05 -0.000450545 -2.4669e-05 1 0.000589011 0.000450574 -0.000588988 0.999999 0.0347356 -0.0346256 0.0431114
FixedParameters: 0 0 0

#Transform 33
Transform: AffineTransform_float_3_3
Parameters: 1 -7.73226e-05 -0.000182278 7.74068e-05 1 0.000230986 0.000182242 -0.000231014 1 0.0234335 -0.0223852 -0.0090126
FixedParameters: 0 0 0

#Transform 34
Transform: AffineTransform_float_3_3
Parameters: 1 -0.00025043 4.21259e-05 0.000250405 1 0.000299011 -4.22756e-05 -0.000298989 1 0.0293586 -0.0134383 -0.0390127
FixedParameters: 0 0 0

#Transform 35
Transform: AffineTransform_float_3_3
Parameters: 1 -0.000237138 0.000303815 0.000237149 1 -1.7928e-05 -0.000303806 1.8072e-05 1 0.0216777 -0.0163483 -0.00752762
FixedParameters: 0 0 0

#Transform 36
Transform: AffineTransform_float_3_3
Parameters: 1 -0.000280207 0.000473296 0.000280604 1 -0.000418867 -0.000473061 0.000419132 1 0.00714598 0.00130081 0.000839169
FixedParameters: 0 0 0

#Transform 37
Transform: AffineTransform_float_3_3
Parameters: 1 -0.000120095 0.00060731 0.000120468 1 -0.000306927 -0.000607236 0.000307073 1 0.000865887 -0.0167785 0.0586759
FixedParameters: 0 0 0

#Transform 38
Transform: AffineTransform_float_3_3
Parameters: 1 -0.000260145 0.000521016 0.00026042 1 0.000111136 -0.000520153 -0.000110865 1 0.0163808 -0.0791895 0.0890424
FixedParameters: 0 0 0

#Transform 39
Transform: AffineTransform_float_3_3
Parameters: 1 -0.000243036 0.00035934 0.000242666 1 0.000515087 -0.00035959 -0.000514912 1 0.0227704 -0.0871439 0.0800819
FixedParameters: 0 0 0

#Transform 40
Transform: AffineTransform_float_3_3
Parameters: 1 -0.000384834 0.000227228 0.000385018 1 0.000456087 -0.000226659 -0.000455913 1 0.0267377 -0.0878528 0.0734441
FixedParameters: 0 0 0

#Transform 41
Transform: AffineTransform_float_3_3
Parameters: 0.999999 -0.000179963 0.000710576 0.000179622 1 0.000515127 -0.00070984 -0.000514872 0.999999 0.00646614 -0.0687237 0.0642019
FixedParameters: 0 0 0

#Transform 42
Transform: AffineTransform_float_3_3
Parameters: 1 -0.000363462 0.000277741 0.000363018 0.999999 0.0007981 -0.000278321 -0.000797898 0.999999 0.0248855 -0.0631584 0.0119323
FixedParameters: 0 0 0

#Transform 43
Transform: AffineTransform_float_3_3
Parameters: 1 -0.000384915 0.000227091 0.000384937 0.999999 0.000813087 -0.000226796 -0.000812912 0.999999 0.0267175 -0.0640186 0.0382299
FixedParameters: 0 0 0

#Transform 44
Transform: AffineTransform_float_3_3
Parameters: 1 -0.000550274 -0.000163317 0.000550526 0.999999 0.00077491 0.000162464 -0.000775089 0.999999 0.0484285 -0.093956 0.0615471
FixedParameters: 0 0 0

#Transform 45
Transform: AffineTransform_float_3_3
Parameters: 1 -0.000550221 -0.000163496 0.000550579 0.999999 0.00109991 0.000162285 -0.00110009 1 0.0484445 -0.0969139 0.0529594
FixedParameters: 0 0 0

#Transform 46
Transform: AffineTransform_float_3_3
Parameters: 1 -0.000448943 -0.000206311 0.000448427 1 0.000980908 0.000205822 -0.000981093 1 0.0592383 -0.0777738 0.0518741
FixedParameters: 0 0 0

#Transform 47
Transform: AffineTransform_float_3_3
Parameters: 1 -0.000550183 -0.000163625 0.000551009 0.999999 0.00133391 0.000163076 -0.00133409 0.999999 0.0643774 -0.0995528 0.0318879
FixedParameters: 0 0 0

#Transform 48
Transform: AffineTransform_float_3_3
Parameters: 1 -0.00048437 -0.000472657 0.000485077 0.999999 0.00130777 0.000472701 -0.00130823 0.999999 0.0544278 -0.0807368 0.120382
FixedParameters: 0 0 0

#Transform 49
Transform: AffineTransform_float_3_3
Parameters: 0.999999 -0.000476417 -0.000541171 0.000476932 0.999999 0.00132674 0.000540297 -0.00132726 0.999999 0.0683398 -0.118396 0.138168
FixedParameters: 0 0 0

#Transform 50
Transform: AffineTransform_float_3_3
Parameters: 0.999999 -0.000552345 -0.000602404 0.000553288 0.999999 0.00122267 0.000602363 -0.00122333 0.999999 0.0708971 -0.0865493 0.132922
FixedParameters: 0 0 0

#Transform 51
Transform: AffineTransform_float_3_3
Parameters: 1 -0.000504159 -0.000226327 0.000504551 0.999999 0.000867885 0.000225452 -0.000868113 0.999999 0.0595036 -0.0802929 0.118714
FixedParameters: 0 0 0

#Transform 52
Transform: AffineTransform_float_3_3
Parameters: 0.999999 -0.000884279 0.000253303 0.000884085 0.999999 0.000382224 -0.000253978 -0.000381775 1 0.0631635 -0.0232595 0.0772502
FixedParameters: 0 0 0

#Transform 53
Transform: AffineTransform_float_3_3
Parameters: 1 -0.000940975 0.000450046 0.00094063 1 0.000382064 -0.000450765 -0.000381936 1 0.0551558 -0.0392018 0.0791126
FixedParameters: 0 0 0

#Transform 54
Transform: AffineTransform_float_3_3
Parameters: 1 -0.000513023 0.000329571 0.000513324 1 0.000136169 -0.000328791 -0.000135831 1 0.0513936 -0.0427459 0.103156
FixedParameters: 0 0 0

#Transform 55
Transform: AffineTransform_float_3_3
Parameters: 0.999999 -0.000350156 0.000776756 0.00035063 1 -0.000304728 -0.000776542 0.000305272 0.999999 0.0365054 -0.027319 0.116715
FixedParameters: 0 0 0

#Transform 56
Transform: AffineTransform_float_3_3
Parameters: 1 -0.000412772 0.000971105 0.000413055 1 -0.0008206 -0.000970957 0.000821402 0.999999 0.0215135 -0.0132511 0.138911
FixedParameters: 0 0 0

#Transform 57
Transform: AffineTransform_float_3_3
Parameters: 0.999999 -0.000545369 0.000716248 0.000545768 1 -0.000278609 -0.000715944 0.00027939 0.999999 0.0334975 -0.0261186 0.150199
FixedParameters: 0 0 0

#Transform 58
Transform: AffineTransform_float_3_3
Parameters: 1 -0.000569582 0.000864263 0.000569591 0.999999 -5.35505e-06 -0.000864257 5.64494e-06 1 0.0239249 -0.0354984 0.1548
FixedParameters: 0 0 0

#Transform 59
Transform: AffineTransform_float_3_3
Parameters: 0.999999 -0.000278049 0.000861613 0.000276919 1 0.00088324 -0.000861183 -0.000882762 0.999999 0.0176201 -0.0775253 0.224667
FixedParameters: 0 0 0

#Transform 60
Transform: AffineTransform_float_3_3
Parameters: 1 5.5944e-05 0.00046062 -5.60187e-05 1 0.00107998 -0.000460889 -0.00108003 1 0.0372591 -0.0803445 0.242141
FixedParameters: 0 0 0

#Transform 61
Transform: AffineTransform_float_3_3
Parameters: 1 -0.000226783 0.000333843 0.000226179 0.999999 0.000904075 -0.000334253 -0.000903923 0.999999 0.0444365 -0.0460742 0.22998
FixedParameters: 0 0 0

#Transform 62
Transform: AffineTransform_float_3_3
Parameters: 1 -0.000577014 -0.000101206 0.000577658 0.999999 0.00125594 0.000100676 -0.00125606 0.999999 0.0653223 -0.0511791 0.204911
FixedParameters: 0 0 0

#Transform 63
Transform: AffineTransform_float_3_3
Parameters: 1 -0.000951912 -0.000448692 0.000952614 0.999999 0.00137442 0.000447385 -0.00137458 0.999999 0.0902858 -0.0457901 0.193421
FixedParameters: 0 0 0

#Transform 64
Transform: AffineTransform_float_3_3
Parameters: 0.999999 -0.00176512 -0.000253621 0.00176569 0.999997 0.00140604 0.000250887 -0.00140696 0.999999 0.113836 -0.0295858 0.105168
FixedParameters: 0 0 0

#Transform 65
Transform: AffineTransform_float_3_3
Parameters: 0.999999 -0.00147747 -0.000232535 0.00147783 0.999998 0.0010585 0.000231638 -0.0010585 0.999999 0.115447 -0.000539256 0.112114
FixedParameters: 0 0 0

#Transform 66
Transform: AffineTransform_float_3_3
Parameters: 0.999999 -0.000960746 0.0008598 0.000959807 0.999999 0.000773466 -0.000860364 -0.000772533 0.999999 0.0525392 -0.020476 0.12867
FixedParameters: 0 0 0

#Transform 67
Transform: AffineTransform_float_3_3
Parameters: 0.999999 -0.00107756 0.000909482 0.0010768 0.999999 0.000634773 -0.000909928 -0.000634227 0.999999 0.0312954 0.0153101 0.0507718
FixedParameters: 0 0 0

#Transform 68
Transform: AffineTransform_float_3_3
Parameters: 0.999999 -0.000735815 0.00118979 0.000735198 1 0.000259668 -0.00119017 -0.000259331 0.999999 0.016427 0.0150279 0.0601105
FixedParameters: 0 0 0

#Transform 69
Transform: AffineTransform_float_3_3
Parameters: 0.999999 -0.000567058 0.00144184 0.000566141 1 0.000318122 -0.0014422 -0.000317877 1 0.00441886 -0.0107714 0.101262
FixedParameters: 0 0 0

#Transform 70
Transform: AffineTransform_float_3_3
Parameters: 0.999998 -0.000548891 0.00164746 0.000548965 1 -2.1943e-05 -0.00164743 2.3057e-05 0.999999 -0.00753549 0.000387442 0.121664
FixedParameters: 0 0 0

#Transform 71
Transform: AffineTransform_float_3_3
Parameters: 0.999999 -0.000359153 0.00145719 0.000359219 1 -2.19642e-05 -0.00145718 2.30357e-05 0.999999 -2.45467e-05 -0.0115959 0.123516
FixedParameters: 0 0 0

#Transform 72
Transform: AffineTransform_float_3_3
Parameters: 0.999999 -0.000303323 0.00137374 0.000303385 1 -2.20709e-05 -0.00137373 2.2929e-05 0.999999 -0.00415509 -0.0264248 0.159723
FixedParameters: 0 0 0

#Transform 73
Transform: AffineTransform_float_3_3
Parameters: 0.999999 -0.000389792 0.00120464 0.000388938 1 0.000516622 -0.00120412 -0.000516379 1 0.0212223 -0.0500791 0.13718
FixedParameters: 0 0 0

#Transform 74
Transform: AffineTransform_float_3_3
Parameters: 1 -0.000450028 0.000981157 0.000449665 1 0.000853442 -0.000981395 -0.000852559 0.999999 0.0257856 -0.0606101 0.183695
FixedParameters: 0 0 0

#Transform 75
Transform: AffineTransform_float_3_3
Parameters: 0.999999 -0.000323963 0.000991787 0.000322118 1 0.000929473 -0.000992388 -0.000929527 1 0.030129 -0.0506816 0.243325
FixedParameters: 0 0 0

#Transform 76
Transform: AffineTransform_float_3_3
Parameters: 0.999999 -0.000836515 0.000378807 0.000835948 0.999999 0.00126232 -0.000379997 -0.00126168 0.999999 0.0761156 -0.0649389 0.237519
FixedParameters: 0 0 0

#Transform 77
Transform: AffineTransform_float_3_3
Parameters: 0.999999 -0.0012456 5.29492e-05 0.00124528 0.999998 0.00167355 -5.48859e-05 -0.00167344 0.999998 0.0937674 -0.0548418 0.185905
FixedParameters: 0 0 0

#Transform 78
Transform: AffineTransform_float_3_3
Parameters: 1 -0.000609078 0.000916623 0.000608324 0.999998 0.00133971 -0.000916803 -0.00133929 0.999999 0.0325328 -0.02013 0.205149
FixedParameters: 0 0 0

#Transform 79
Transform: AffineTransform_float_3_3
Parameters: 0.999999 -0.000470864 0.00124279 0.000469509 0.999999 0.00107274 -0.00124327 -0.00107226 0.999999 0.0286734 -0.00130053 0.073968
FixedParameters: 0 0 0

#Transform 80
Transform: AffineTransform_float_3_3
Parameters: 0.999999 -0.000446291 0.00129924 0.000446414 1 0.000457733 -0.00129912 -0.000457268 0.999999 0.0252852 0.0303162 0.0543012
FixedParameters: 0 0 0

#Transform 81
Transform: AffineTransform_float_3_3
Parameters: 0.999999 -0.000221436 0.00182869 0.000220617 0.999999 0.000224069 -0.00182879 -0.00022393 0.999998 -0.0178768 0.0121019 0.222005
FixedParameters: 0 0 0

#Transform 82
Transform: AffineTransform_float_3_3
Parameters: 0.999998 -0.00013061 0.00204138 0.000130922 1 -7.58609e-05 -0.00204136 7.71388e-05 0.999998 -0.00832927 0.0272603 0.205588
FixedParameters: 0 0 0

#Transform 83
Transform: AffineTransform_float_3_3
Parameters: 0.999997 -0.000318924 0.00212103 0.000318177 1 0.00017634 -0.00212114 -0.000175659 0.999998 -0.00942471 0.0215317 0.10253
FixedParameters: 0 0 0

#Transform 84
Transform: AffineTransform_float_3_3
Parameters: 0.999997 -0.00042716 0.00216719 0.000426259 1 -4.25855e-06 -0.0021668 4.74327e-06 0.999998 -0.00856794 0.0428188 0.0981498
FixedParameters: 0 0 0

#Transform 85
Transform: AffineTransform_float_3_3
Parameters: 0.999998 -0.000531239 0.00221011 0.000529684 0.999999 0.00085699 -0.00221088 -0.00085601 0.999997 -0.00355487 -0.0395515 0.14618
FixedParameters: 0 0 0

#Transform 86
Transform: AffineTransform_float_3_3
Parameters: 0.999998 -0.000625254 0.00178523 0.000623775 1 0.000782267 -0.00178567 -0.000780732 0.999998 0.0336559 -0.0514329 0.303424
FixedParameters: 0 0 0

#Transform 87
Transform: AffineTransform_float_3_3
Parameters: 0.999998 -0.000428332 0.00163847 0.00042602 0.999999 0.00110585 -0.00163888 -0.00110515 0.999997 0.0360488 -0.0585705 0.278836
FixedParameters: 0 0 0

#Transform 88
Transform: AffineTransform_float_3_3
Parameters: 0.999999 -0.000310935 0.00153881 0.000308736 0.999999 0.00114099 -0.00153899 -0.00114001 0.999999 0.0375804 -0.0437868 0.233539
FixedParameters: 0 0 0

#Transform 89
Transform: AffineTransform_float_3_3
Parameters: 0.999999 -0.000301777 0.00147844 0.000300538 0.999999 0.0011736 -0.00147901 -0.0011734 0.999998 0.0344718 -0.0482306 0.201248
FixedParameters: 0 0 0

#Transform 90
Transform: AffineTransform_float_3_3
Parameters: 1 -0.000332703 0.00108747 0.000331111 0.999999 0.00133451 -0.00108783 -0.00133449 0.999998 0.0547395 -0.0645109 0.191051
FixedParameters: 0 0 0

#Transform 91
Transform: AffineTransform_float_3_3
Parameters: 0.999999 -0.000271166 0.000709541 0.000270275 0.999999 0.00155119 -0.000709851 -0.00155081 0.999998 0.0682061 -0.062968 0.170133
FixedParameters: 0 0 0

#Transform 92
Transform: AffineTransform_float_3_3
Parameters: 1 -0.000350607 0.000534576 0.00035008 0.999999 0.00171919 -0.000535251 -0.00171881 0.999999 0.0677932 -0.0698371 0.165881
FixedParameters: 0 0 0

#Transform 93
Transform: AffineTransform_float_3_3
Parameters: 1 -0.000350821 0.000534435 0.000350257 0.999997 0.00212019 -0.000534471 -0.00211981 0.999997 0.0782848 -0.0951528 0.111233
FixedParameters: 0 0 0

#Transform 94
Transform: AffineTransform_float_3_3
Parameters: 0.999999 -0.000602228 0.000640681 0.000601445 0.999998 0.00193839 -0.000641564 -0.00193761 0.999998 0.0659419 -0.0600775 0.100853
FixedParameters: 0 0 0

#Transform 95
Transform: AffineTransform_float_3_3
Parameters: 0.999999 -0.00051329 0.00120653 0.000512182 0.999999 0.00100277 -0.00120702 -0.00100223 0.999999 0.0516663 -0.013709 0.0230836
FixedParameters: 0 0 0

#Transform 96
Transform: AffineTransform_float_3_3
Parameters: 0.999999 -0.000476386 0.00168303 0.000474918 1 0.000825953 -0.00168328 -0.000825047 0.999998 0.0227633 -0.00276856 0.0234505
FixedParameters: 0 0 0

#Transform 97
Transform: AffineTransform_float_3_3
Parameters: 0.999999 -0.000447604 0.00174951 0.000446515 1 0.000423087 -0.00174896 -0.000422913 0.999998 0.016789 -0.0033662 0.0760406
FixedParameters: 0 0 0

#Transform 98
Transform: AffineTransform_float_3_3
Parameters: 0.999999 -0.000447164 0.00174962 0.000446563 1 0.000171934 -0.00174977 -0.000171065 0.999998 0.0178808 0.0170246 0.0908284
FixedParameters: 0 0 0

#Transform 99
Transform: AffineTransform_float_3_3
Parameters: 0.999997 -0.000277522 0.00214829 0.000277831 1 -7.17383e-05 -0.00214825 7.22614e-05 0.999998 0.011804 0.0336809 0.106568
FixedParameters: 0 0 0

#Transform 100
Transform: AffineTransform_float_3_3
Parameters: 0.999998 -0.000326819 0.00203316 0.000326608 1 0.000148329 -0.00203234 -0.000147671 0.999998 0.021075 -0.0177559 0.130662
FixedParameters: 0 0 0

#Transform 101
Transform: AffineTransform_float_3_3
Parameters: 0.999998 -0.000337799 0.00200738 0.00033712 1 0.000168982 -0.00200749 -0.000169017 0.999998 0.0264124 -0.0244074 0.217314
FixedParameters: 0 0 0

#Transform 102
Transform: AffineTransform_float_3_3
Parameters: 0.999998 -0.000709864 0.00189286 0.00070851 0.999999 0.000704648 -0.00189333 -0.000703352 0.999998 0.0410595 -0.0626345 0.197642
FixedParameters: 0 0 0

#Transform 103
Transform: AffineTransform_float_3_3
Parameters: 0.999998 -0.000837326 0.00188393 0.000834936 0.999999 0.00133088 -0.00188509 -0.00132912 0.999997 0.0400865 -0.057588 0.162311
FixedParameters: 0 0 0

#Transform 104
Transform: AffineTransform_float_3_3
Parameters: 0.999998 -0.000936818 0.00164827 0.0009355 0.999999 0.00119549 -0.00164945 -0.00119451 0.999998 0.0484317 -0.062687 0.167754
FixedParameters: 0 0 0

#Transform 105
Transform: AffineTransform_float_3_3
Parameters: 0.999999 -0.00100009 0.00150096 0.00099779 0.999997 0.00207565 -0.00150352 -0.00207335 0.999997 0.0702716 -0.0837649 0.107424
FixedParameters: 0 0 0

#Transform 106
Transform: AffineTransform_float_3_3
Parameters: 0.999998 -0.00114436 0.00115967 0.00114213 0.999996 0.00243012 -0.00116232 -0.00242888 0.999996 0.0821622 -0.0777563 0.0630001
FixedParameters: 0 0 0

#Transform 107
Transform: AffineTransform_float_3_3
Parameters: 0.999998 -0.00114505 0.001159 0.00114184 0.999995 0.00301712 -0.00116207 -0.00301588 0.999995 0.0846959 -0.0966642 0.0906481
FixedParameters: 0 0 0

#Transform 108
Transform: AffineTransform_float_3_3
Parameters: 0.999999 -0.00114878 0.000776058 0.00114687 0.999996 0.00257268 -0.000779592 -0.00257231 0.999996 0.0877977 -0.0872071 0.0881962
FixedParameters: 0 0 0

#Transform 109
Transform: AffineTransform_float_3_3
Parameters: 0.999999 -0.00106069 0.00112541 0.0010588 0.999998 0.00176799 -0.00112678 -0.00176702 0.999998 0.078001 -0.0456009 0.0845094
FixedParameters: 0 0 0

#Transform 110
Transform: AffineTransform_float_3_3
Parameters: 0.999999 -0.0010313 0.00111412 0.00103073 0.999999 0.0010183 -0.00111477 -0.0010167 0.999999 0.079384 0.00449536 0.0962574
FixedParameters: 0 0 0

#Transform 111
Transform: AffineTransform_float_3_3
Parameters: 0.999999 -0.000748761 0.000994315 0.000747157 0.999999 0.0011999 -0.000994269 -0.0011991 0.999999 0.0809088 -0.0128173 0.109784
FixedParameters: 0 0 0

#Transform 112
Transform: AffineTransform_float_3_3
Parameters: 0.999999 -0.000988885 0.00109501 0.000987008 0.999998 0.00181188 -0.00109622 -0.00181113 0.999998 0.0748084 -0.0716065 0.0885804
FixedParameters: 0 0 0

#Transform 113
Transform: AffineTransform_float_3_3
Parameters: 0.999999 -0.000947793 0.000932988 0.000945699 0.999997 0.00203168 -0.000935385 -0.00203132 0.999998 0.0852271 -0.0827584 0.0796381
FixedParameters: 0 0 0

#Transform 114
Transform: AffineTransform_float_3_3
Parameters: 1 -0.000614873 0.000937054 0.000613178 0.999998 0.00181173 -0.000937828 -0.00181127 0.999998 0.0812581 -0.0725369 0.105339
FixedParameters: 0 0 0

#Transform 115
Transform: AffineTransform_float_3_3
Parameters: 1 -0.000660866 0.000956553 0.000659235 0.999998 0.00174178 -0.000957402 -0.00174122 0.999998 0.0680316 -0.0640848 0.104383
FixedParameters: 0 0 0

#Transform 116
Transform: AffineTransform_float_3_3
Parameters: 1 -0.000660238 0.000956986 0.000659863 0.999999 0.00108563 -0.000956968 -0.00108437 0.999999 0.063304 -0.00614539 0.0966902
FixedParameters: 0 0 0

#Transform 117
Transform: AffineTransform_float_3_3
Parameters: 1 -0.000639411 0.00100658 0.000638491 0.999999 0.0013028 -0.00100679 -0.0013022 0.999999 0.061056 -0.0206692 0.104711
FixedParameters: 0 0 0

#Transform 118
Transform: AffineTransform_float_3_3
Parameters: 1 -0.000723904 0.000807322 0.000722402 0.999998 0.00174058 -0.000809309 -0.00173942 0.999998 0.0719116 -0.057057 0.0840164
FixedParameters: 0 0 0

#Transform 119
Transform: AffineTransform_float_3_3
Parameters: 0.999999 -0.000747149 0.000752151 0.000746436 0.999999 0.0016052 -0.000753098 -0.0016048 0.999998 0.0720339 -0.0264406 0.0705109
FixedParameters: 0 0 0

#Transform 120
Transform: AffineTransform_float_3_3
Parameters: 1 -0.000660426 0.000956857 0.000659675 0.999999 0.00128178 -0.000957098 -0.00128122 0.999999 0.0692046 -0.0112282 0.0801972
FixedParameters: 0 0 0

#Transform 121
Transform: AffineTransform_float_3_3
Parameters: 1 -0.000660373 0.000956893 0.000659728 0.999999 0.00122678 -0.000957062 -0.00122622 0.999999 0.0628881 0.0120759 0.0947086
FixedParameters: 0 0 0

#Transform 122
Transform: AffineTransform_float_3_3
Parameters: 0.999999 -0.000817236 0.00101168 0.000815757 0.999999 0.000923979 -0.00101227 -0.000923021 0.999999 0.0539339 0.0118027 0.0755274
FixedParameters: 0 0 0

#Transform 123
Transform: AffineTransform_float_3_3
Parameters: 0.999999 -0.000658916 0.00140313 0.000658108 0.999999 0.00075523 -0.00140359 -0.000754771 0.999999 0.0434484 0.0255849 0.0879079
FixedParameters: 0 0 0

#Transform 124
Transform: AffineTransform_float_3_3
Parameters: 0.999999 -0.000499153 0.00133583 0.000499376 1 0.00040782 -0.0013357 -0.000407181 0.999999 0.0449294 0.0016258 0.131902
FixedParameters: 0 0 0

#Transform 125
Transform: AffineTransform_float_3_3
Parameters: 0.999999 -0.000499124 0.00133584 0.000499405 1 0.000385821 -0.00133569 -0.000385181 0.999999 0.04467 0.00396007 0.14738
FixedParameters: 0 0 0

#Transform 126
Transform: AffineTransform_float_3_3
Parameters: 0.999999 -0.00049953 0.00133569 0.000498999 1 0.00068982 -0.00133584 -0.000689181 0.999999 0.0452136 -0.0125905 0.166372
FixedParameters: 0 0 0

#Transform 127
Transform: AffineTransform_float_3_3
Parameters: 0.999999 -0.000462603 0.00142391 0.000460905 0.999999 0.00105681 -0.00142436 -0.00105619 0.999998 0.0398357 -0.021941 0.173564
FixedParameters: 0 0 0

#Transform 128
Transform: AffineTransform_float_3_3
Parameters: 1 -0.000927113 0.000719041 0.000926683 0.999998 0.00120982 -0.000720753 -0.00120918 0.999999 0.0550546 -0.0160346 0.282378
FixedParameters: 0 0 0

#Transform 129
Transform: AffineTransform_float_3_3
Parameters: 0.999999 -0.000614006 0.000823015 0.000612861 0.999999 0.00149115 -0.000824314 -0.00149085 0.999998 0.0562185 -0.0485812 0.228408
FixedParameters: 0 0 0

#Transform 130
Transform: AffineTransform_float_3_3
Parameters: 0.999999 -0.000607696 0.000750756 0.00060659 0.999999 0.00160825 -0.000752179 -0.00160875 0.999998 0.0589605 -0.0158175 0.169048
FixedParameters: 0 0 0

#Transform 131
Transform: AffineTransform_float_3_3
Parameters: 1 -0.000702575 0.000857325 0.000701532 0.999998 0.00137175 -0.000858721 -0.00137124 0.999999 0.0610385 -0.00275355 0.167993
FixedParameters: 0 0 0

#Transform 132
Transform: AffineTransform_float_3_3
Parameters: 0.999999 -0.000742422 0.000763261 0.000741394 0.999999 0.00153036 -0.000765002 -0.00153064 0.999999 0.0628829 0.00610234 0.147493
FixedParameters: 0 0 0

#Transform 133
Transform: AffineTransform_float_3_3
Parameters: 1 -0.000742309 0.00076337 0.000741507 0.999999 0.00138357 -0.000764893 -0.00138243 0.999999 0.0574036 0.0214152 0.131757
FixedParameters: 0 0 0

#Transform 134
Transform: AffineTransform_float_3_3
Parameters: 1 -0.000629683 0.00102891 0.000629073 0.999999 0.000933801 -0.00102956 -0.0009332 0.999999 0.0480185 0.0345321 0.167569
FixedParameters: 0 0 0

#Transform 135
Transform: AffineTransform_float_3_3
Parameters: 1 -0.000718072 0.000819976 0.000717157 1 0.000796229 -0.000820198 -0.000795771 0.999999 0.0533536 0.0192589 0.201389
FixedParameters: 0 0 0

#Transform 136
Transform: AffineTransform_float_3_3
Parameters: 0.999999 -0.000582899 0.00113942 0.000582082 0.999999 0.000933817 -0.00113998 -0.000933184 0.999999 0.0442185 0.00261745 0.20946
FixedParameters: 0 0 0

#Transform 137
Transform: AffineTransform_float_3_3
Parameters: 1 -0.000742178 0.000763498 0.000741638 0.999999 0.00121157 -0.000764765 -0.00121043 0.999999 0.0574875 -0.0276487 0.201722
FixedParameters: 0 0 0

#Transform 138
Transform: AffineTransform_float_3_3
Parameters: 1 -0.000668239 0.000939066 0.00066671 0.999998 0.00171978 -0.000939911 -0.00171922 0.999999 0.0512462 -0.0181962 0.166711
FixedParameters: 0 0 0

#Transform 139
Transform: AffineTransform_float_3_3
Parameters: 1 -0.000645213 0.000993458 0.000643238 0.999998 0.00165279 -0.000995058 -0.00165221 0.999999 0.0493255 -0.0220689 0.17469
FixedParameters: 0 0 0

#Transform 140
Transform: AffineTransform_float_3_3
Parameters: 0.999999 -0.000742459 0.000763223 0.000741356 0.999999 0.00158021 -0.000765038 -0.00157979 0.999998 0.069751 -0.0144226 0.152549
FixedParameters: 0 0 0

#Transform 141
Transform: AffineTransform_float_3_3
Parameters: 1 -0.000742526 0.000763159 0.000741682 0.999999 0.00166721 -0.000764183 -0.00166679 0.999998 0.0574154 -0.000276496 0.136532
FixedParameters: 0 0 0

#Transform 142
Transform: AffineTransform_float_3_3
Parameters: 1 -0.000741966 0.000763704 0.000741851 0.999999 0.000933207 -0.000764559 -0.000932793 0.999999 0.0687452 0.0140499 0.145021
FixedParameters: 0 0 0

#Transform 143
Transform: AffineTransform_float_3_3
Parameters: 1 -0.000742091 0.000763583 0.000741726 0.999999 0.00109757 -0.000764681 -0.00109643 0.999999 0.0688804 -0.00923672 0.165852
FixedParameters: 0 0 0

#Transform 144
Transform: AffineTransform_float_3_3
Parameters: 1 -0.000742435 0.000763249 0.000741382 0.999999 0.00154721 -0.000765014 -0.00154679 0.999998 0.0522252 -0.0366351 0.149515
FixedParameters: 0 0 0

#Transform 145
Transform: AffineTransform_float_3_3
Parameters: 1 -0.000742598 0.000763091 0.000741611 0.999998 0.00176072 -0.000764253 -0.00176028 0.999999 0.0663745 -0.0450808 0.132524
FixedParameters: 0 0 0

#Transform 146
Transform: AffineTransform_float_3_3
Parameters: 1 -0.000742617 0.000763071 0.000741591 0.999998 0.00178672 -0.000764273 -0.00178628 0.999999 0.0642135 -0.0362066 0.128068
FixedParameters: 0 0 0

#Transform 147
Transform: AffineTransform_float_3_3
Parameters: 1 -0.000655626 0.000968652 0.000654317 0.999999 0.00155343 -0.000969237 -0.00155357 0.999998 0.0561284 -0.0367727 0.134344
FixedParameters: 0 0 0

#Transform 148
Transform: AffineTransform_float_3_3
Parameters: 0.999999 -0.000500849 0.00133442 0.000499381 0.999998 0.00138582 -0.00133566 -0.00138518 0.999998 0.0430662 0.0136994 0.0891769
FixedParameters: 0 0 0

#Transform 149
Transform: AffineTransform_float_3_3
Parameters: 0.999999 -0.000430848 0.00149856 0.00042897 1 0.000933797 -0.00149975 -0.000933202 0.999998 0.0273918 0.0265614 0.123072
FixedParameters: 0 0 0

#Transform 150
Transform: AffineTransform_float_3_3
Parameters: 0.999998 -0.000362352 0.00165893 0.000361885 1 0.000535907 -0.00165879 -0.000536095 0.999999 0.0227363 0.0325613 0.154702
FixedParameters: 0 0 0

#Transform 151
Transform: AffineTransform_float_3_3
Parameters: 0.999999 -0.000298564 0.00180989 0.000297513 1 0.000652692 -0.00180975 -0.000652308 0.999998 0.0206348 0.00756436 0.176047
FixedParameters: 0 0 0

#Transform 152
Transform: AffineTransform_float_3_3
Parameters: 0.999999 -0.000510706 0.00131057 0.000508922 0.999999 0.00118082 -0.00131125 -0.00118018 0.999998 0.0395421 -0.0123207 0.170325
FixedParameters: 0 0 0

#Transform 153
Transform: AffineTransform_float_3_3
Parameters: 0.999999 -0.000861905 0.00100471 0.000860332 0.999998 0.00162866 -0.00100607 -0.00162834 0.999998 0.047371 -0.0294995 0.149124
FixedParameters: 0 0 0

#Transform 154
Transform: AffineTransform_float_3_3
Parameters: 1 -0.00066118 0.000919799 0.000659717 0.999999 0.00172061 -0.000920621 -0.00171939 0.999998 0.0685859 -0.0316052 0.122376
FixedParameters: 0 0 0

#Transform 155
Transform: AffineTransform_float_3_3
Parameters: 1 -0.000538572 0.00104588 0.000536868 0.999998 0.00188056 -0.00104776 -0.00187944 0.999997 0.0508397 -0.0341425 0.133439
FixedParameters: 0 0 0

#Transform 156
Transform: AffineTransform_float_3_3
Parameters: 1 -0.00100652 0.000549575 0.00100499 0.999997 0.00209519 -0.000551948 -0.00209481 0.999997 0.080106 -0.0547575 0.147228
FixedParameters: 0 0 0

#Transform 157
Transform: AffineTransform_float_3_3
Parameters: 1 -0.000740622 0.000762985 0.000738204 0.999998 0.0020952 -0.000764243 -0.00209479 0.999997 0.0699827 -0.0214973 0.145575
FixedParameters: 0 0 0

#Transform 158
Transform: AffineTransform_float_3_3
Parameters: 1 -0.000744749 0.00081715 0.000742591 0.999998 0.00179861 -0.000817983 -0.00179739 0.999998 0.0669665 -0.0212671 0.176147
FixedParameters: 0 0 0

#Transform 159
Transform: AffineTransform_float_3_3
Parameters: 1 -0.000645571 0.00100949 0.000644827 0.999999 0.0010178 -0.00101027 -0.0010172 0.999999 0.0607642 0.0361935 0.167901
FixedParameters: 0 0 0

#Transform 160
Transform: AffineTransform_float_3_3
Parameters: 0.999999 -0.000838379 0.00109069 0.000837182 0.999999 0.00132871 -0.00109147 -0.00132829 0.999999 0.0603875 0.00939409 0.208913
FixedParameters: 0 0 0

#Transform 161
Transform: AffineTransform_float_3_3
Parameters: 1 -0.00111717 0.000498235 0.00111641 0.999998 0.0015412 -0.000499836 -0.0015408 0.999999 0.0786875 -0.0297974 0.282142
FixedParameters: 0 0 0

#Transform 162
Transform: AffineTransform_float_3_3
Parameters: 0.999999 -0.00134169 0.00122394 0.00133864 0.999997 0.00209908 -0.0012272 -0.00209792 0.999997 0.0765674 -0.026018 0.174666
FixedParameters: 0 0 0

#Transform 163
Transform: AffineTransform_float_3_3
Parameters: 0.999999 -0.00130154 0.000575757 0.00130063 0.999998 0.00180339 -0.000577687 -0.00180261 0.999999 0.0936019 -0.000199401 0.204197
FixedParameters: 0 0 0

#Transform 164
Transform: AffineTransform_float_3_3
Parameters: 0.999999 -0.00110152 0.00109048 0.00109927 0.999998 0.00180799 -0.00109301 -0.00180701 0.999998 0.0683523 0.000377554 0.210738
FixedParameters: 0 0 0

#Transform 165
Transform: AffineTransform_float_3_3
Parameters: 0.999998 -0.00103136 0.00136812 0.00103007 0.999999 0.00109436 -0.00136892 -0.00109364 0.999999 0.0578412 0.0571775 0.156567
FixedParameters: 0 0 0

#Transform 166
Transform: AffineTransform_float_3_3
Parameters: 0.999998 -0.00104753 0.00196906 0.00104708 1 0.000448009 -0.00196946 -0.000445993 0.999998 0.0325869 0.0594576 0.152909
FixedParameters: 0 0 0

#Transform 167
Transform: AffineTransform_float_3_3
Parameters: 0.999997 -0.000859366 0.00232355 0.000859531 0.999999 -3.41853e-05 -0.00232349 3.68145e-05 0.999998 0.00545786 0.0923109 0.205506
FixedParameters: 0 0 0

#Transform 168
Transform: AffineTransform_float_3_3
Parameters: 0.999997 -0.000931681 0.00235383 0.000931208 1 0.000184651 -0.00235325 -0.00018235 0.999998 -0.00202562 0.067008 0.185737
FixedParameters: 0 0 0

#Transform 169
Transform: AffineTransform_float_3_3
Parameters: 0.999996 -6.42947e-05 0.00282563 6.46755e-05 1 9.53605e-05 -0.00282604 -9.56413e-05 0.999996 -0.0035476 0.0681215 0.139112
FixedParameters: 0 0 0

#Transform 170
Transform: AffineTransform_float_3_3
Parameters: 0.999998 -0.00047522 0.00193985 0.000474056 0.999999 0.000875587 -0.00194054 -0.000874415 0.999998 0.00869262 0.0149353 0.321882
FixedParameters: 0 0 0

#Transform 171
Transform: AffineTransform_float_3_3
Parameters: 0.999998 -0.000182765 0.00192336 0.000181028 1 0.00103186 -0.0019236 -0.00103114 0.999997 0.0223851 0.0153981 0.345326
FixedParameters: 0 0 0

#Transform 172
Transform: AffineTransform_float_3_3
Parameters: 0.999999 2.4716e-05 0.00183528 -2.66385e-05 0.999999 0.00138246 -0.00183546 -0.00138253 0.999997 0.0290734 0.0034127 0.350408
FixedParameters: 0 0 0

#Transform 173
Transform: AffineTransform_float_3_3
Parameters: 0.999999 -0.00016318 0.00139219 0.000160429 0.999998 0.00178938 -0.00139263 -0.00178962 0.999997 0.0439577 0.0114154 0.292181
FixedParameters: 0 0 0

#Transform 174
Transform: AffineTransform_float_3_3
Parameters: 0.999999 -0.000730115 0.00130996 0.000727291 0.999998 0.00207811 -0.00131192 -0.00207689 0.999997 0.071951 0.0147182 0.264395
FixedParameters: 0 0 0

#Transform 175
Transform: AffineTransform_float_3_3
Parameters: 0.999999 -0.000957739 0.000770344 0.000955764 0.999998 0.00178774 -0.000771922 -0.00178626 0.999998 0.101189 0.0336866 0.201805
FixedParameters: 0 0 0

#Transform 176
Transform: AffineTransform_float_3_3
Parameters: 0.999999 -0.000724509 0.00132224 0.000721818 0.999998 0.00166111 -0.00132319 -0.00165989 0.999998 0.0625549 0.0464617 0.271836
FixedParameters: 0 0 0

#Transform 177
Transform: AffineTransform_float_3_3
Parameters: 0.999999 -0.000851242 0.00102266 0.000849059 0.999997 0.00189802 -0.00102444 -0.00189698 0.999998 0.0832315 0.0147128 0.328214
FixedParameters: 0 0 0

#Transform 178
Transform: AffineTransform_float_3_3
Parameters: 0.999999 -0.000842856 0.00104157 0.000841426 0.999999 0.00131552 -0.00104326 -0.00131448 0.999998 0.0844139 0.0352996 0.217436
FixedParameters: 0 0 0

#Transform 179
Transform: AffineTransform_float_3_3
Parameters: 0.999999 -0.000762 0.00123305 0.000759739 0.999999 0.00144773 -0.00123472 -0.00144727 0.999998 0.0848212 0.00534416 0.204142
FixedParameters: 0 0 0

#Transform 180
Transform: AffineTransform_float_3_3
Parameters: 0.999999 -0.000843032 0.00104143 0.000841642 0.999999 0.00148452 -0.00104248 -0.00148348 0.999998 0.0916531 0.000887805 0.232052
FixedParameters: 0 0 0

#Transform 181
Transform: AffineTransform_float_3_3
Parameters: 0.999999 -0.000681679 0.00142137 0.00068064 0.999999 0.000827121 -0.00142196 -0.000825879 0.999999 0.0782108 0.0442194 0.244219
FixedParameters: 0 0 0

#Transform 182
Transform: AffineTransform_float_3_3
Parameters: 0.999998 -0.000627682 0.00154775 0.000626266 1 0.000458123 -0.00154833 -0.000456876 0.999999 0.0737073 0.0599783 0.229146
FixedParameters: 0 0 0

#Transform 183
Transform: AffineTransform_float_3_3
Parameters: 0.999998 -0.000782974 0.00174274 0.000782473 0.999999 0.00052067 -0.00174303 -0.000519331 0.999998 0.0560089 0.0621244 0.235155
FixedParameters: 0 0 0

#Transform 184
Transform: AffineTransform_float_3_3
Parameters: 0.999998 -0.000644172 0.00150904 0.000642989 1 0.000522124 -0.00150879 -0.000520876 0.999999 0.0564913 0.0432133 0.256587
FixedParameters: 0 0 0

#Transform 185
Transform: AffineTransform_float_3_3
Parameters: 0.999998 -0.00091756 0.00152111 0.000916056 0.999999 0.0009257 -0.00152228 -0.000924299 0.999999 0.0556882 0.021605 0.255194
FixedParameters: 0 0 0

#Transform 186
Transform: AffineTransform_float_3_3
Parameters: 0.999998 -0.00112184 0.00160674 0.00111904 0.999998 0.00140159 -0.00160843 -0.0013994 0.999997 0.0671559 -0.0125573 0.22386
FixedParameters: 0 0 0

#Transform 187
Transform: AffineTransform_float_3_3
Parameters: 0.999999 -0.00133321 0.00130884 0.00133038 0.999996 0.00237654 -0.00131227 -0.00237446 0.999996 0.0800885 -0.0817315 0.50279
FixedParameters: 0 0 0

#Transform 188
Transform: AffineTransform_float_3_3
Parameters: 0.999999 -0.00119578 0.00100102 0.00119413 0.999998 0.00186899 -0.00100311 -0.00186801 0.999998 0.111983 0.0407089 0.21763
FixedParameters: 0 0 0

#Transform 189
Transform: AffineTransform_float_3_3
Parameters: 0.999998 -0.00095586 0.00138693 0.000953382 0.999998 0.00197912 -0.00138872 -0.00197788 0.999997 0.0935144 -0.034741 0.200849
FixedParameters: 0 0 0

#Transform 190
Transform: AffineTransform_float_3_3
