# transform file /out/sourcedata/freesurfer/sub-v2s5x29564_ses-1/mri/transforms/cc_up.lta
# created by oesteban on Fri Mar 13 10:35:22 2026

type      = 0 # LINEAR_VOX_TO_VOX
nxforms   = 1
mean      = 162.0000 114.0000 146.0000
sigma     = 10000.0000
1 4 4
9.986506700515747e-01 3.397392481565475e-02 3.927629068493843e-02 -4.174760818481445e+01 
-3.394767642021179e-02 9.994227290153503e-01 -1.335140317678452e-03 2.870967102050781e+01 
-3.929897770285606e-02 0.000000000000000e+00 9.992275238037109e-01 2.245295143127441e+01 
0.000000000000000e+00 0.000000000000000e+00 0.000000000000000e+00 1.000000000000000e+00 
src volume info
valid = 1  # volume info valid
filename = /out/sourcedata/freesurfer/sub-v2s5x29564_ses-1/mri/norm.mgz
volume = 320 320 320
voxelsize = 6.999999880790710e-01 6.999999880790710e-01 6.999999880790710e-01
xras   = -1.000000000000000e+00 0.000000000000000e+00 0.000000000000000e+00
yras   = 0.000000000000000e+00 0.000000000000000e+00 -1.000000000000000e+00
zras   = 0.000000000000000e+00 1.000000000000000e+00 0.000000000000000e+00
cras   = 2.046798706054688e+00 2.004299926757812e+01 -7.800292968750000e-02
dst volume info
valid = 1  # volume info valid
filename = /out/sourcedata/freesurfer/sub-v2s5x29564_ses-1/mri/norm.mgz
volume = 320 320 320
voxelsize = 6.999999880790710e-01 6.999999880790710e-01 6.999999880790710e-01
xras   = -1.000000000000000e+00 0.000000000000000e+00 0.000000000000000e+00
yras   = 0.000000000000000e+00 0.000000000000000e+00 -1.000000000000000e+00
zras   = 0.000000000000000e+00 1.000000000000000e+00 0.000000000000000e+00
cras   = 2.046798706054688e+00 2.004299926757812e+01 -7.800292968750000e-02
