type      = 1 # LINEAR_RAS_TO_RAS
nxforms   = 1
mean      = 0.0000 0.0000 0.0000
sigma     = 1.0000
1 4 4
1.077911972999573e+00 -4.501499980688095e-02 1.952599920332432e-02 -1.622046947479248e+00 
6.206899881362915e-02 1.100088000297546e+00 7.232200354337692e-02 -3.110401916503906e+01 
-2.979099936783314e-02 -1.777330040931702e-01 1.320837974548340e+00 -3.056935119628906e+01 
0.000000000000000e+00 0.000000000000000e+00 0.000000000000000e+00 1.000000000000000e+00 
src volume info
valid = 1  # volume info valid
filename = /out/sourcedata/freesurfer/sub-v2s5x29564_ses-1/mri/orig_nu.mgz
volume = 320 320 320
voxelsize = 6.999999880790710e-01 6.999999880790710e-01 6.999999880790710e-01
xras   = -1.000000000000000e+00 0.000000000000000e+00 0.000000000000000e+00
yras   = 0.000000000000000e+00 0.000000000000000e+00 -1.000000000000000e+00
zras   = 0.000000000000000e+00 1.000000000000000e+00 0.000000000000000e+00
cras   = 2.046798706054688e+00 2.004299926757812e+01 -7.800292968750000e-02
dst volume info
valid = 1  # volume info valid
filename = /opt/freesurfer/average/mni305.cor.mgz
volume = 256 256 256
voxelsize = 1.000000000000000e+00 1.000000000000000e+00 1.000000000000000e+00
xras   = -1.000000000000000e+00 0.000000000000000e+00 0.000000000000000e+00
yras   = 0.000000000000000e+00 0.000000000000000e+00 -1.000000000000000e+00
zras   = 0.000000000000000e+00 1.000000000000000e+00 0.000000000000000e+00
cras   = 0.000000000000000e+00 0.000000000000000e+00 0.000000000000000e+00
subject fsaverage
fscale 0.100000
