# transform file /out/sourcedata/freesurfer/sub-v2s5x29538_ses-1/mri/transforms/cc_up.lta
# created by oesteban on Fri Mar 13 08:51:30 2026

type      = 0 # LINEAR_VOX_TO_VOX
nxforms   = 1
mean      = 158.0000 130.0000 144.0000
sigma     = 10000.0000
1 4 4
9.983054399490356e-01 2.911735139787197e-02 -5.038276687264442e-02 -2.585447883605957e+01 
-2.908033877611160e-02 9.995760321617126e-01 1.467634923756123e-03 8.429132461547852e+00 
5.040413513779640e-02 0.000000000000000e+00 9.987288713455200e-01 1.127550506591797e+01 
0.000000000000000e+00 0.000000000000000e+00 0.000000000000000e+00 1.000000000000000e+00 
src volume info
valid = 1  # volume info valid
filename = /out/sourcedata/freesurfer/sub-v2s5x29538_ses-1/mri/norm.mgz
volume = 320 320 320
voxelsize = 6.999999880790710e-01 6.999999880790710e-01 6.999999880790710e-01
xras   = -1.000000000000000e+00 0.000000000000000e+00 0.000000000000000e+00
yras   = 0.000000000000000e+00 0.000000000000000e+00 -1.000000000000000e+00
zras   = 0.000000000000000e+00 1.000000000000000e+00 0.000000000000000e+00
cras   = -9.798049926757812e-01 1.762199401855469e+01 -2.671249389648438e+01
dst volume info
valid = 1  # volume info valid
filename = /out/sourcedata/freesurfer/sub-v2s5x29538_ses-1/mri/norm.mgz
volume = 320 320 320
voxelsize = 6.999999880790710e-01 6.999999880790710e-01 6.999999880790710e-01
xras   = -1.000000000000000e+00 0.000000000000000e+00 0.000000000000000e+00
yras   = 0.000000000000000e+00 0.000000000000000e+00 -1.000000000000000e+00
zras   = 0.000000000000000e+00 1.000000000000000e+00 0.000000000000000e+00
cras   = -9.798049926757812e-01 1.762199401855469e+01 -2.671249389648438e+01
