# transform file /out/sourcedata/freesurfer/sub-v2s5x29552_ses-1/mri/transforms/cc_up.lta
# created by oesteban on Fri Mar 13 10:02:16 2026

type      = 0 # LINEAR_VOX_TO_VOX
nxforms   = 1
mean      = 164.0000 119.0000 141.0000
sigma     = 10000.0000
1 4 4
9.991216063499451e-01 -1.540599018335342e-02 3.897073864936829e-02 -3.928636932373047e+01 
1.539428438991308e-02 9.998813271522522e-01 6.004541064612567e-04 3.441168212890625e+01 
-3.897536545991898e-02 -5.820766091346741e-11 9.992402195930481e-01 1.048617362976074e+01 
0.000000000000000e+00 0.000000000000000e+00 0.000000000000000e+00 1.000000000000000e+00 
src volume info
valid = 1  # volume info valid
filename = /out/sourcedata/freesurfer/sub-v2s5x29552_ses-1/mri/norm.mgz
volume = 320 320 320
voxelsize = 6.999999880790710e-01 6.999999880790710e-01 6.999999880790710e-01
xras   = -1.000000000000000e+00 0.000000000000000e+00 0.000000000000000e+00
yras   = 0.000000000000000e+00 0.000000000000000e+00 -1.000000000000000e+00
zras   = 0.000000000000000e+00 1.000000000000000e+00 0.000000000000000e+00
cras   = 6.284095764160156e+00 1.943800354003906e+01 -3.942430114746094e+01
dst volume info
valid = 1  # volume info valid
filename = /out/sourcedata/freesurfer/sub-v2s5x29552_ses-1/mri/norm.mgz
volume = 320 320 320
voxelsize = 6.999999880790710e-01 6.999999880790710e-01 6.999999880790710e-01
xras   = -1.000000000000000e+00 0.000000000000000e+00 0.000000000000000e+00
yras   = 0.000000000000000e+00 0.000000000000000e+00 -1.000000000000000e+00
zras   = 0.000000000000000e+00 1.000000000000000e+00 0.000000000000000e+00
cras   = 6.284095764160156e+00 1.943800354003906e+01 -3.942430114746094e+01
