# transform file /out/sourcedata/freesurfer/sub-v2s5x29558_ses-1/mri/transforms/cc_up.lta
# created by oesteban on Fri Mar 13 10:26:46 2026

type      = 0 # LINEAR_VOX_TO_VOX
nxforms   = 1
mean      = 157.0000 132.0000 154.0000
sigma     = 10000.0000
1 4 4
9.999930858612061e-01 -8.456389768980443e-04 -3.623651340603828e-03 -2.754872131347656e+01 
8.456333889625967e-04 9.999996423721313e-01 -3.064301836275263e-06 6.867576599121094e+00 
3.623652504757047e-03 2.273736754432321e-13 9.999934434890747e-01 3.143172073364258e+01 
0.000000000000000e+00 0.000000000000000e+00 0.000000000000000e+00 1.000000000000000e+00 
src volume info
valid = 1  # volume info valid
filename = /out/sourcedata/freesurfer/sub-v2s5x29558_ses-1/mri/norm.mgz
volume = 320 320 320
voxelsize = 6.999999880790710e-01 6.999999880790710e-01 6.999999880790710e-01
xras   = -1.000000000000000e+00 0.000000000000000e+00 0.000000000000000e+00
yras   = 0.000000000000000e+00 0.000000000000000e+00 -1.000000000000000e+00
zras   = 0.000000000000000e+00 1.000000000000000e+00 0.000000000000000e+00
cras   = -9.798049926757812e-01 1.701599884033203e+01 -2.429119873046875e+01
dst volume info
valid = 1  # volume info valid
filename = /out/sourcedata/freesurfer/sub-v2s5x29558_ses-1/mri/norm.mgz
volume = 320 320 320
voxelsize = 6.999999880790710e-01 6.999999880790710e-01 6.999999880790710e-01
xras   = -1.000000000000000e+00 0.000000000000000e+00 0.000000000000000e+00
yras   = 0.000000000000000e+00 0.000000000000000e+00 -1.000000000000000e+00
zras   = 0.000000000000000e+00 1.000000000000000e+00 0.000000000000000e+00
cras   = -9.798049926757812e-01 1.701599884033203e+01 -2.429119873046875e+01
