# transform file transforms/talairach.lta
# created by oesteban on Fri Mar 13 08:07:05 2026

type      = 0 # LINEAR_VOX_TO_VOX
nxforms   = 1
mean      = 157.0000 133.0000 155.0000
sigma     = 10000.0000
1 4 4
7.027463912963867e-01 6.769106257706881e-03 -1.531509123742580e-02 1.736300659179688e+01 
-5.012236069887877e-03 7.983697056770325e-01 1.326381564140320e-01 -2.134121179580688e+00 
1.914594694972038e-02 -1.128673553466797e-01 6.087298989295959e-01 3.119915199279785e+01 
0.000000000000000e+00 0.000000000000000e+00 0.000000000000000e+00 1.000000000000000e+00 
src volume info
valid = 1  # volume info valid
filename = nu.mgz
volume = 320 320 320
voxelsize = 6.999999880790710e-01 6.999999880790710e-01 6.999999880790710e-01
xras   = -1.000000000000000e+00 0.000000000000000e+00 0.000000000000000e+00
yras   = 0.000000000000000e+00 0.000000000000000e+00 -1.000000000000000e+00
zras   = 0.000000000000000e+00 1.000000000000000e+00 0.000000000000000e+00
cras   = -9.798049926757812e-01 1.701599884033203e+01 -2.429119873046875e+01
dst volume info
valid = 1  # volume info valid
filename = /opt/freesurfer/average/RB_all_2020-01-02.gca
volume = 256 256 256
voxelsize = 1.000000000000000e+00 1.000000000000000e+00 1.000000000000000e+00
xras   = -1.000000000000000e+00 0.000000000000000e+00 0.000000000000000e+00
yras   = 0.000000000000000e+00 0.000000000000000e+00 -1.000000000000000e+00
zras   = 0.000000000000000e+00 1.000000000000000e+00 0.000000000000000e+00
cras   = 0.000000000000000e+00 0.000000000000000e+00 0.000000000000000e+00
