#Insight Transform File V1.0
#Transform 0
Transform: AffineTransform_float_3_3
Parameters: 1 0.000111161 0.000261341 -0.000110774 0.999999 -0.000739029 -0.000261505 0.000738971 0.999999 -0.00888132 -0.100614 -0.0899191
FixedParameters: 0 0 0

#Transform 1
Transform: AffineTransform_float_3_3
Parameters: 1 5.98461e-05 0.00014081 -5.97176e-05 1 -0.000456008 -0.000140864 0.000455991 1 -0.0118057 -0.108235 -0.0770838
FixedParameters: 0 0 0

#Transform 2
Transform: AffineTransform_float_3_3
Parameters: 1 0.000250253 0.000360824 -0.000250546 0.999999 -0.00086909 -0.000360869 0.000868909 0.999999 -0.00252259 -0.0718064 -0.0993546
FixedParameters: 0 0 0

#Transform 3
Transform: AffineTransform_float_3_3
Parameters: 1 0 0 0 0.999999 -0.000886999 0 0.000886999 0.999999 -0.00765 -0.0267592 -0.140518
FixedParameters: 0 0 0

#Transform 4
Transform: AffineTransform_float_3_3
Parameters: 1 0 0 0 1 -0.000456 0 0.000456 1 -0.00747 -0.070688 -0.0690538
FixedParameters: 0 0 0

#Transform 5
Transform: AffineTransform_float_3_3
Parameters: 1 0 0 0 1 -8.7e-05 0 8.7e-05 1 -0.014958 -0.0864873 -0.0402919
FixedParameters: 0 0 0

#Transform 6
Transform: AffineTransform_float_3_3
Parameters: 1 0.000180193 0.000424325 -0.000180061 1 -0.000155076 -0.000424381 0.000154924 1 -0.0175168 -0.0417938 -0.0602651
FixedParameters: 0 0 0

#Transform 7
Transform: AffineTransform_float_3_3
Parameters: 1 0.000180507 0.000424191 -0.000179747 0.999999 -0.000895717 -0.000424514 0.000896283 1 -0.00762728 0.00394519 -0.156279
FixedParameters: 0 0 0

#Transform 8
Transform: AffineTransform_float_3_3
Parameters: 1 -3.77121e-05 6.71401e-05 3.78607e-05 1 -0.001107 -6.70565e-05 0.001107 1 -0.00125731 -0.0124 -0.163583
FixedParameters: 0 0 0

#Transform 9
Transform: AffineTransform_float_3_3
Parameters: 1 7.54408e-05 1.9018e-05 -7.54305e-05 1 -0.000271001 -1.90588e-05 0.000270999 1 0.000376007 -0.082167 -0.0794707
FixedParameters: 0 0 0

#Transform 10
Transform: AffineTransform_float_3_3
Parameters: 1 8.28008e-05 1.5907e-05 -8.27986e-05 1 -6.70013e-05 -1.59181e-05 6.69987e-05 1 0.00043923 -0.0874683 -0.0517825
FixedParameters: 0 0 0

#Transform 11
Transform: AffineTransform_float_3_3
Parameters: 1 1.83679e-05 4.32622e-05 -1.83608e-05 1 -8.20008e-05 -4.32652e-05 8.19992e-05 1 -0.000457399 -0.0583181 -0.0765499
FixedParameters: 0 0 0

#Transform 12
Transform: AffineTransform_float_3_3
Parameters: 1 1.83914e-05 4.32522e-05 -1.83373e-05 1 -0.000626001 -4.32752e-05 0.000625999 1 -0.000458522 0.0112596 -0.13204
FixedParameters: 0 0 0

#Transform 13
Transform: AffineTransform_float_3_3
Parameters: 1 8.09608e-05 1.6684e-05 -8.09566e-05 1 -0.000124001 -1.67041e-05 0.000123999 1 0.00851734 -0.0300083 -0.0975252
FixedParameters: 0 0 0

#Transform 14
Transform: AffineTransform_float_3_3
Parameters: 1 1.83549e-05 4.32677e-05 -1.83738e-05 1 0.000217999 -4.32597e-05 -0.000218001 1 0.00427962 -0.0671464 -0.0493526
FixedParameters: 0 0 0

#Transform 15
Transform: AffineTransform_float_3_3
Parameters: 1 -1.0544e-05 -2.48561e-05 1.05555e-05 1 0.000231 2.48512e-05 -0.000231 1 0.000172207 -0.047749 -0.00908032
FixedParameters: 0 0 0

#Transform 16
Transform: AffineTransform_float_3_3
Parameters: 1 -3.16734e-05 -7.45506e-05 3.16251e-05 1 -0.000324002 7.45711e-05 0.000323998 1 0.0153659 -0.00668922 -0.0971845
FixedParameters: 0 0 0

#Transform 17
Transform: AffineTransform_float_3_3
Parameters: 1 -0.000118929 -5.48542e-05 0.000118882 1 -0.000424006 5.4955e-05 0.000423993 1 0.0126016 0.0284669 -0.0817436
FixedParameters: 0 0 0

#Transform 18
Transform: AffineTransform_float_3_3
Parameters: 1 1.83357e-05 4.32759e-05 -1.8393e-05 1 0.000661999 -4.32516e-05 -0.000662 1 -0.000454005 -0.0711753 0.00735309
FixedParameters: 0 0 0

#Transform 19
Transform: AffineTransform_float_3_3
Parameters: 1 0.000101205 8.16351e-06 -0.000101215 1 0.000647999 -8.03234e-06 -0.000648001 1 0.000758705 -0.0370716 0.0264289
FixedParameters: 0 0 0

#Transform 20
Transform: AffineTransform_float_3_3
Parameters: 1 1.83424e-05 4.3273e-05 -1.83863e-05 1 0.000507999 -4.32544e-05 -0.000508001 1 -0.000452467 -0.0132429 0.0183236
FixedParameters: 0 0 0

#Transform 21
Transform: AffineTransform_float_3_3
Parameters: 1 1.83752e-05 4.32591e-05 -1.83535e-05 1 -0.000250001 -4.32683e-05 0.000249999 1 -0.000455155 0.0518503 -0.0714279
FixedParameters: 0 0 0

#Transform 22
Transform: AffineTransform_float_3_3
Parameters: 1 -8.47325e-05 -0.000199773 8.48448e-05 1 0.000280983 0.000199726 -0.000281017 1 0.00178547 -0.000998579 -0.0214488
FixedParameters: 0 0 0

#Transform 23
Transform: AffineTransform_float_3_3
Parameters: 1 0.000131783 0.000311251 -0.000132351 0.999999 0.000912958 -0.00031101 -0.00091304 0.999999 -0.0029373 -0.0664411 0.0484667
FixedParameters: 0 0 0

#Transform 24
Transform: AffineTransform_float_3_3
Parameters: 1 0.000106034 0.000250481 -0.000106524 1 0.000978974 -0.000250273 -0.000979028 1 -0.00237205 -0.0302729 0.0618883
FixedParameters: 0 0 0

#Transform 25
Transform: AffineTransform_float_3_3
Parameters: 1 -9.82564e-05 0.000436993 9.77948e-05 1 0.000528043 -0.000437096 -0.000527957 1 -0.00659476 -0.0165717 0.0610327
FixedParameters: 0 0 0

#Transform 26
Transform: AffineTransform_float_3_3
Parameters: 1 -4.49661e-05 -0.000105844 4.4902e-05 1 -0.000303005 0.000105872 0.000302995 1 0.00102497 0.0420897 -7.47753e-05
FixedParameters: 0 0 0

#Transform 27
Transform: AffineTransform_float_3_3
Parameters: 1 -4.49661e-05 -0.000105844 4.4902e-05 1 -0.000303005 0.000105872 0.000302995 1 0.00102634 0.0569649 -0.0193357
FixedParameters: 0 0 0

#Transform 28
Transform: AffineTransform_float_3_3
Parameters: 1 -4.49268e-05 -0.000105861 4.49414e-05 1 6.89952e-05 0.000105855 -6.90048e-05 1 0.00102061 -0.0281661 0.0708859
FixedParameters: 0 0 0

#Transform 29
Transform: AffineTransform_float_3_3
Parameters: 1 3.23725e-05 7.64265e-05 -3.24888e-05 0.999999 0.000760997 -7.63772e-05 -0.000761002 0.999999 -0.000699301 -0.00705006 0.0512382
FixedParameters: 0 0 0

#Transform 30
Transform: AffineTransform_float_3_3
Parameters: 1 -4.49419e-05 -0.000105855 4.49262e-05 1 -7.40048e-05 0.000105861 7.39952e-05 1 0.00102368 0.0326502 0.0160961
FixedParameters: 0 0 0

#Transform 31
Transform: AffineTransform_float_3_3
Parameters: 1 -0.00023917 -2.33143e-05 0.000239151 1 -0.000416006 2.35133e-05 0.000415994 1 -0.00172695 0.0705793 0.00145047
FixedParameters: 0 0 0

#Transform 32
Transform: AffineTransform_float_3_3
Parameters: 1 -6.6382e-05 -0.000156504 6.64665e-05 1 0.00026999 0.000156468 -0.00027001 1 0.00146707 -0.00444767 0.0722778
FixedParameters: 0 0 0

#Transform 33
Transform: AffineTransform_float_3_3
Parameters: 1 -4.48831e-05 -0.00010588 4.4985e-05 1 0.000480995 0.000105836 -0.000481005 1 -0.00520369 -0.00507001 0.0733975
FixedParameters: 0 0 0

#Transform 34
Transform: AffineTransform_float_3_3
Parameters: 1 -0.000208774 -3.63635e-05 0.000208794 1 0.000265992 3.62524e-05 -0.000266008 1 0.000853641 0.0420991 -0.0056895
FixedParameters: 0 0 0

#Transform 35
Transform: AffineTransform_float_3_3
Parameters: 1 -0.000304515 4.40973e-06 0.000304518 1 -0.000267999 -4.2465e-06 0.000268001 1 0.00469487 0.0878699 -0.0160279
FixedParameters: 0 0 0

#Transform 36
Transform: AffineTransform_float_3_3
Parameters: 1 -0.000133268 -6.84149e-05 0.000132417 1 0.000502991 6.8672e-05 -0.000503009 1 -0.000185983 0.00908338 0.0830658
FixedParameters: 0 0 0

#Transform 37
Transform: AffineTransform_float_3_3
Parameters: 1 -4.4861e-05 -0.000105889 4.50071e-05 1 0.000689995 0.000105827 -0.000690004 1 -0.00679689 0.0161713 0.132338
FixedParameters: 0 0 0

#Transform 38
Transform: AffineTransform_float_3_3
Parameters: 1 -0.000213384 -3.43705e-05 0.000213389 1 7.59927e-05 3.4338e-05 -7.60073e-05 1 -0.0013775 0.0657265 0.0279474
FixedParameters: 0 0 0

#Transform 39
Transform: AffineTransform_float_3_3
Parameters: 1 -0.000308063 -0.000211478 0.00030814 1 0.000182935 0.000211366 -0.000183065 1 0.000131799 0.112187 0.0116388
FixedParameters: 0 0 0

#Transform 40
Transform: AffineTransform_float_3_3
Parameters: 1 -0.000118914 -1.15476e-05 0.000119326 0.999999 0.000887998 1.22566e-05 -0.000888001 0.999999 -0.000910723 0.00655603 0.110057
FixedParameters: 0 0 0

#Transform 41
Transform: AffineTransform_float_3_3
Parameters: 1 -0.000154095 0.000141293 0.000155193 0.999999 0.000757022 -0.000140997 -0.000756978 0.999999 -0.00671534 0.0265587 0.125562
FixedParameters: 0 0 0

#Transform 42
Transform: AffineTransform_float_3_3
Parameters: 1 -4.4943e-05 -0.000105854 4.49252e-05 1 -8.40048e-05 0.000105862 8.39952e-05 1 0.0120971 0.0714888 0.0424541
FixedParameters: 0 0 0

#Transform 43
Transform: AffineTransform_float_3_3
Parameters: 1 -0.000193808 -0.000456568 0.000193798 1 -1.10885e-05 0.000456572 1.09115e-05 1 0.00426088 0.103655 0.0643906
FixedParameters: 0 0 0

#Transform 44
Transform: AffineTransform_float_3_3
Parameters: 1 -4.48579e-05 -0.00010589 4.50102e-05 0.999999 0.000718995 0.000105826 -0.000719004 0.999999 0.00101343 -0.00788714 0.130085
FixedParameters: 0 0 0

#Transform 45
Transform: AffineTransform_float_3_3
Parameters: 1 -0.000114611 2.68388e-05 0.000114575 1 0.000662003 -2.69906e-05 -0.000661997 1 -0.00143435 0.0475008 0.0908592
FixedParameters: 0 0 0

#Transform 46
Transform: AffineTransform_float_3_3
Parameters: 1 -0.000399626 -5.85182e-05 0.00039963 1 3.59766e-05 5.84894e-05 -3.60234e-05 1 0.00864118 0.118922 0.0106437
FixedParameters: 0 0 0

#Transform 47
Transform: AffineTransform_float_3_3
Parameters: 1 -0.000274012 -7.49832e-05 0.000274071 1 0.000391979 7.47684e-05 -0.00039202 1 0.00776027 0.06654 0.0798638
FixedParameters: 0 0 0

#Transform 48
Transform: AffineTransform_float_3_3
Parameters: 1 -0.000221657 -3.09365e-05 0.000221685 1 0.000445993 3.07388e-05 -0.000446007 1 -0.00151998 0.0405492 0.128259
FixedParameters: 0 0 0

#Transform 49
Transform: AffineTransform_float_3_3
Parameters: 1 -0.000278741 -6.68093e-06 0.000278744 1 0.000245998 6.54379e-06 -0.000246002 1 -0.0023634 0.0758225 0.0740783
FixedParameters: 0 0 0

#Transform 50
Transform: AffineTransform_float_3_3
Parameters: 1 -0.000228109 -2.81461e-05 0.00022812 1 0.000190994 2.8059e-05 -0.000191006 1 0.0149311 0.140791 0.00365334
FixedParameters: 0 0 0

#Transform 51
Transform: AffineTransform_float_3_3
Parameters: 1 -9.18157e-05 -8.59993e-05 9.19439e-05 0.999999 0.000745992 8.58622e-05 -0.000746007 0.999999 0.0125709 0.0491209 0.0940368
FixedParameters: 0 0 0

#Transform 52
Transform: AffineTransform_float_3_3
Parameters: 1 -4.47874e-05 -0.00010592 4.50807e-05 0.999999 0.001385 0.000105796 -0.001385 0.999999 0.011854 0.041755 0.112699
FixedParameters: 0 0 0

#Transform 53
Transform: AffineTransform_float_3_3
Parameters: 1 -0.000278622 6.27051e-05 0.000278948 1 0.000519017 -6.2074e-05 -0.000518983 1 0.0127753 0.0944096 0.0426894
FixedParameters: 0 0 0

#Transform 54
Transform: AffineTransform_float_3_3
Parameters: 1 -0.000188927 0.000125696 0.000188797 1 0.000519024 -0.000125892 -0.000518976 1 0.0115255 0.121815 0.058876
FixedParameters: 0 0 0

#Transform 55
Transform: AffineTransform_float_3_3
Parameters: 1 -0.000156757 0.000111961 0.000156531 0.999999 0.00100602 -0.000112276 -0.00100598 0.999999 0.00514678 0.0282267 0.151011
FixedParameters: 0 0 0

#Transform 56
Transform: AffineTransform_float_3_3
Parameters: 1 -5.77827e-05 -0.000136254 5.78737e-05 1 0.000333992 0.000136215 -0.000334008 1 0.00894775 0.0689621 0.133944
FixedParameters: 0 0 0

#Transform 57
Transform: AffineTransform_float_3_3
Parameters: 1 -0.000330812 -0.000279924 0.00033061 1 -0.000360093 0.000280162 0.000359907 1 0.0179136 0.162191 0.0543604
FixedParameters: 0 0 0

#Transform 58
Transform: AffineTransform_float_3_3
Parameters: 1 -0.000128026 -0.000301982 0.000128294 1 0.000443961 0.000301869 -0.000444039 1 0.0164106 0.0853479 0.116841
FixedParameters: 0 0 0

#Transform 59
Transform: AffineTransform_float_3_3
Parameters: 1 -9.55667e-05 -0.000225592 9.58914e-05 0.999999 0.000719978 0.000225455 -0.000720021 0.999999 0.0107404 0.0574997 0.163768
FixedParameters: 0 0 0

#Transform 60
Transform: AffineTransform_float_3_3
Parameters: 1 -0.000205109 -0.000109578 0.000205123 1 6.49775e-05 0.000109551 -6.50225e-05 1 0.0123663 0.0895081 0.111266
FixedParameters: 0 0 0

#Transform 61
Transform: AffineTransform_float_3_3
Parameters: 1 -0.000407947 -0.000247364 0.00040812 1 0.000349899 0.000247079 -0.000350101 1 0.0108624 0.162237 0.0415273
FixedParameters: 0 0 0

#Transform 62
Transform: AffineTransform_float_3_3
Parameters: 1 -0.000125993 -0.000297413 0.000126419 0.999999 0.000715962 0.000297233 -0.000716037 0.999999 0.0115595 0.0758433 0.142441
FixedParameters: 0 0 0

#Transform 63
Transform: AffineTransform_float_3_3
Parameters: 1 -0.000271379 -0.000305423 0.000271299 0.999999 0.00137592 0.000305067 -0.00137608 0.999999 0.00156639 0.0650968 0.193404
FixedParameters: 0 0 0

#Transform 64
Transform: AffineTransform_float_3_3
Parameters: 1 -9.12751e-05 -0.000215464 9.1587e-05 0.999999 0.00072398 0.000215332 -0.000724019 0.999999 0.0182696 0.0910688 0.115714
FixedParameters: 0 0 0

#Transform 65
Transform: AffineTransform_float_3_3
Parameters: 1 -0.000423289 5.45191e-05 0.000423234 1 0.000504023 -5.49457e-05 -0.000503977 1 0.0117954 0.16003 0.0291676
FixedParameters: 0 0 0

#Transform 66
Transform: AffineTransform_float_3_3
Parameters: 1 -0.000365529 -0.000186226 0.000366268 1 0.000931572 0.000186465 -0.000932428 0.999999 0.0147664 0.0727488 0.14451
FixedParameters: 0 0 0

#Transform 67
Transform: AffineTransform_float_3_3
Parameters: 1 -0.000231082 -0.000322395 0.000231511 1 0.000664925 0.000322088 -0.000665074 0.999999 0.0114083 0.0908207 0.159564
FixedParameters: 0 0 0

#Transform 68
Transform: AffineTransform_float_3_3
Parameters: 1 -0.000490522 -0.000203503 0.000490508 1 -3.40998e-05 0.000203536 3.39002e-05 1 0.0204608 0.165902 0.0802756
FixedParameters: 0 0 0

#Transform 69
Transform: AffineTransform_float_3_3
Parameters: 1 -0.000189358 -0.000446507 0.000189651 1 0.000328915 0.000446382 -0.000329084 1 0.0241495 0.136015 0.125614
FixedParameters: 0 0 0

#Transform 70
Transform: AffineTransform_float_3_3
Parameters: 1 -0.0001174 -0.000277161 0.00011782 0.999999 0.000757967 0.000276983 -0.000758032 0.999999 0.0115281 0.0880563 0.198159
FixedParameters: 0 0 0

#Transform 71
Transform: AffineTransform_float_3_3
Parameters: 1 0.000137469 -2.66908e-05 -0.000137412 1 0.001053 2.69802e-05 -0.001053 1 0.00138935 0.0958668 0.208042
FixedParameters: 0 0 0

#Transform 72
Transform: AffineTransform_float_3_3
Parameters: 1 0.000248591 0.000118859 -0.000248767 0.999995 0.00296997 -0.000118693 -0.00297003 0.999995 -0.0143455 0.0430205 0.291518
FixedParameters: 0 0 0

#Transform 73
Transform: AffineTransform_float_3_3
Parameters: 1 -0.000121792 -0.000288333 0.000121885 0.999999 0.00175797 0.000288295 -0.00175804 0.999999 0.00254773 0.159354 0.282733
FixedParameters: 0 0 0

#Transform 74
Transform: AffineTransform_float_3_3
Parameters: 1 -0.000301462 -0.000212402 0.000301212 0.999998 0.00157894 0.000211841 -0.00157906 0.999998 2.25023e-05 0.186809 0.264592
FixedParameters: 0 0 0

#Transform 75
Transform: AffineTransform_float_3_3
Parameters: 1 -0.000170084 1.13383e-05 0.000170081 1 0.000124002 -1.13805e-05 -0.000123998 1 0.0144997 0.200031 0.150949
FixedParameters: 0 0 0

#Transform 76
Transform: AffineTransform_float_3_3
Parameters: 1 -0.000379905 -0.000179 0.000379254 0.999999 0.000753932 0.000178818 -0.000754067 0.999999 0.0154643 0.166419 0.201047
FixedParameters: 0 0 0

#Transform 77
Transform: AffineTransform_float_3_3
Parameters: 1 -0.000121948 -0.000288267 0.000122649 1 0.00121597 0.000287969 -0.00121604 0.999999 0.00856332 0.0915963 0.278227
FixedParameters: 0 0 0

#Transform 78
Transform: AffineTransform_float_3_3
Parameters: 1 -0.000122027 -0.000288233 0.00012257 0.999999 0.000942964 0.000288002 -0.000943034 0.999999 0.0104993 0.141732 0.229192
FixedParameters: 0 0 0

#Transform 79
Transform: AffineTransform_float_3_3
Parameters: 1 -0.000212516 -0.000500772 0.000212599 1 8.28935e-05 0.000500737 -8.31064e-05 1 0.0196029 0.228159 0.124369
FixedParameters: 0 0 0

#Transform 80
Transform: AffineTransform_float_3_3
Parameters: 1 -8.30071e-05 -0.00019616 8.34443e-05 1 0.00111498 0.000195975 -0.00111502 1 0.0113187 0.114635 0.228391
FixedParameters: 0 0 0

#Transform 81
Transform: AffineTransform_float_3_3
Parameters: 1 -8.29025e-05 -0.000196204 8.35487e-05 0.999998 0.00164798 0.00019593 -0.00164802 0.999998 0.00169713 0.108557 0.254123
FixedParameters: 0 0 0

#Transform 82
Transform: AffineTransform_float_3_3
Parameters: 1 -0.000152511 -0.000360029 0.00015304 0.999999 0.000734945 0.000359805 -0.000735054 0.999999 0.0177934 0.178622 0.151691
FixedParameters: 0 0 0

#Transform 83
Transform: AffineTransform_float_3_3
Parameters: 1 -8.30281e-05 -0.000196151 8.34234e-05 1 0.00100798 0.000195984 -0.00100802 1 0.0178618 0.201155 0.155326
FixedParameters: 0 0 0

#Transform 84
Transform: AffineTransform_float_3_3
Parameters: 1 -8.29256e-05 -0.000196195 8.35256e-05 0.999999 0.00152998 0.00019594 -0.00153002 0.999999 0.0120025 0.112205 0.281062
FixedParameters: 0 0 0

#Transform 85
Transform: AffineTransform_float_3_3
Parameters: 1 0.000195071 -0.000313879 -0.000194462 1 0.000969701 0.000314257 -0.000970298 0.999999 0.0091633 0.152036 0.240077
FixedParameters: 0 0 0

#Transform 86
Transform: AffineTransform_float_3_3
Parameters: 1 -0.00010677 -0.000397886 0.000107129 1 0.000451957 0.000397789 -0.000452042 1 0.020457 0.208482 0.130028
FixedParameters: 0 0 0

#Transform 87
Transform: AffineTransform_float_3_3
Parameters: 1 -0.000369451 -0.000530927 0.000370068 1 0.000580803 0.000530497 -0.000581196 0.999999 0.017732 0.175952 0.198252
FixedParameters: 0 0 0

#Transform 88
Transform: AffineTransform_float_3_3
Parameters: 1 -0.000210543 -0.000331158 0.000210628 0.999999 0.00151793 0.000330909 -0.00151807 0.999999 0.0148677 0.118687 0.274496
FixedParameters: 0 0 0

#Transform 89
Transform: AffineTransform_float_3_3
Parameters: 1 -0.000313002 -0.00055489 0.000313296 1 0.00109483 0.000554595 -0.00109517 0.999999 0.0164143 0.147066 0.253633
FixedParameters: 0 0 0

#Transform 90
Transform: AffineTransform_float_3_3
Parameters: 1 -0.000346574 -0.000540591 0.00034692 1 0.000319812 0.000540369 -0.000320187 1 0.0223184 0.232642 0.181161
FixedParameters: 0 0 0

#Transform 91
Transform: AffineTransform_float_3_3
Parameters: 1 -0.000308531 -0.000556764 0.000308562 0.999999 0.000854188 0.000556628 -0.000853812 1 0.0209135 0.163583 0.238555
FixedParameters: 0 0 0

#Transform 92
Transform: AffineTransform_float_3_3
Parameters: 1 -0.000334109 -0.000545972 0.000335452 0.999999 0.00123082 0.000545148 -0.00123118 0.999999 0.0200822 0.134603 0.287902
FixedParameters: 0 0 0

#Transform 93
Transform: AffineTransform_float_3_3
Parameters: 1 -0.00041375 -0.000512114 0.000413218 1 0.000378788 0.000512191 -0.000379212 1 0.0228757 0.175028 0.229799
FixedParameters: 0 0 0

#Transform 94
Transform: AffineTransform_float_3_3
Parameters: 1 -0.000395049 -0.000465778 0.000395607 0.999999 0.000599816 0.000465304 -0.000600184 0.999999 0.0319704 0.237075 0.160875
FixedParameters: 0 0 0

#Transform 95
Transform: AffineTransform_float_3_3
Parameters: 1 -0.000338056 -0.00054425 0.000337949 0.999999 0.000747816 0.000544135 -0.000748184 0.999999 0.0211589 0.149947 0.244277
FixedParameters: 0 0 0

#Transform 96
Transform: AffineTransform_float_3_3
Parameters: 1 -0.000403974 -0.000454539 0.000405144 0.999999 0.00128782 0.000453497 -0.00128818 0.999999 0.0193551 0.155632 0.261437
FixedParameters: 0 0 0

#Transform 97
Transform: AffineTransform_float_3_3
Parameters: 1 -0.000369418 -0.00053095 0.000370102 1 0.000644651 0.000530474 -0.000644348 0.999999 0.0322814 0.204405 0.185209
FixedParameters: 0 0 0

#Transform 98
Transform: AffineTransform_float_3_3
Parameters: 1 -0.000430131 -0.000505249 0.000430895 0.999999 0.000755782 0.000504598 -0.000756217 0.999999 0.0276946 0.205237 0.209618
FixedParameters: 0 0 0

#Transform 99
Transform: AffineTransform_float_3_3
Parameters: 0.999999 -0.000426462 -0.000735002 0.000427458 0.999998 0.00193153 0.000734134 -0.00193147 0.999997 0.0228078 0.152545 0.297015
FixedParameters: 0 0 0

#Transform 100
Transform: AffineTransform_float_3_3
Parameters: 1 -0.000211961 -0.000147107 0.000212456 0.999998 0.00168697 0.000146391 -0.00168703 0.999998 0.0170173 0.162241 0.285424
FixedParameters: 0 0 0

#Transform 101
Transform: AffineTransform_float_3_3
Parameters: 1 -0.000447678 -0.000497792 0.000447407 0.999999 0.000652777 0.000497599 -0.000653222 0.999999 0.0317536 0.238787 0.167168
FixedParameters: 0 0 0

#Transform 102
Transform: AffineTransform_float_3_3
Parameters: 1 -0.000402503 -0.000516953 0.000403292 0.999999 0.000763791 0.000516338 -0.000764207 0.999999 0.037863 0.193942 0.234392
FixedParameters: 0 0 0

#Transform 103
Transform: AffineTransform_float_3_3
Parameters: 0.999999 -0.000371498 -0.000608308 0.000372738 1 0.00101977 0.000607549 -0.00102023 1 0.0273519 0.15602 0.266244
FixedParameters: 0 0 0

#Transform 104
Transform: AffineTransform_float_3_3
Parameters: 1 -0.000396034 -0.000519701 0.000395954 0.999999 0.000808794 0.000519451 -0.000809205 0.999999 0.0328488 0.202618 0.213072
FixedParameters: 0 0 0

#Transform 105
Transform: AffineTransform_float_3_3
Parameters: 1 -0.000429479 -0.000505411 0.000429706 1 0.000223783 0.000505218 -0.000224217 1 0.03173 0.245981 0.19414
FixedParameters: 0 0 0

#Transform 106
Transform: AffineTransform_float_3_3
Parameters: 1 -0.000429024 -0.000505798 0.000430161 1 0.00112478 0.000504831 -0.00112522 0.999999 0.0198538 0.153025 0.247693
FixedParameters: 0 0 0

#Transform 107
Transform: AffineTransform_float_3_3
Parameters: 1 -0.000429217 -0.000505633 0.000429967 0.999999 0.000741782 0.000504996 -0.000742216 0.999999 0.0198555 0.155042 0.280349
FixedParameters: 0 0 0

#Transform 108
Transform: AffineTransform_float_3_3
Parameters: 1 -0.000397801 -0.000430885 0.000398086 1 0.000329828 0.000430622 -0.000330171 1 0.0291784 0.242946 0.172347
FixedParameters: 0 0 0

#Transform 109
Transform: AffineTransform_float_3_3
Parameters: 1 -0.000429012 -0.000505808 0.000430173 0.999999 0.00114778 0.000504821 -0.00114822 0.999999 0.0198309 0.209298 0.245209
FixedParameters: 0 0 0

#Transform 110
Transform: AffineTransform_float_3_3
Parameters: 0.999999 -0.000459273 -0.000577748 0.000460338 0.999999 0.00137973 0.00057779 -0.00138027 0.999999 0.0205197 0.155806 0.33267
FixedParameters: 0 0 0

#Transform 111
Transform: AffineTransform_float_3_3
Parameters: 1 -0.000429393 -0.000505484 0.000429792 1 0.000393783 0.000505145 -0.000394217 1 0.0374922 0.221535 0.22838
FixedParameters: 0 0 0

#Transform 112
Transform: AffineTransform_float_3_3
Parameters: 1 -0.000429467 -0.000505422 0.000429718 1 0.000248783 0.000505208 -0.000249217 1 0.0366599 0.271638 0.196128
FixedParameters: 0 0 0

#Transform 113
Transform: AffineTransform_float_3_3
Parameters: 1 -0.00042903 -0.000505793 0.000430155 1 0.00111378 0.000504836 -0.00111422 1 0.0318179 0.180724 0.261617
FixedParameters: 0 0 0

#Transform 114
Transform: AffineTransform_float_3_3
Parameters: 1 -0.0002373 -5.26678e-05 0.000237406 1 0.00101699 5.2185e-05 -0.00101701 1 0.0250946 0.168864 0.281514
FixedParameters: 0 0 0

#Transform 115
Transform: AffineTransform_float_3_3
Parameters: 1 -0.000385672 -0.00040237 0.000385989 1 0.000393845 0.000402066 -0.000394155 1 0.0368568 0.273913 0.179512
FixedParameters: 0 0 0

#Transform 116
Transform: AffineTransform_float_3_3
Parameters: 0.999999 -0.000475315 -0.000614231 0.000476082 0.999999 0.000623707 0.000613637 -0.000624291 0.999999 0.0381651 0.241153 0.222481
FixedParameters: 0 0 0

#Transform 117
Transform: AffineTransform_float_3_3
Parameters: 0.999999 -0.000458012 -0.000573827 0.000459001 0.999999 0.000862097 0.000573037 -0.000861903 1 0.0290992 0.177479 0.253948
FixedParameters: 0 0 0

#Transform 118
Transform: AffineTransform_float_3_3
Parameters: 1 -0.000371171 -0.000368363 0.000371576 1 0.000548863 0.000367955 -0.000549136 1 0.03484 0.231266 0.210664
FixedParameters: 0 0 0

#Transform 119
Transform: AffineTransform_float_3_3
Parameters: 0.999999 -0.000551373 -0.0007926 0.000551628 1 0.000160563 0.000792423 -0.000161437 0.999999 0.0348871 0.2909 0.181268
FixedParameters: 0 0 0

#Transform 120
Transform: AffineTransform_float_3_3
Parameters: 0.999999 -0.000551041 -0.000792832 0.00055196 1 0.000579922 0.000792192 -0.000580077 1 0.0314741 0.218252 0.220401
FixedParameters: 0 0 0

#Transform 121
Transform: AffineTransform_float_3_3
Parameters: 0.999999 -0.000398676 -0.000597871 0.000398811 0.999999 0.000883121 0.000597557 -0.000882879 1 0.0213074 0.180951 0.249199
FixedParameters: 0 0 0

#Transform 122
Transform: AffineTransform_float_3_3
Parameters: 0.999999 -0.000454838 -0.00056527 0.000455142 1 0.000268743 0.000565025 -0.000269257 1 0.0317803 0.241212 0.197594
FixedParameters: 0 0 0

#Transform 123
Transform: AffineTransform_float_3_3
Parameters: 1 -0.000441113 -0.000533096 0.000441515 1 0.000376765 0.000532763 -0.000377235 1 0.0335177 0.27292 0.179876
FixedParameters: 0 0 0

#Transform 124
Transform: AffineTransform_float_3_3
Parameters: 0.999999 -0.000462601 -0.000584949 0.00046379 1 0.00101673 0.000584007 -0.00101727 1 0.020521 0.193116 0.261944
FixedParameters: 0 0 0

#Transform 125
Transform: AffineTransform_float_3_3
Parameters: 0.999999 -0.000455958 -0.000569307 0.000457148 1 0.00104574 0.000568352 -0.00104626 1 0.0203601 0.214446 0.281011
FixedParameters: 0 0 0

#Transform 126
Transform: AffineTransform_float_3_3
Parameters: 1 -0.000411113 -0.000462153 0.000411343 1 0.00024881 0.000461948 -0.00024919 1 0.0353365 0.27138 0.165826
FixedParameters: 0 0 0

#Transform 127
Transform: AffineTransform_float_3_3
Parameters: 0.999999 -0.000526564 -0.00073715 0.000527847 0.999999 0.00149597 0.000735964 -0.00149603 0.999999 0.0218694 0.24489 0.238455
FixedParameters: 0 0 0

#Transform 128
Transform: AffineTransform_float_3_3
Parameters: 1 -0.000221907 -0.000427319 0.000222233 0.999999 0.0014589 0.000427061 -0.00145909 0.999999 0.0205939 0.182657 0.310086
FixedParameters: 0 0 0

#Transform 129
Transform: AffineTransform_float_3_3
Parameters: 1 -0.000369782 -0.000364506 0.000369839 1 7.78652e-05 0.000364449 -7.81348e-05 1 0.0242006 0.238249 0.234915
FixedParameters: 0 0 0

#Transform 130
Transform: AffineTransform_float_3_3
Parameters: 1 -0.000369782 -0.000364506 0.000369839 1 7.78652e-05 0.000364449 -7.81348e-05 1 0.0276371 0.296704 0.177094
FixedParameters: 0 0 0

#Transform 131
Transform: AffineTransform_float_3_3
Parameters: 1 -0.000369231 -0.000365065 0.000370389 0.999998 0.00158886 0.000363889 -0.00158913 0.999998 0.0184501 0.198045 0.296313
FixedParameters: 0 0 0

#Transform 132
Transform: AffineTransform_float_3_3
Parameters: 1 -0.000462689 -0.000441593 0.000463117 1 0.0010848 0.0004419 -0.00108521 1 0.018733 0.209402 0.281072
FixedParameters: 0 0 0

#Transform 133
Transform: AffineTransform_float_3_3
Parameters: 0.999999 -0.000462796 -0.000584794 0.000463594 0.999999 0.000682729 0.000584161 -0.00068327 0.999999 0.0321622 0.306711 0.19219
FixedParameters: 0 0 0

#Transform 134
Transform: AffineTransform_float_3_3
Parameters: 0.999999 -0.000559029 -0.000813498 0.000560244 0.999999 0.00131339 0.000812418 -0.00131361 0.999998 0.034011 0.229649 0.267753
FixedParameters: 0 0 0

#Transform 135
Transform: AffineTransform_float_3_3
Parameters: 1 -0.000365055 -0.000354823 0.00036597 0.999999 0.00128987 0.00035388 -0.00129013 0.999999 0.0183418 0.203312 0.32228
FixedParameters: 0 0 0

#Transform 136
Transform: AffineTransform_float_3_3
Parameters: 1 -0.000341641 -0.000298243 0.000341715 1 0.000122898 0.000298159 -0.000123102 1 0.033875 0.285119 0.211181
FixedParameters: 0 0 0

#Transform 137
Transform: AffineTransform_float_3_3
Parameters: 0.999999 -0.000594701 -0.00089716 0.000595684 1 0.00106047 0.000896288 -0.00106153 0.999999 0.0379599 0.275085 0.220539
FixedParameters: 0 0 0

#Transform 138
Transform: AffineTransform_float_3_3
Parameters: 0.999999 -0.000520083 -0.000721391 0.000521043 0.999999 0.00130362 0.000720424 -0.00130438 0.999999 0.0217387 0.207796 0.336513
FixedParameters: 0 0 0

#Transform 139
Transform: AffineTransform_float_3_3
Parameters: 1 -0.000383119 -0.00039705 0.000384245 0.999999 0.000926207 0.00039726 -0.000925793 1 0.0187427 0.244687 0.286252
FixedParameters: 0 0 0

#Transform 140
Transform: AffineTransform_float_3_3
Parameters: 0.999999 -0.000570232 -0.000474042 0.000569773 0.999999 0.00048673 0.000473877 -0.00048727 1 0.0335803 0.320634 0.20516
FixedParameters: 0 0 0

#Transform 141
Transform: AffineTransform_float_3_3
Parameters: 0.999999 -0.000506166 -0.000688157 0.000506828 0.999999 0.00114965 0.000687383 -0.00115035 0.999999 0.0238527 0.224671 0.303955
FixedParameters: 0 0 0

#Transform 142
Transform: AffineTransform_float_3_3
Parameters: 0.999999 -0.000453641 -0.000564999 0.000454638 0.999998 0.00169895 0.000563847 -0.00169805 0.999998 0.0202027 0.22611 0.347294
FixedParameters: 0 0 0

#Transform 143
Transform: AffineTransform_float_3_3
Parameters: 1 -0.000723288 -0.00086651 0.000723622 0.999999 0.000723733 0.000865853 -0.000724267 1 0.0218751 0.291412 0.239413
FixedParameters: 0 0 0

#Transform 144
Transform: AffineTransform_float_3_3
Parameters: 0.999999 -0.000675563 -0.000434042 0.000676915 0.999999 0.00110771 0.000433464 -0.00110829 1 0.0165934 0.287834 0.26431
FixedParameters: 0 0 0

#Transform 145
Transform: AffineTransform_float_3_3
Parameters: 0.999999 -0.000561682 -0.00082237 0.000563702 0.999997 0.00234954 0.000820506 -0.00235046 0.999997 0.0123075 0.234773 0.357959
FixedParameters: 0 0 0

#Transform 146
Transform: AffineTransform_float_3_3
Parameters: 0.999999 -0.000706718 -0.000407169 0.00070793 0.999992 0.00393271 0.000404618 -0.00393329 0.999992 0.00961618 0.473497 0.190889
FixedParameters: 0 0 0

#Transform 147
Transform: AffineTransform_float_3_3
Parameters: 1 -0.000833323 -0.000582184 0.000834585 0.999996 0.00278836 0.000580546 -0.00278864 0.999996 0.0176513 0.547612 0.0710793
FixedParameters: 0 0 0

#Transform 148
Transform: AffineTransform_float_3_3
Parameters: 1 -0.000924906 -0.000362913 0.000925329 0.999997 0.00204551 0.000361751 -0.00204549 0.999997 0.0309724 0.284355 0.293777
FixedParameters: 0 0 0

#Transform 149
Transform: AffineTransform_float_3_3
Parameters: 0.999999 -0.000847116 -0.00017875 0.000847353 0.999997 0.00216049 0.0001764 -0.00216151 0.999997 0.0246645 0.288248 0.336298
FixedParameters: 0 0 0

#Transform 150
Transform: AffineTransform_float_3_3
Parameters: 0.999999 -0.000847233 -0.000178192 0.000847236 0.999998 0.00150185 0.000176958 -0.00150215 0.999999 0.0243829 0.362365 0.238921
FixedParameters: 0 0 0

#Transform 151
Transform: AffineTransform_float_3_3
Parameters: 0.999999 -0.00073289 -0.000226885 0.000733294 0.999998 0.00206568 0.000225167 -0.00206532 0.999997 0.0215947 0.306117 0.290781
FixedParameters: 0 0 0

#Transform 152
Transform: AffineTransform_float_3_3
Parameters: 0.999999 -0.000648347 -0.000389721 0.000648766 0.999997 0.00240175 0.000388307 -0.00240225 0.999997 0.0164364 0.264752 0.338428
FixedParameters: 0 0 0

#Transform 153
Transform: AffineTransform_float_3_3
Parameters: 0.999999 -0.000644231 -0.00048108 0.000644632 0.999999 0.00137569 0.000479697 -0.00137631 0.999999 0.0252967 0.331365 0.283666
FixedParameters: 0 0 0

#Transform 154
Transform: AffineTransform_float_3_3
Parameters: 1 -0.000615111 -0.000319623 0.000615387 0.999999 0.00126165 0.000319382 -0.00126135 0.999999 0.0331407 0.364751 0.231903
FixedParameters: 0 0 0

#Transform 155
Transform: AffineTransform_float_3_3
Parameters: 0.999999 -0.00059614 -0.000388742 0.000596722 0.999998 0.00193677 0.000386822 -0.00193723 0.999998 0.0293476 0.289842 0.280662
FixedParameters: 0 0 0

#Transform 156
Transform: AffineTransform_float_3_3
Parameters: 0.999999 -0.000655946 -0.000530731 0.000656734 0.999997 0.00211101 0.000529662 -0.00211099 0.999998 0.0364013 0.276225 0.310238
FixedParameters: 0 0 0

#Transform 157
Transform: AffineTransform_float_3_3
Parameters: 1 -0.000513744 -0.000193274 0.000513841 0.999998 0.0016239 0.000192917 -0.0016241 0.999998 0.0368738 0.325709 0.251404
FixedParameters: 0 0 0

#Transform 158
Transform: AffineTransform_float_3_3
Parameters: 0.999999 -0.000658856 -0.000287009 0.000658664 0.999999 0.00127081 0.000285725 -0.00127119 0.999999 0.0331457 0.365175 0.230432
FixedParameters: 0 0 0

#Transform 159
Transform: AffineTransform_float_3_3
Parameters: 0.999999 -0.000617162 -0.000439931 0.000618152 0.999996 0.00277773 0.000438201 -0.00277827 0.999996 0.0346295 0.301473 0.300356
FixedParameters: 0 0 0

#Transform 160
Transform: AffineTransform_float_3_3
Parameters: 1 -0.000475535 -0.000103299 0.000475467 0.999998 0.00224595 0.000102474 -0.00224605 0.999998 0.0315339 0.275531 0.317656
FixedParameters: 0 0 0

#Transform 161
Transform: AffineTransform_float_3_3
Parameters: 0.999999 -0.000753298 -2.81412e-05 0.000752868 0.999998 0.00181798 2.67143e-05 -0.00181802 0.999999 0.0284824 0.349066 0.258533
FixedParameters: 0 0 0

#Transform 162
Transform: AffineTransform_float_3_3
Parameters: 0.999999 -0.000674284 -0.000260278 0.000674805 0.999998 0.00202367 0.00025886 -0.00202333 0.999997 0.0325199 0.363418 0.256098
FixedParameters: 0 0 0

#Transform 163
Transform: AffineTransform_float_3_3
Parameters: 0.999999 -0.000717932 -0.000490689 0.000719901 0.999996 0.00255201 0.000488331 -0.00255199 0.999997 0.0340926 0.300162 0.347244
FixedParameters: 0 0 0

#Transform 164
Transform: AffineTransform_float_3_3
Parameters: 1 -0.000588507 -0.000371624 0.00058898 0.999996 0.00259214 0.000370274 -0.00259186 0.999997 0.0333323 0.32683 0.349063
FixedParameters: 0 0 0

#Transform 165
Transform: AffineTransform_float_3_3
Parameters: 0.999999 -0.0007716 -0.000323207 0.000772176 0.999999 0.0017136 0.000321873 -0.0017134 0.999999 0.0317515 0.392477 0.263785
FixedParameters: 0 0 0

#Transform 166
Transform: AffineTransform_float_3_3
Parameters: 0.999999 -0.000817018 -0.000448246 0.000817803 0.999998 0.00146763 0.000447157 -0.00146837 0.999999 0.0327978 0.399146 0.270087
FixedParameters: 0 0 0

#Transform 167
Transform: AffineTransform_float_3_3
Parameters: 0.999999 -0.000755011 -0.000474806 0.000755544 0.999998 0.00209185 0.000473349 -0.00209115 0.999998 0.0283604 0.308036 0.315089
FixedParameters: 0 0 0

#Transform 168
Transform: AffineTransform_float_3_3
Parameters: 0.999999 -0.000717191 -2.53428e-05 0.000717697 0.999997 0.00239298 2.28296e-05 -0.00239302 0.999997 0.0298572 0.350784 0.258143
FixedParameters: 0 0 0

#Transform 169
Transform: AffineTransform_float_3_3
Parameters: 0.999999 -0.000866968 -3.75117e-05 0.00086787 0.999999 0.00163446 3.65171e-05 -0.00163454 0.999998 0.0308775 0.405526 0.20105
FixedParameters: 0 0 0

#Transform 170
Transform: AffineTransform_float_3_3
Parameters: 0.999999 -0.000880415 -0.000149255 0.000880436 0.999998 0.00185487 0.0001473 -0.00185513 0.999999 0.0294709 0.356231 0.256914
FixedParameters: 0 0 0

#Transform 171
Transform: AffineTransform_float_3_3
Parameters: 1 -0.000553098 -0.0002879 0.000553276 0.999996 0.00283369 0.000286467 -0.00283331 0.999996 0.0322753 0.311974 0.31374
FixedParameters: 0 0 0

#Transform 172
Transform: AffineTransform_float_3_3
Parameters: 0.999999 -0.00080576 -0.000180925 0.000805969 0.999997 0.0020527 0.000178928 -0.0020523 0.999997 0.0288805 0.352406 0.277341
FixedParameters: 0 0 0

#Transform 173
Transform: AffineTransform_float_3_3
Parameters: 0.999999 -0.000694311 -0.000227886 0.000694656 0.999998 0.00192484 0.000226524 -0.00192516 0.999998 0.0331862 0.421426 0.211525
FixedParameters: 0 0 0

#Transform 174
Transform: AffineTransform_float_3_3
Parameters: 0.999999 -0.000898984 -0.000345957 0.000899634 0.999996 0.00247654 0.000344125 -0.00247646 0.999996 0.0249316 0.313326 0.30828
FixedParameters: 0 0 0

#Transform 175
Transform: AffineTransform_float_3_3
Parameters: 1 -0.000553141 -0.000287818 0.000553233 0.999996 0.00268484 0.000286549 -0.00268516 0.999997 0.0268424 0.327996 0.345067
FixedParameters: 0 0 0

#Transform 176
Transform: AffineTransform_float_3_3
Parameters: 0.999999 -0.000694325 -0.000227847 0.000694644 0.999998 0.00186769 0.000226564 -0.00186731 0.999998 0.0320289 0.355259 0.274907
FixedParameters: 0 0 0

#Transform 177
Transform: AffineTransform_float_3_3
Parameters: 0.999999 -0.000927389 -0.000129477 0.000927353 0.999998 0.00192173 0.000127224 -0.00192127 0.999998 0.029106 0.415626 0.232533
FixedParameters: 0 0 0

#Transform 178
Transform: AffineTransform_float_3_3
Parameters: 0.999999 -0.000657764 -0.00053689 0.000659078 0.999995 0.0030705 0.000535859 -0.00307051 0.999995 0.0310768 0.329178 0.330529
FixedParameters: 0 0 0

#Transform 179
Transform: AffineTransform_float_3_3
Parameters: 1 -0.000552979 -0.000288127 0.000553393 0.999994 0.00324484 0.000286239 -0.00324516 0.999994 0.0297497 0.352997 0.351501
FixedParameters: 0 0 0

#Transform 180
Transform: AffineTransform_float_3_3
Parameters: 1 -0.000965513 -0.000401983 0.000966388 0.999998 0.00175161 0.00039991 -0.00175239 0.999999 0.0302762 0.398996 0.24372
FixedParameters: 0 0 0

#Transform 181
Transform: AffineTransform_float_3_3
Parameters: 1 -0.000897254 -0.000569945 0.000898105 0.999997 0.00202234 0.000568016 -0.00202266 0.999997 0.0351684 0.409457 0.29872
FixedParameters: 0 0 0

#Transform 182
Transform: AffineTransform_float_3_3
Parameters: 0.999999 -0.00062076 -0.00044808 0.000621587 0.999996 0.00254472 0.00044662 -0.00254528 0.999996 0.0254723 0.31972 0.385099
FixedParameters: 0 0 0

#Transform 183
Transform: AffineTransform_float_3_3
Parameters: 0.999999 -0.000595269 -0.000387044 0.000595504 0.999997 0.00217998 0.000386151 -0.00217902 0.999998 0.0329392 0.384385 0.317551
FixedParameters: 0 0 0

#Transform 184
Transform: AffineTransform_float_3_3
Parameters: 1 -0.000854125 -0.000533103 0.000855745 0.999996 0.00251654 0.000531422 -0.00251745 0.999996 0.0393208 0.429058 0.247925
FixedParameters: 0 0 0

#Transform 185
Transform: AffineTransform_float_3_3
Parameters: 0.999999 -0.00073807 -0.000582757 0.000740752 0.999991 0.00400957 0.00057984 -0.00401043 0.999992 0.0180398 0.367663 0.389506
FixedParameters: 0 0 0

#Transform 186
Transform: AffineTransform_float_3_3
Parameters: 1 -0.00106584 -0.000444309 0.00106693 0.999995 0.00302438 0.000441792 -0.00302463 0.999995 0.0135427 0.350976 0.39986
FixedParameters: 0 0 0

#Transform 187
Transform: AffineTransform_float_3_3
Parameters: 0.999999 -0.000963659 -0.000164357 0.00096385 0.999998 0.00221369 0.000161401 -0.00221331 0.999998 0.0291402 0.433666 0.275983
FixedParameters: 0 0 0

#Transform 188
Transform: AffineTransform_float_3_3
Parameters: 0.999999 -0.000822457 -0.000389482 0.000822888 0.999995 0.00310268 0.00038739 -0.00310332 0.999995 0.0294867 0.402302 0.340297
FixedParameters: 0 0 0

#Transform 189
Transform: AffineTransform_float_3_3
Parameters: 1 -0.000532055 -0.000238322 0.000532513 0.999995 0.00318887 0.000237549 -0.00318913 0.999995 0.0155148 0.358231 0.393987
FixedParameters: 0 0 0

#Transform 190
Transform: AffineTransform_float_3_3
Parameters: 0.999999 -0.000845603 -0.000435838 0.000847741 0.999997 0.00261848 0.000433636 -0.00261852 0.999997 0.0152564 0.366847 0.399513
FixedParameters: 0 0 0

#Transform 191
Transform: AffineTransform_float_3_3
Parameters: 1 -0.000979522 -0.000245431 0.000980383 0.999997 0.00204561 0.000243654 -0.00204539 0.999997 0.0299083 0.409521 0.328525
FixedParameters: 0 0 0

#Transform 192
Transform: AffineTransform_float_3_3
Parameters: 0.999999 -0.00124503 -0.00023757 0.00124502 0.999999 0.00109655 0.000236151 -0.00109645 0.999999 0.025567 0.462184 0.27515
FixedParameters: 0 0 0

#Transform 193
Transform: AffineTransform_float_3_3
Parameters: 0.999999 -0.000761986 -0.000442598 0.000763367 0.999997 0.00216402 0.000440608 -0.00216398 0.999998 0.0221604 0.376742 0.381015
FixedParameters: 0 0 0

#Transform 194
Transform: AffineTransform_float_3_3
Parameters: 1 -0.000861994 -0.000683493 0.00086509 0.999992 0.00372241 0.000680076 -0.00372359 0.999993 0.0137737 0.37197 0.453716
FixedParameters: 0 0 0

#Transform 195
