#Insight Transform File V1.0
#Transform 0
Transform: AffineTransform_float_3_3
Parameters: 1 0.000121083 0.000285375 -0.00012117 1 0.000151965 -0.000285338 -0.000152035 1 -0.00851077 -0.0258244 0.0159789
FixedParameters: 0 0 0

#Transform 1
Transform: AffineTransform_float_3_3
Parameters: 1 2.42253e-05 5.70713e-05 -2.42253e-05 1 -1.38257e-09 -5.70713e-05 -1.38257e-09 1 -0.000474465 0.0250012 -0.0110415
FixedParameters: 0 0 0

#Transform 2
Transform: AffineTransform_float_3_3
Parameters: 1 3.90409e-06 9.20642e-06 -3.91053e-06 1 0.00035 -9.20368e-06 -0.00035 1 -0.00696877 -0.00163787 -0.00820479
FixedParameters: 0 0 0

#Transform 3
Transform: AffineTransform_float_3_3
Parameters: 1 0.000121792 -5.60239e-05 -0.000121777 1 0.000132007 5.6056e-05 -0.000131993 1 -0.00368519 -0.0204204 -0.0216509
FixedParameters: 0 0 0

#Transform 4
Transform: AffineTransform_float_3_3
Parameters: 1 6.22018e-05 -2.74942e-05 -6.22054e-05 1 -6.39983e-05 2.74862e-05 6.40017e-05 1 -0.00260011 -0.000981914 -0.0318575
FixedParameters: 0 0 0

#Transform 5
Transform: AffineTransform_float_3_3
Parameters: 1 -3.75104e-05 -8.83684e-05 3.751e-05 1 -2.00331e-06 8.83685e-05 1.99669e-06 1 0.00075291 0.026412 -0.0535765
FixedParameters: 0 0 0

#Transform 6
Transform: AffineTransform_float_3_3
Parameters: 1 -0.00015866 -0.000373715 0.000158614 1 -6.20593e-05 0.000373735 6.19407e-05 1 0.0030774 0.0300746 -0.0396108
FixedParameters: 0 0 0

#Transform 7
Transform: AffineTransform_float_3_3
Parameters: 1 -0.00015865 -0.000373719 0.000158624 1 -3.50593e-05 0.00037373 3.49407e-05 1 0.00306802 -0.0135115 0.00400324
FixedParameters: 0 0 0

#Transform 8
Transform: AffineTransform_float_3_3
Parameters: 1 1.95284e-06 4.60287e-06 -1.95446e-06 1 0.000176 -4.60218e-06 -0.000176 1 -0.00714442 -0.0245062 -0.00729802
FixedParameters: 0 0 0

#Transform 9
Transform: AffineTransform_float_3_3
Parameters: 1 -9.56894e-05 -0.000225541 9.57688e-05 1 0.000175978 0.000225507 -0.000176022 1 -0.00683539 0.00580586 -0.0240026
FixedParameters: 0 0 0

#Transform 10
Transform: AffineTransform_float_3_3
Parameters: 1 -1.14637e-05 -0.000436239 1.12482e-05 1 -0.000247005 0.000436245 0.000246995 1 -0.0115691 0.0533774 -0.0334456
FixedParameters: 0 0 0

#Transform 11
Transform: AffineTransform_float_3_3
Parameters: 1 -0.000158678 -0.000373707 0.000158595 1 -0.000111059 0.000373743 0.000110941 1 -0.0247179 0.0170373 0.0121586
FixedParameters: 0 0 0

#Transform 12
Transform: AffineTransform_float_3_3
Parameters: 1 2.27671e-05 -0.000450696 -2.26382e-05 1 0.00014301 0.000450702 -0.00014299 1 -0.0236441 -0.0178815 0.0264951
FixedParameters: 0 0 0

#Transform 13
Transform: AffineTransform_float_3_3
Parameters: 1 0.000161196 -0.000619003 -0.000160596 1 0.000485099 0.000619159 -0.0004849 0.999999 -0.0221959 -0.00326684 0.00833634
FixedParameters: 0 0 0

#Transform 14
Transform: AffineTransform_float_3_3
Parameters: 1 0.000296122 -0.000566731 -0.000296063 1 5.13205e-05 0.000566761 -5.16795e-05 1 -0.0168405 0.049757 -0.0265155
FixedParameters: 0 0 0

#Transform 15
Transform: AffineTransform_float_3_3
Parameters: 1 0.000250096 -0.000547197 -0.000250039 1 5.12895e-05 0.000547223 -5.17105e-05 1 -0.0205949 0.0580508 -0.0104463
FixedParameters: 0 0 0

#Transform 16
Transform: AffineTransform_float_3_3
Parameters: 0.999999 0.000393048 -0.000607577 -0.000393363 1 0.000498239 0.000608359 -0.000497761 0.999999 -0.0277324 0.0133888 0.0396638
FixedParameters: 0 0 0

#Transform 17
Transform: AffineTransform_float_3_3
Parameters: 1 0.000338242 -0.000513826 -0.000338797 0.999999 0.000355327 0.000514458 -0.000355673 1 -0.0232438 0.00448263 0.027464
FixedParameters: 0 0 0

#Transform 18
Transform: AffineTransform_float_3_3
Parameters: 1 0.000321266 -0.000292615 -0.000321408 1 0.000426094 0.000291969 -0.000425906 1 -0.0212782 0.0278678 -0.00282045
FixedParameters: 0 0 0

#Transform 19
Transform: AffineTransform_float_3_3
Parameters: 1 0.000307371 -0.000501924 -0.000307212 1 0.000158154 0.000502021 -0.000157846 1 -0.0198306 0.0697002 -0.0237897
FixedParameters: 0 0 0

#Transform 20
Transform: AffineTransform_float_3_3
Parameters: 1 0.000352413 -0.000590479 -0.000352073 1 0.000288208 0.000590682 -0.000287792 1 -0.0217046 0.036699 -0.00116121
FixedParameters: 0 0 0

#Transform 21
Transform: AffineTransform_float_3_3
Parameters: 1 0.000387128 -0.00054442 -0.000386895 0.999999 0.000213363 0.000544585 -0.000213636 1 -0.0246117 0.00429306 0.0191846
FixedParameters: 0 0 0

#Transform 22
Transform: AffineTransform_float_3_3
Parameters: 0.999999 0.000496045 -0.000564397 -0.000495562 1 0.00042828 0.000564821 -0.00042772 0.999999 -0.0261989 0.015764 0.0036089
FixedParameters: 0 0 0

#Transform 23
Transform: AffineTransform_float_3_3
Parameters: 1 0.000617295 -0.000319382 -0.000617107 1 0.000294197 0.000319745 -0.000293803 1 -0.0246218 0.0554097 -0.0250486
FixedParameters: 0 0 0

#Transform 24
Transform: AffineTransform_float_3_3
Parameters: 0.999999 0.000492202 -0.00064994 -0.000493038 0.999999 6.54731e-05 0.000650395 -6.55272e-05 1 -0.0272645 0.101947 -0.0408581
FixedParameters: 0 0 0

#Transform 25
Transform: AffineTransform_float_3_3
Parameters: 0.999999 0.000508866 -0.000656898 -0.000508592 1 0.000209334 0.000657111 -0.000208666 1 -0.0298949 0.0591142 -0.00876605
FixedParameters: 0 0 0

#Transform 26
Transform: AffineTransform_float_3_3
Parameters: 0.999999 0.000613122 -0.000700828 -0.000612369 0.999999 0.000537429 0.000701486 -0.00053657 0.999999 -0.0338694 0.0401074 -0.00350391
FixedParameters: 0 0 0

#Transform 27
Transform: AffineTransform_float_3_3
Parameters: 1 0.000822479 -0.000650334 -0.000821536 1 0.000724175 0.000651525 -0.000723824 0.999999 -0.0364122 0.0544237 -0.0276402
FixedParameters: 0 0 0

#Transform 28
Transform: AffineTransform_float_3_3
Parameters: 0.999999 0.000754847 -0.00076099 -0.000754161 1 0.000450367 0.00076167 -0.000450632 1 -0.0328419 0.117545 -0.0611515
FixedParameters: 0 0 0

#Transform 29
Transform: AffineTransform_float_3_3
Parameters: 1 0.000619441 -0.00087762 -0.000619484 1 0.000198544 0.000876945 -0.000197457 0.999999 -0.0316102 0.100006 -0.0326268
FixedParameters: 0 0 0

#Transform 30
Transform: AffineTransform_float_3_3
Parameters: 1 0.000523391 -0.0010629 -0.000523143 0.999999 0.000116709 0.00106302 -0.000116291 0.999999 -0.0355606 0.0520293 -0.0424306
FixedParameters: 0 0 0

#Transform 31
Transform: AffineTransform_float_3_3
Parameters: 1 0.000398279 -0.00113025 -0.000398583 0.999999 0.000272603 0.00113086 -0.000272397 0.999999 -0.0365757 0.0469681 -0.0609017
FixedParameters: 0 0 0

#Transform 32
Transform: AffineTransform_float_3_3
Parameters: 1 0.000257104 -0.000997446 -0.000257444 0.999999 0.000486409 0.000997166 -0.000486591 0.999999 -0.0322228 0.0375403 -0.061638
FixedParameters: 0 0 0

#Transform 33
Transform: AffineTransform_float_3_3
Parameters: 0.999999 0.000109052 -0.0014087 -0.000109491 1 -0.000155486 0.00140866 0.000156513 0.999999 -0.0326734 0.0845491 -0.067405
FixedParameters: 0 0 0

#Transform 34
Transform: AffineTransform_float_3_3
Parameters: 0.999999 0.00010684 -0.0013815 -0.000106526 1 0.00011366 0.00138152 -0.00011334 0.999999 -0.0329084 0.053596 -0.0137897
FixedParameters: 0 0 0

#Transform 35
Transform: AffineTransform_float_3_3
Parameters: 0.999999 0.000259642 -0.00122448 -0.000258972 1 0.000433677 0.00122378 -0.000432323 0.999999 -0.0382652 0.031175 -0.0151985
FixedParameters: 0 0 0

#Transform 36
Transform: AffineTransform_float_3_3
Parameters: 1 0.000455635 -0.00112613 -0.000454516 0.999999 0.000496664 0.00112658 -0.000496334 0.999999 -0.0436295 0.0454915 -0.0136728
FixedParameters: 0 0 0

#Transform 37
Transform: AffineTransform_float_3_3
Parameters: 1 0.000775729 -0.000886011 -0.000774853 1 0.000494327 0.000886777 -0.000493672 0.999999 -0.046751 0.0823418 -0.0174074
FixedParameters: 0 0 0

#Transform 38
Transform: AffineTransform_float_3_3
Parameters: 0.999999 0.000602752 -0.00140835 -0.000603353 1 0.000114003 0.00140887 -0.000112998 0.999999 -0.0479418 0.100013 -0.0113731
FixedParameters: 0 0 0

#Transform 39
Transform: AffineTransform_float_3_3
Parameters: 0.999998 0.000670082 -0.0014368 -0.000669497 1 0.000204115 0.00143707 -0.000202885 0.999999 -0.0496763 0.0530925 -0.016608
FixedParameters: 0 0 0

#Transform 40
Transform: AffineTransform_float_3_3
Parameters: 0.999999 0.000690749 -0.0012118 -0.000691126 1 0.000385631 0.0012118 -0.00038537 0.999999 -0.0480696 0.0575597 -0.0294001
FixedParameters: 0 0 0

#Transform 41
Transform: AffineTransform_float_3_3
Parameters: 0.999998 0.000777702 -0.0014222 -0.000777382 1 0.000574259 0.00142256 -0.000572742 0.999999 -0.0494867 0.0707598 -0.0312231
FixedParameters: 0 0 0

#Transform 42
Transform: AffineTransform_float_3_3
Parameters: 0.999999 0.000869622 -0.00120969 -0.000869132 1 0.000202845 0.00121005 -0.000202155 0.999999 -0.0470646 0.102865 -0.0436179
FixedParameters: 0 0 0

#Transform 43
Transform: AffineTransform_float_3_3
Parameters: 0.999999 0.000626 -0.0014188 -0.000626661 1 -0.000369959 0.00141926 0.000371042 0.999999 -0.0516854 0.0666689 0.00369901
FixedParameters: 0 0 0

#Transform 44
Transform: AffineTransform_float_3_3
Parameters: 0.999999 0.000650633 -0.00103967 -0.000650214 0.999999 0.000201829 0.00103993 -0.000201171 0.999999 -0.0643531 -0.00614853 0.102939
FixedParameters: 0 0 0

#Transform 45
Transform: AffineTransform_float_3_3
Parameters: 0.999998 0.000461981 -0.00162916 -0.000462423 1 -0.000135094 0.00162904 0.000135906 0.999999 -0.0746728 -0.0182515 0.240742
FixedParameters: 0 0 0

#Transform 46
Transform: AffineTransform_float_3_3
Parameters: 0.999998 0.000152277 -0.00167799 -0.000151776 0.999999 -0.00012508 0.00167756 0.000124921 0.999999 -0.0708107 0.00589523 0.198447
FixedParameters: 0 0 0

#Transform 47
Transform: AffineTransform_float_3_3
Parameters: 0.999999 6.56771e-05 -0.00178283 -6.6436e-05 0.999999 -0.00058037 0.00178328 0.00058063 0.999998 -0.063954 -0.00785729 0.173435
FixedParameters: 0 0 0

#Transform 48
Transform: AffineTransform_float_3_3
Parameters: 0.999998 4.69078e-06 -0.00158762 -6.31872e-06 1 -0.000925838 0.00158814 0.000925161 0.999998 -0.0492967 0.0415948 0.0998037
FixedParameters: 0 0 0

#Transform 49
Transform: AffineTransform_float_3_3
Parameters: 0.999999 -4.29718e-05 -0.00152825 4.17646e-05 1 -0.000997912 0.00152756 0.000997088 0.999998 -0.041229 0.0316751 0.156335
FixedParameters: 0 0 0

#Transform 50
Transform: AffineTransform_float_3_3
Parameters: 0.999999 0.000162436 -0.00135343 -0.000163 0.999999 -0.000548267 0.00135286 0.000548732 0.999999 -0.0499402 0.00143189 0.161987
FixedParameters: 0 0 0

#Transform 51
Transform: AffineTransform_float_3_3
Parameters: 0.999999 0.000105877 -0.00132914 -0.000106338 1 -0.000173346 0.0013291 0.000173653 0.999999 -0.0500333 0.00738795 0.144215
FixedParameters: 0 0 0

#Transform 52
Transform: AffineTransform_float_3_3
Parameters: 0.999999 6.07335e-05 -0.00130999 -6.12719e-05 1 -0.000205408 0.00130996 0.000205592 0.999999 -0.045211 0.0206269 0.116993
FixedParameters: 0 0 0

#Transform 53
Transform: AffineTransform_float_3_3
Parameters: 0.999999 4.28247e-05 -0.00130257 -4.32808e-05 1 -0.000528432 0.00130214 0.000528568 0.999999 -0.0394825 0.0739801 0.0659821
FixedParameters: 0 0 0

#Transform 54
Transform: AffineTransform_float_3_3
Parameters: 0.999998 -0.000106162 -0.00167605 0.00010439 1 -0.000528663 0.00167616 0.000528335 0.999998 -0.0364446 0.0699364 0.067961
FixedParameters: 0 0 0

#Transform 55
Transform: AffineTransform_float_3_3
Parameters: 0.999999 6.24472e-05 -0.00138784 -6.20651e-05 1 -0.000193554 0.00138743 0.000194446 0.999999 -0.0482788 0.00482398 0.0913892
FixedParameters: 0 0 0

#Transform 56
Transform: AffineTransform_float_3_3
Parameters: 0.999999 -8.66094e-05 -0.00124521 8.62246e-05 1 -0.000154595 0.00124524 0.000154405 1 -0.0502673 0.00742205 0.0847246
FixedParameters: 0 0 0

#Transform 57
Transform: AffineTransform_float_3_3
Parameters: 1 -0.000226912 -0.00116389 0.000226696 1 -9.29043e-05 0.00116393 9.30957e-05 0.999999 -0.0458569 0.00486969 0.0769376
FixedParameters: 0 0 0

#Transform 58
Transform: AffineTransform_float_3_3
Parameters: 1 -5.42861e-05 -0.00101019 5.37366e-05 1 -0.000271695 0.00101022 0.000272305 1 -0.0471657 0.0358393 0.0488628
FixedParameters: 0 0 0

#Transform 59
Transform: AffineTransform_float_3_3
Parameters: 0.999999 -3.07354e-05 -0.00135597 2.97197e-05 1 -0.000374528 0.00135599 0.000374471 0.999999 -0.0453553 0.055056 0.0706249
FixedParameters: 0 0 0

#Transform 60
Transform: AffineTransform_float_3_3
Parameters: 0.999999 -2.39836e-05 -0.00134571 2.43335e-05 1 -0.000211673 0.00134533 0.000212328 0.999999 -0.0495569 0.00325454 0.105697
FixedParameters: 0 0 0

#Transform 61
Transform: AffineTransform_float_3_3
Parameters: 1 -0.000103042 -0.00120678 0.00010236 1 -0.000282611 0.00120684 0.000282388 1 -0.0501756 0.0112842 0.109415
FixedParameters: 0 0 0

#Transform 62
Transform: AffineTransform_float_3_3
Parameters: 0.999999 -0.000217603 -0.000940712 0.000218119 1 0.000274155 0.000940592 -0.000273845 1 -0.048258 0.01888 0.103614
FixedParameters: 0 0 0

#Transform 63
Transform: AffineTransform_float_3_3
Parameters: 1 -0.000228634 -0.00109684 0.000228852 1 9.92614e-05 0.00109679 -9.97385e-05 1 -0.0393048 0.0712832 0.0628914
FixedParameters: 0 0 0

#Transform 64
Transform: AffineTransform_float_3_3
Parameters: 0.999999 -0.000234119 -0.00136507 0.000233851 1 -9.79596e-05 0.00136512 9.80402e-05 0.999999 -0.0396646 0.0370613 0.107401
FixedParameters: 0 0 0

#Transform 65
Transform: AffineTransform_float_3_3
Parameters: 0.999999 -0.000158159 -0.000976832 0.000158347 1 9.5998e-05 0.000976802 -9.70018e-05 0.999999 -0.0477513 -0.00312008 0.130618
FixedParameters: 0 0 0

#Transform 66
Transform: AffineTransform_float_3_3
Parameters: 0.999999 -0.000261863 -0.00145844 0.000262579 1 0.000560977 0.00145853 -0.000561023 0.999998 -0.0529461 0.00109104 0.116025
FixedParameters: 0 0 0

#Transform 67
Transform: AffineTransform_float_3_3
Parameters: 0.999998 -0.000135932 -0.00195092 0.000135349 1 8.66081e-05 0.00195129 -8.63934e-05 0.999998 -0.0592561 0.0339593 0.0465451
FixedParameters: 0 0 0

#Transform 68
Transform: AffineTransform_float_3_3
Parameters: 0.999997 -0.000249735 -0.00242751 0.000248951 1 -0.000161373 0.00242759 0.000161626 0.999997 -0.0571278 0.0563218 0.0671503
FixedParameters: 0 0 0

#Transform 69
Transform: AffineTransform_float_3_3
Parameters: 0.999998 -0.000262212 -0.00197323 0.0002626 1 0.000331354 0.00197345 -0.000331646 0.999998 -0.0610948 0.00506915 0.114185
FixedParameters: 0 0 0

#Transform 70
Transform: AffineTransform_float_3_3
Parameters: 0.999998 -0.000329224 -0.00207833 0.000329976 1 0.000496187 0.00207747 -0.000496813 0.999997 -0.0614522 -0.00144636 0.116707
FixedParameters: 0 0 0

#Transform 71
Transform: AffineTransform_float_3_3
Parameters: 0.999998 -0.000275858 -0.00191633 0.000276269 1 0.000449343 0.00191555 -0.000449657 0.999998 -0.0550352 0.014156 0.106861
FixedParameters: 0 0 0

#Transform 72
Transform: AffineTransform_float_3_3
Parameters: 0.999998 -0.000368659 -0.00190319 0.000368304 1 0.000148171 0.00190347 -0.00014883 0.999998 -0.047419 0.0620487 0.0835276
FixedParameters: 0 0 0

#Transform 73
Transform: AffineTransform_float_3_3
Parameters: 0.999998 -0.00043591 -0.0020539 0.000436438 1 0.000127976 0.00205379 -0.000129024 0.999998 -0.0504142 0.0607922 0.105749
FixedParameters: 0 0 0

#Transform 74
Transform: AffineTransform_float_3_3
Parameters: 0.999998 -0.000209775 -0.00192504 0.000209931 1 4.0468e-05 0.00192503 -4.05319e-05 0.999998 -0.0622066 0.0204318 0.148892
FixedParameters: 0 0 0

#Transform 75
Transform: AffineTransform_float_3_3
Parameters: 0.999997 -0.000172017 -0.00235124 0.000173569 0.999999 0.000608978 0.0023505 -0.000609022 0.999997 -0.069447 0.0158312 0.129923
FixedParameters: 0 0 0

#Transform 76
Transform: AffineTransform_float_3_3
Parameters: 0.999997 -0.000165131 -0.00235433 0.000165727 1 0.000404995 0.00235366 -0.000405005 0.999998 -0.0756535 0.0399932 0.124728
FixedParameters: 0 0 0

#Transform 77
Transform: AffineTransform_float_3_3
Parameters: 0.999997 -0.000157147 -0.00235782 0.000158455 1 0.000277859 0.00235773 -0.00027714 0.999997 -0.073397 0.0700931 0.113911
FixedParameters: 0 0 0

#Transform 78
Transform: AffineTransform_float_3_3
Parameters: 0.999996 -0.000284631 -0.00272392 0.000286451 1 0.000502966 0.00272403 -0.000503033 0.999996 -0.0750454 0.0560771 0.155855
FixedParameters: 0 0 0

#Transform 79
Transform: AffineTransform_float_3_3
Parameters: 0.999997 -0.000157669 -0.0026385 0.000159657 1 0.000724759 0.00263905 -0.000726241 0.999996 -0.0837519 0.0247954 0.187178
FixedParameters: 0 0 0

#Transform 80
Transform: AffineTransform_float_3_3
Parameters: 0.999997 8.79389e-06 -0.00225202 -7.8669e-06 0.999999 0.000497043 0.0022515 -0.000496956 0.999997 -0.0933397 0.0490502 0.149343
FixedParameters: 0 0 0

#Transform 81
Transform: AffineTransform_float_3_3
Parameters: 0.999996 0.000249643 -0.00254879 -0.000249006 1 0.000305813 0.00254933 -0.000305187 0.999997 -0.0947221 0.0691963 0.127381
FixedParameters: 0 0 0

#Transform 82
Transform: AffineTransform_float_3_3
Parameters: 0.999997 0.000406596 -0.00244992 -0.000407686 1 -0.000222184 0.00244974 0.000222814 0.999997 -0.0942105 0.107187 0.11934
FixedParameters: 0 0 0

#Transform 83
Transform: AffineTransform_float_3_3
Parameters: 0.999997 0.000424998 -0.00233497 -0.000424728 1 -0.000222344 0.00233531 0.000223658 0.999997 -0.0974926 0.0854182 0.154245
FixedParameters: 0 0 0

#Transform 84
Transform: AffineTransform_float_3_3
Parameters: 0.999997 0.000106871 -0.00241791 -0.000106981 1 5.79239e-05 0.002417 -5.80769e-05 0.999997 -0.0961283 0.0601569 0.161632
FixedParameters: 0 0 0

#Transform 85
Transform: AffineTransform_float_3_3
Parameters: 0.999997 0.000183003 -0.00244989 -0.000182732 1 0.000323114 0.00244948 -0.000322888 0.999996 -0.09651 0.0553619 0.161764
FixedParameters: 0 0 0

#Transform 86
Transform: AffineTransform_float_3_3
Parameters: 0.999997 0.000234205 -0.00220162 -0.000234593 1 -8.78188e-05 0.00220158 8.81809e-05 0.999998 -0.0889529 0.0913008 0.145145
FixedParameters: 0 0 0

#Transform 87
Transform: AffineTransform_float_3_3
Parameters: 0.999997 8.53158e-05 -0.00240894 -8.58025e-05 1 -0.000101129 0.00240892 0.000100871 0.999997 -0.081173 0.10886 0.149836
FixedParameters: 0 0 0

#Transform 88
Transform: AffineTransform_float_3_3
Parameters: 0.999998 -6.80555e-05 -0.00234368 6.7885e-05 1 4.68657e-05 0.00234275 -4.71349e-05 0.999997 -0.0841933 0.0495117 0.182031
FixedParameters: 0 0 0

#Transform 89
Transform: AffineTransform_float_3_3
Parameters: 0.999997 -5.84418e-05 -0.0023476 5.90885e-05 1 0.000220886 0.00234665 -0.000221113 0.999997 -0.0830804 0.0493347 0.180225
FixedParameters: 0 0 0

#Transform 90
Transform: AffineTransform_float_3_3
Parameters: 0.999997 0.000147407 -0.00217745 -0.000146714 1 0.000248985 0.0021766 -0.000249015 0.999998 -0.0867221 0.0553027 0.162025
FixedParameters: 0 0 0

#Transform 91
Transform: AffineTransform_float_3_3
Parameters: 0.999997 -1.11561e-05 -0.0023679 1.10329e-05 1 -2.60015e-05 0.0023679 2.59983e-05 0.999997 -0.0754416 0.095317 0.136608
FixedParameters: 0 0 0

#Transform 92
Transform: AffineTransform_float_3_3
Parameters: 0.999997 2.13632e-05 -0.00238197 -2.27257e-05 1 -0.000286282 0.00238196 0.000285717 0.999997 -0.0745592 0.122923 0.127999
FixedParameters: 0 0 0

#Transform 93
Transform: AffineTransform_float_3_3
Parameters: 0.999997 -3.61343e-05 -0.00235735 3.57618e-05 1 -7.90598e-05 0.00235735 7.89397e-05 0.999997 -0.0760953 0.0836717 0.15182
FixedParameters: 0 0 0

#Transform 94
Transform: AffineTransform_float_3_3
Parameters: 0.999997 3.0786e-06 -0.00237376 -2.73837e-06 1 0.000154031 0.00237284 -0.000153968 0.999997 -0.0750794 0.0689621 0.151856
FixedParameters: 0 0 0

#Transform 95
Transform: AffineTransform_float_3_3
Parameters: 0.999997 -6.53342e-06 -0.00236947 6.98011e-06 0.999999 0.000371009 0.00236893 -0.000370991 0.999997 -0.0752145 0.065756 0.138308
FixedParameters: 0 0 0

#Transform 96
Transform: AffineTransform_float_3_3
Parameters: 0.999998 0.000114973 -0.00191062 -0.000114141 1 0.000217731 0.00191067 -0.000217268 0.999998 -0.0762003 0.104389 0.106059
FixedParameters: 0 0 0

#Transform 97
Transform: AffineTransform_float_3_3
Parameters: 0.999998 3.3416e-05 -0.00198828 -3.38128e-05 1 -0.000197908 0.00198918 0.000198092 0.999998 -0.0692488 0.12214 0.099345
FixedParameters: 0 0 0

#Transform 98
Transform: AffineTransform_float_3_3
Parameters: 0.999998 -1.88499e-06 -0.00200796 1.52756e-06 1 -8.89786e-05 0.00200796 8.90211e-05 0.999998 -0.0742507 0.0778605 0.136287
FixedParameters: 0 0 0

#Transform 99
Transform: AffineTransform_float_3_3
Parameters: 0.999998 0.000100133 -0.0019707 -9.97209e-05 1 0.000105069 0.00197072 -0.000103931 0.999998 -0.0717499 0.0519073 0.133572
FixedParameters: 0 0 0

#Transform 100
Transform: AffineTransform_float_3_3
Parameters: 0.999998 0.000119967 -0.00207252 -0.000119852 1 0.000122273 0.00207163 -0.000121727 0.999998 -0.0780104 0.0588312 0.109289
FixedParameters: 0 0 0

#Transform 101
Transform: AffineTransform_float_3_3
Parameters: 0.999998 0.00017287 -0.00193659 -0.000173287 1 -0.000107152 0.00193656 0.000107847 0.999997 -0.0742655 0.0944133 0.105108
FixedParameters: 0 0 0

#Transform 102
Transform: AffineTransform_float_3_3
Parameters: 0.999998 6.42684e-05 -0.0020688 -6.44401e-05 1 -0.000263843 0.00206838 0.000264158 0.999998 -0.0760555 0.110665 0.0950202
FixedParameters: 0 0 0

#Transform 103
Transform: AffineTransform_float_3_3
Parameters: 0.999998 2.81135e-05 -0.00205315 -2.78754e-05 1 5.8082e-05 0.00205316 -5.79177e-05 0.999998 -0.0721402 0.0637397 0.130532
FixedParameters: 0 0 0

#Transform 104
Transform: AffineTransform_float_3_3
Parameters: 0.999999 0.000320261 -0.00181086 -0.000319415 1 0.000234091 0.00181101 -0.000232908 0.999998 -0.0742454 0.0394082 0.146359
FixedParameters: 0 0 0

#Transform 105
Transform: AffineTransform_float_3_3
Parameters: 0.999998 0.000451666 -0.00166012 -0.000450632 1 0.000311901 0.0016604 -0.000311098 0.999999 -0.0758237 0.0550257 0.125219
FixedParameters: 0 0 0

#Transform 106
Transform: AffineTransform_float_3_3
Parameters: 0.999998 0.000321031 -0.00191881 -0.000321759 1 0.000151923 0.00191838 -0.000152079 0.999998 -0.0727078 0.101099 0.0890505
FixedParameters: 0 0 0

#Transform 107
Transform: AffineTransform_float_3_3
Parameters: 0.999998 0.000248701 -0.00188842 -0.000249175 1 -0.000125017 0.00188835 0.000125982 0.999998 -0.0643525 0.120326 0.087275
FixedParameters: 0 0 0

#Transform 108
Transform: AffineTransform_float_3_3
Parameters: 0.999998 0.000136063 -0.00195232 -0.000135882 1 4.71374e-05 0.00195234 -4.58624e-05 0.999998 -0.0697678 0.069772 0.112602
FixedParameters: 0 0 0

#Transform 109
Transform: AffineTransform_float_3_3
Parameters: 0.999999 0.000179683 -0.00185862 -0.000178669 0.999999 0.000377997 0.00185784 -0.000378001 0.999998 -0.0675366 0.0602998 0.107478
FixedParameters: 0 0 0

#Transform 110
Transform: AffineTransform_float_3_3
Parameters: 0.999998 0.000282293 -0.00162638 -0.000281522 0.999999 0.000237123 0.00162651 -0.000236876 0.999999 -0.0696967 0.0630435 0.108148
FixedParameters: 0 0 0

#Transform 111
Transform: AffineTransform_float_3_3
Parameters: 0.999998 0.000204869 -0.00174147 -0.000204801 1 1.9869e-05 0.00174148 -1.91309e-05 0.999998 -0.0626888 0.116873 0.0734778
FixedParameters: 0 0 0

#Transform 112
Transform: AffineTransform_float_3_3
Parameters: 0.999999 4.53782e-05 -0.00180204 -4.56359e-05 1 -7.14055e-05 0.00180203 7.15942e-05 0.999998 -0.0549673 0.112166 0.0550604
FixedParameters: 0 0 0

#Transform 113
Transform: AffineTransform_float_3_3
Parameters: 0.999999 -1.33705e-05 -0.00177703 1.34398e-05 1 1.94885e-05 0.00177703 -1.95114e-05 0.999998 -0.0565176 0.0636775 0.0888376
FixedParameters: 0 0 0

#Transform 114
Transform: AffineTransform_float_3_3
Parameters: 0.999998 -4.86623e-05 -0.00169679 4.8694e-05 1 0.00012443 0.00169586 -0.00012457 0.999998 -0.0585514 0.0413317 0.100085
FixedParameters: 0 0 0

#Transform 115
Transform: AffineTransform_float_3_3
Parameters: 0.999999 7.96816e-05 -0.00147101 -8.03388e-05 1 8.96306e-05 0.00147142 -8.93705e-05 0.999999 -0.0602985 0.0658458 0.0806767
FixedParameters: 0 0 0

#Transform 116
Transform: AffineTransform_float_3_3
Parameters: 0.999999 0.000142031 -0.00141292 -0.000142459 1 -0.000151287 0.00141288 0.000151713 0.999999 -0.0530337 0.118668 0.0561117
FixedParameters: 0 0 0

#Transform 117
Transform: AffineTransform_float_3_3
Parameters: 0.999999 5.79716e-05 -0.00130972 -5.77293e-05 1 9.2588e-05 0.00130973 -9.24118e-05 0.999999 -0.0594981 0.0841121 0.0969803
FixedParameters: 0 0 0

#Transform 118
Transform: AffineTransform_float_3_3
Parameters: 1 -3.14815e-06 -0.00107293 3.85841e-06 1 0.000331356 0.00107292 -0.000330644 1 -0.055375 0.0605593 0.10512
FixedParameters: 0 0 0

#Transform 119
Transform: AffineTransform_float_3_3
Parameters: 1 0.000166012 -0.0011448 -0.000165729 1 0.000123342 0.00114484 -0.000123657 0.999999 -0.0580407 0.0592757 0.0924232
FixedParameters: 0 0 0

#Transform 120
Transform: AffineTransform_float_3_3
Parameters: 0.999999 0.000133631 -0.00130364 -0.000133159 1 0.000331534 0.00130281 -0.000330467 0.999999 -0.0550709 0.102603 0.113805
FixedParameters: 0 0 0

#Transform 121
Transform: AffineTransform_float_3_3
Parameters: 0.999998 -0.00014736 -0.00167529 0.000148415 0.999999 0.000589264 0.00167551 -0.000589735 0.999998 -0.0555607 0.117645 0.122823
FixedParameters: 0 0 0

#Transform 122
Transform: AffineTransform_float_3_3
Parameters: 0.999998 -0.000380276 -0.00157658 0.000381274 0.999999 0.000607912 0.00157651 -0.000609088 0.999998 -0.0559364 0.0598872 0.128285
FixedParameters: 0 0 0

#Transform 123
Transform: AffineTransform_float_3_3
Parameters: 0.999998 -0.000379031 -0.00157705 0.000380679 0.999999 0.000814273 0.00157682 -0.000814727 0.999999 -0.0521569 0.0444268 0.124804
FixedParameters: 0 0 0

#Transform 124
Transform: AffineTransform_float_3_3
Parameters: 0.999999 -0.000154748 -0.00153736 0.000156427 0.999999 0.000845272 0.00153749 -0.000845726 0.999998 -0.0549437 0.0652521 0.0982583
FixedParameters: 0 0 0

#Transform 125
Transform: AffineTransform_float_3_3
Parameters: 0.999998 -0.000246658 -0.00166906 0.000243888 0.999999 -0.00177405 0.00166968 0.00177395 0.999997 -0.043463 0.15138 -0.0220102
FixedParameters: 0 0 0

#Transform 126
Transform: AffineTransform_float_3_3
Parameters: 0.999995 -0.00105177 -0.00274133 0.00104221 0.999994 -0.00342043 0.00274458 0.00341757 0.99999 -0.0236207 0.153494 -0.0914781
FixedParameters: 0 0 0

#Transform 127
Transform: AffineTransform_float_3_3
Parameters: 0.999996 -0.00103132 -0.00260296 0.0010308 0.999999 -0.000101092 0.00260317 9.7907e-05 0.999997 -0.0346868 0.048445 0.0334057
FixedParameters: 0 0 0

#Transform 128
Transform: AffineTransform_float_3_3
Parameters: 0.999998 -0.000742712 -0.00217362 0.00074293 1 -0.000162384 0.00217347 0.000160618 0.999998 -0.0514231 0.0513008 0.0454914
FixedParameters: 0 0 0

#Transform 129
Transform: AffineTransform_float_3_3
Parameters: 0.999998 -0.000687912 -0.00215129 0.000687589 1 -0.000289401 0.0021513 0.0002886 0.999998 -0.0543118 0.101748 0.0408749
FixedParameters: 0 0 0

#Transform 130
Transform: AffineTransform_float_3_3
Parameters: 0.999996 -0.00078852 -0.00242469 0.000787688 0.999999 -0.000172679 0.00242496 0.00017032 0.999997 -0.0517331 0.119263 0.0640803
FixedParameters: 0 0 0

#Transform 131
Transform: AffineTransform_float_3_3
Parameters: 0.999996 -0.000627557 -0.00249848 0.0006267 1 -0.000172335 0.00249869 0.000170664 0.999997 -0.0620536 0.0788935 0.101513
FixedParameters: 0 0 0

#Transform 132
Transform: AffineTransform_float_3_3
Parameters: 0.999998 -0.000493996 -0.00225738 0.000493674 1 0.000132118 0.00225764 -0.000132884 0.999998 -0.0676609 0.0824093 0.0877215
FixedParameters: 0 0 0

#Transform 133
Transform: AffineTransform_float_3_3
Parameters: 0.999996 -0.000712086 -0.00250821 0.000711226 1 -0.000172553 0.00250845 0.000170446 0.999997 -0.0691176 0.0895063 0.0768809
FixedParameters: 0 0 0

#Transform 134
Transform: AffineTransform_float_3_3
Parameters: 0.999996 -0.000702882 -0.00251212 0.00070202 1 -0.000172532 0.00251236 0.000170466 0.999997 -0.0700909 0.133517 0.0633349
FixedParameters: 0 0 0

#Transform 135
Transform: AffineTransform_float_3_3
Parameters: 0.999996 -0.000640581 -0.00269945 0.000639728 1 -0.000329137 0.00269948 0.000327863 0.999996 -0.0649526 0.129941 0.0789436
FixedParameters: 0 0 0

#Transform 136
Transform: AffineTransform_float_3_3
Parameters: 0.999996 -0.000319903 -0.0025456 0.000319508 1 -0.00033543 0.00254634 0.000334571 0.999997 -0.0750377 0.0874359 0.106993
FixedParameters: 0 0 0

#Transform 137
Transform: AffineTransform_float_3_3
Parameters: 0.999996 -0.000197364 -0.0027797 0.000197375 0.999999 0.000166989 0.00278003 -0.000168012 0.999996 -0.0867718 0.0700639 0.110673
FixedParameters: 0 0 0

#Transform 138
Transform: AffineTransform_float_3_3
Parameters: 0.999995 -0.000139732 -0.00299876 0.000139909 1 2.91176e-05 0.00299875 -2.98821e-05 0.999996 -0.0917126 0.110616 0.120673
FixedParameters: 0 0 0

#Transform 139
Transform: AffineTransform_float_3_3
Parameters: 0.999995 -3.68895e-05 -0.00297212 3.54717e-05 1 -0.00023857 0.00297214 0.000238429 0.999996 -0.0837891 0.148112 0.110976
FixedParameters: 0 0 0

#Transform 140
Transform: AffineTransform_float_3_3
Parameters: 0.999995 -0.000142581 -0.00316826 0.000141925 1 -0.000103913 0.00316829 0.000103086 0.999995 -0.0895139 0.10825 0.146355
FixedParameters: 0 0 0

#Transform 141
Transform: AffineTransform_float_3_3
Parameters: 0.999996 -3.99114e-05 -0.00279041 3.93504e-05 1 -0.000170933 0.00279134 0.000170067 0.999996 -0.0917766 0.102248 0.131179
FixedParameters: 0 0 0

#Transform 142
Transform: AffineTransform_float_3_3
Parameters: 0.999996 4.03117e-05 -0.00276572 -4.084e-05 1 -9.57101e-05 0.00276571 9.52892e-05 0.999996 -0.0886143 0.11344 0.108108
FixedParameters: 0 0 0

#Transform 143
Transform: AffineTransform_float_3_3
Parameters: 0.999997 -8.19881e-06 -0.00249316 7.34612e-06 1 -0.000170634 0.00249316 0.000171364 0.999997 -0.0842439 0.129407 0.103555
FixedParameters: 0 0 0

#Transform 144
Transform: AffineTransform_float_3_3
Parameters: 0.999997 -3.46141e-05 -0.00248628 3.37638e-05 1 -0.0001707 0.0024863 0.000171299 0.999997 -0.0819039 0.158006 0.105031
FixedParameters: 0 0 0

#Transform 145
Transform: AffineTransform_float_3_3
Parameters: 0.999997 -0.000129616 -0.00244789 0.000129949 1 6.80665e-05 0.00244788 -6.79331e-05 0.999997 -0.0830043 0.113862 0.13492
FixedParameters: 0 0 0

#Transform 146
Transform: AffineTransform_float_3_3
Parameters: 0.999996 -6.5171e-05 -0.00260971 6.57695e-05 1 0.000290854 0.00261007 -0.000291147 0.999997 -0.0885964 0.106074 0.137595
FixedParameters: 0 0 0

#Transform 147
Transform: AffineTransform_float_3_3
Parameters: 0.999996 0.000108681 -0.0025836 -0.000108425 1 0.000227458 0.00258404 -0.000227543 0.999997 -0.091136 0.113715 0.131194
FixedParameters: 0 0 0

#Transform 148
Transform: AffineTransform_float_3_3
Parameters: 0.999996 0.000217423 -0.00256919 -0.00021742 1 7.35948e-07 0.00256919 -2.64049e-07 0.999997 -0.087694 0.148837 0.121587
FixedParameters: 0 0 0

#Transform 149
Transform: AffineTransform_float_3_3
Parameters: 0.999996 0.00015726 -0.00275665 -0.000157555 1 -5.33885e-05 0.00275664 5.36111e-05 0.999996 -0.0861996 0.165591 0.132093
FixedParameters: 0 0 0

#Transform 150
Transform: AffineTransform_float_3_3
Parameters: 0.999997 0.000122474 -0.00252895 -0.000122745 1 -5.35124e-05 0.00252894 5.34873e-05 0.999997 -0.0929316 0.11612 0.177757
FixedParameters: 0 0 0

#Transform 151
Transform: AffineTransform_float_3_3
Parameters: 0.999996 0.000174481 -0.00260861 -0.00017384 1 -5.33694e-05 0.0026082 5.36326e-05 0.999997 -0.0904096 0.119464 0.164906
FixedParameters: 0 0 0

#Transform 152
Transform: AffineTransform_float_3_3
Parameters: 0.999997 0.000268425 -0.00220307 -0.000268663 1 -5.37433e-05 0.00220305 5.42565e-05 0.999998 -0.0839017 0.116975 0.15735
FixedParameters: 0 0 0

#Transform 153
Transform: AffineTransform_float_3_3
Parameters: 0.999997 0.000127483 -0.00215853 -0.000128036 1 -0.000128059 0.00215849 0.000127941 0.999998 -0.0787023 0.143817 0.117957
FixedParameters: 0 0 0

#Transform 154
Transform: AffineTransform_float_3_3
Parameters: 0.999997 -0.000331931 -0.00233621 0.000330468 1 -0.000313389 0.00233642 0.00031261 0.999998 -0.073886 0.161314 0.0993676
FixedParameters: 0 0 0

#Transform 155
Transform: AffineTransform_float_3_3
Parameters: 0.999998 -0.000217101 -0.00232608 0.000217159 1 1.27266e-05 0.00232607 -1.22733e-05 0.999997 -0.0764961 0.108757 0.142685
FixedParameters: 0 0 0

#Transform 156
Transform: AffineTransform_float_3_3
Parameters: 0.999998 -0.000135939 -0.00227894 0.000135693 1 0.000147716 0.00227929 -0.000148285 0.999997 -0.0781007 0.0824276 0.140323
FixedParameters: 0 0 0

#Transform 157
Transform: AffineTransform_float_3_3
Parameters: 0.999998 -0.000172775 -0.00201904 0.000172486 1 -7.14764e-05 0.00201907 7.15233e-05 0.999998 -0.0753367 0.107346 0.123078
FixedParameters: 0 0 0

#Transform 158
Transform: AffineTransform_float_3_3
Parameters: 0.999998 -0.000101128 -0.00220181 0.000100397 0.999999 -0.000375197 0.00220149 0.000374803 0.999997 -0.076471 0.151412 0.110325
FixedParameters: 0 0 0

#Transform 159
Transform: AffineTransform_float_3_3
Parameters: 0.999998 -5.52513e-05 -0.0020659 5.51679e-05 1 -0.000337243 0.00206646 0.000337758 0.999998 -0.0821152 0.122686 0.166959
FixedParameters: 0 0 0

#Transform 160
Transform: AffineTransform_float_3_3
Parameters: 0.999997 -4.29119e-05 -0.00219914 4.24237e-05 1 -0.000111069 0.00219915 0.000110931 0.999998 -0.0816656 0.0874731 0.18848
FixedParameters: 0 0 0

#Transform 161
Transform: AffineTransform_float_3_3
Parameters: 0.999999 0.000128649 -0.00175473 -0.000128535 1 3.27379e-05 0.00175474 -3.22619e-05 0.999998 -0.0814824 0.0993265 0.164971
FixedParameters: 0 0 0

#Transform 162
Transform: AffineTransform_float_3_3
Parameters: 0.999998 -1.77373e-06 -0.00196134 2.09606e-06 1 -0.000152132 0.00196095 0.000152869 0.999998 -0.0778997 0.147143 0.15104
FixedParameters: 0 0 0

#Transform 163
Transform: AffineTransform_float_3_3
Parameters: 0.999999 -0.000135685 -0.0018101 0.000135261 1 -0.000371374 0.00180981 0.000371627 0.999999 -0.0745768 0.157256 0.141594
FixedParameters: 0 0 0

#Transform 164
Transform: AffineTransform_float_3_3
Parameters: 0.999998 -0.000187796 -0.00161399 0.00018732 1 -0.00014779 0.00161405 0.000147209 0.999999 -0.0732083 0.110414 0.16469
FixedParameters: 0 0 0

#Transform 165
Transform: AffineTransform_float_3_3
Parameters: 0.999999 -8.58519e-05 -0.00146068 8.61473e-05 1 -0.000213766 0.00146032 0.000214235 0.999999 -0.0678591 0.101688 0.143984
FixedParameters: 0 0 0

#Transform 166
Transform: AffineTransform_float_3_3
Parameters: 0.999999 -0.000108125 -0.00155977 0.000107961 1 -5.26561e-05 0.00155978 5.23437e-05 0.999999 -0.0754868 0.118025 0.158578
FixedParameters: 0 0 0

#Transform 167
Transform: AffineTransform_float_3_3
Parameters: 0.999998 -0.000218978 -0.00195062 0.000218146 1 -0.000213554 0.00195072 0.000213445 0.999998 -0.0623933 0.15211 0.136247
FixedParameters: 0 0 0

#Transform 168
Transform: AffineTransform_float_3_3
Parameters: 0.999998 -0.000356551 -0.00189229 0.000355804 1 -0.000440802 0.00189222 0.000440198 0.999998 -0.0730985 0.142824 0.137412
FixedParameters: 0 0 0

#Transform 169
Transform: AffineTransform_float_3_3
Parameters: 0.999998 -0.000334033 -0.00190176 0.000333219 1 -0.000213915 0.0019019 0.000214084 0.999998 -0.072991 0.103676 0.171627
FixedParameters: 0 0 0

#Transform 170
Transform: AffineTransform_float_3_3
Parameters: 0.999998 -0.000323988 -0.00190581 0.000324852 1 0.000226253 0.00190566 -0.000226746 0.999998 -0.0807811 0.0943241 0.164505
FixedParameters: 0 0 0

#Transform 171
Transform: AffineTransform_float_3_3
Parameters: 0.999998 -0.000291965 -0.00169576 0.000291624 1 -0.000100982 0.00169582 0.000100017 0.999998 -0.0779546 0.128903 0.15046
FixedParameters: 0 0 0

#Transform 172
Transform: AffineTransform_float_3_3
Parameters: 0.999999 -0.000295362 -0.00182708 0.00029428 1 -0.000547819 0.00182701 0.000548181 0.999998 -0.0731388 0.166131 0.124344
FixedParameters: 0 0 0

#Transform 173
Transform: AffineTransform_float_3_3
Parameters: 0.999998 -0.000380259 -0.00188217 0.000379962 1 -0.000323844 0.00188202 0.000323157 0.999998 -0.0704839 0.121635 0.151366
FixedParameters: 0 0 0

#Transform 174
Transform: AffineTransform_float_3_3
Parameters: 0.999999 -0.000313237 -0.00154876 0.000312866 1 -0.000120125 0.00154884 0.000119875 0.999998 -0.0689101 0.0995371 0.135612
FixedParameters: 0 0 0

#Transform 175
Transform: AffineTransform_float_3_3
Parameters: 0.999999 -0.000234274 -0.00133779 0.000234409 1 5.01988e-05 0.00133777 -5.08011e-05 0.999999 -0.0680977 0.0872716 0.115856
FixedParameters: 0 0 0

#Transform 176
Transform: AffineTransform_float_3_3
Parameters: 0.999999 -0.000294691 -0.00144045 0.000293821 1 -0.000302064 0.00144063 0.000301935 0.999999 -0.0558591 0.141289 0.0882607
FixedParameters: 0 0 0

#Transform 177
Transform: AffineTransform_float_3_3
Parameters: 0.999999 -0.000356157 -0.00133075 0.000355363 1 -0.000644114 0.00133082 0.000643886 0.999999 -0.0520033 0.154201 0.096351
FixedParameters: 0 0 0

#Transform 178
Transform: AffineTransform_float_3_3
Parameters: 0.999998 -0.000622445 -0.00146527 0.000621642 1 -0.000274551 0.00146561 0.000273448 0.999999 -0.0554563 0.0986472 0.125548
FixedParameters: 0 0 0

#Transform 179
Transform: AffineTransform_float_3_3
Parameters: 0.999998 -0.000651585 -0.00153547 0.000651892 1 9.93588e-05 0.00153534 -0.000100641 0.999998 -0.0518547 0.0863077 0.133035
FixedParameters: 0 0 0

#Transform 180
Transform: AffineTransform_float_3_3
Parameters: 0.999999 -0.000712829 -0.00168003 0.00071334 1 0.000151521 0.00167981 -0.000152478 0.999999 -0.0532395 0.0970692 0.12974
FixedParameters: 0 0 0

#Transform 181
Transform: AffineTransform_float_3_3
Parameters: 1 -0.000371872 -0.00112844 0.000372041 1 -0.00033306 0.00112829 0.00033294 0.999999 -0.0474066 0.14832 0.0862527
FixedParameters: 0 0 0

#Transform 182
Transform: AffineTransform_float_3_3
Parameters: 0.999998 -0.000627122 -0.00147524 0.000626481 0.999999 -0.000529565 0.00147551 0.000528435 0.999998 -0.0402505 0.131383 0.0892068
FixedParameters: 0 0 0

#Transform 183
Transform: AffineTransform_float_3_3
Parameters: 0.999998 -0.000626949 -0.00147531 0.000626654 1 -0.000412565 0.00147544 0.000411435 0.999999 -0.0331661 0.10231 0.0991974
FixedParameters: 0 0 0

#Transform 184
Transform: AffineTransform_float_3_3
Parameters: 0.999998 -0.000626383 -0.00147555 0.0006263 1 -2.85645e-05 0.00147559 2.74354e-05 0.999999 -0.0454003 0.0864198 0.095937
FixedParameters: 0 0 0

#Transform 185
Transform: AffineTransform_float_3_3
Parameters: 0.999998 -0.000626142 -0.00147565 0.000626541 1 0.000134435 0.00147548 -0.000135564 0.999999 -0.0523331 0.120745 0.0791786
FixedParameters: 0 0 0

#Transform 186
Transform: AffineTransform_float_3_3
Parameters: 0.999999 -0.00060259 -0.00168555 0.000602418 1 -5.12962e-05 0.00168561 5.07037e-05 0.999999 -0.0519561 0.170392 0.0464361
FixedParameters: 0 0 0

#Transform 187
Transform: AffineTransform_float_3_3
Parameters: 0.999998 -0.000428528 -0.00186275 0.000428208 1 -0.000333079 0.00186265 0.000332922 0.999998 -0.0601541 0.151 0.0961721
FixedParameters: 0 0 0

#Transform 188
Transform: AffineTransform_float_3_3
Parameters: 0.999998 -0.000332925 -0.00160016 0.000332477 1 -0.000140172 0.00160026 0.000139827 0.999998 -0.0635878 0.107549 0.107663
FixedParameters: 0 0 0

#Transform 189
Transform: AffineTransform_float_3_3
Parameters: 0.999998 -0.000282119 -0.00162169 0.000282026 1 -2.8945e-05 0.00162171 2.80549e-05 0.999999 -0.066404 0.113275 0.102449
FixedParameters: 0 0 0

#Transform 190
Transform: AffineTransform_float_3_3
Parameters: 0.999998 -0.000286823 -0.00161972 0.000286527 1 -9.19518e-05 0.00161977 9.10478e-05 0.999999 -0.0581144 0.166849 0.0813252
FixedParameters: 0 0 0

#Transform 191
Transform: AffineTransform_float_3_3
