#Insight Transform File V1.0
#Transform 0
Transform: AffineTransform_float_3_3
Parameters: 1 0.000466428 -0.0010646 -0.00046732 1 -0.000851504 0.00106341 0.000852497 0.999999 0.0195846 -0.0438702 0.0285028
FixedParameters: 0 0 0

#Transform 1
Transform: AffineTransform_float_3_3
Parameters: 0.999999 0.000399643 -0.00118071 -0.000400325 1 -0.000843528 0.00118057 0.000844473 0.999999 0.0285398 -0.0430207 0.0136164
FixedParameters: 0 0 0

#Transform 2
Transform: AffineTransform_float_3_3
Parameters: 1 0.000275097 -0.00112794 -0.000276335 1 -0.00112969 0.00112785 0.00113031 0.999998 0.0295378 -0.0130397 -0.0516486
FixedParameters: 0 0 0

#Transform 3
Transform: AffineTransform_float_3_3
Parameters: 1 0.000204571 -0.00109771 -0.000205103 1 -0.000839623 0.0010979 0.000839378 0.999999 0.0286852 -0.0229728 -0.0481105
FixedParameters: 0 0 0

#Transform 4
Transform: AffineTransform_float_3_3
Parameters: 1 0.000271999 -0.00102552 -0.000272945 0.999999 -0.00110057 0.00102545 0.00110043 0.999999 0.0269006 -0.0248219 -0.0480975
FixedParameters: 0 0 0

#Transform 5
Transform: AffineTransform_float_3_3
Parameters: 1 0.000258334 -0.00112033 -0.000259039 0.999999 -0.000488557 0.001121 0.000488442 0.999999 0.0317708 -0.0594744 -0.011683
FixedParameters: 0 0 0

#Transform 6
Transform: AffineTransform_float_3_3
Parameters: 1 0.000236591 -0.00111146 -0.000237518 1 -0.00100674 0.00111151 0.00100726 0.999999 0.0291114 -0.0167107 -0.0516165
FixedParameters: 0 0 0

#Transform 7
Transform: AffineTransform_float_3_3
Parameters: 1 0.00026722 -0.000648581 -0.000267495 0.999999 -0.00122267 0.000648457 0.00122233 0.999999 0.0302469 0.0168927 -0.0640545
FixedParameters: 0 0 0

#Transform 8
Transform: AffineTransform_float_3_3
Parameters: 0.999999 0.00022898 -0.000738694 -0.000229152 1 -0.00100383 0.000738763 0.00100417 0.999999 0.0318813 -0.0275651 -0.0302475
FixedParameters: 0 0 0

#Transform 9
Transform: AffineTransform_float_3_3
Parameters: 1 0.000267398 -0.000648508 -0.000267317 1 -0.000947828 0.000648531 0.000948174 1 0.0254796 -0.0336252 -0.0413157
FixedParameters: 0 0 0

#Transform 10
Transform: AffineTransform_float_3_3
Parameters: 0.999999 0.000221163 -0.000757897 -0.000220948 1 -0.000465832 0.0007573 0.000466167 0.999999 0.0306345 -0.0403865 -0.0286193
FixedParameters: 0 0 0

#Transform 11
Transform: AffineTransform_float_3_3
Parameters: 1 0.000106282 -0.0010267 -0.000107252 1 -0.00111089 0.00102699 0.00111111 0.999999 0.0267461 -0.0150405 -0.048064
FixedParameters: 0 0 0

#Transform 12
Transform: AffineTransform_float_3_3
Parameters: 0.999999 0.000188158 -0.000834405 -0.000188701 1 -0.00111084 0.000834516 0.00111116 0.999999 0.0217935 0.0165017 -0.070296
FixedParameters: 0 0 0

#Transform 13
Transform: AffineTransform_float_3_3
Parameters: 0.999999 0.00023444 -0.000725819 -0.000234632 1 -0.00103483 0.000725864 0.00103517 0.999999 0.0190335 -0.0162181 -0.0587554
FixedParameters: 0 0 0

#Transform 14
Transform: AffineTransform_float_3_3
Parameters: 0.999999 0.000164629 -0.000890461 -0.00016456 1 -0.000696494 0.000890762 0.000697507 1 0.0231745 -0.0368555 -0.039502
FixedParameters: 0 0 0

#Transform 15
Transform: AffineTransform_float_3_3
Parameters: 0.999999 0.00010666 -0.00102666 -0.000106874 0.999999 -0.000742378 0.00102703 0.000742622 1 0.0316451 -0.0432307 -0.0159678
FixedParameters: 0 0 0

#Transform 16
Transform: AffineTransform_float_3_3
Parameters: 0.999999 5.48496e-05 -0.00087975 -5.52463e-05 0.999999 -0.000970439 0.000880173 0.000970561 0.999999 0.0270998 -0.00248726 -0.0691227
FixedParameters: 0 0 0

#Transform 17
Transform: AffineTransform_float_3_3
Parameters: 1 0.000110246 -0.00044577 -0.000111075 0.999999 -0.000929591 0.000445564 0.000930409 1 0.0197024 -0.00606415 -0.0669434
FixedParameters: 0 0 0

#Transform 18
Transform: AffineTransform_float_3_3
Parameters: 1 0.000314347 -0.000538809 -0.000313361 1 -0.000301831 0.000539149 0.000302169 1 0.00824504 -0.0844683 0.00627672
FixedParameters: 0 0 0

#Transform 19
Transform: AffineTransform_float_3_3
Parameters: 1 0.000167515 -0.00021215 -0.000167214 0.999999 0.000709035 0.000212387 -0.000708964 0.999999 -0.00578702 -0.10076 0.0357056
FixedParameters: 0 0 0

#Transform 20
Transform: AffineTransform_float_3_3
Parameters: 1 -1.45096e-07 -0.000141156 1.89418e-07 1 0.000157 0.000141156 -0.000157 1 0.00159659 -0.015895 0.0151253
FixedParameters: 0 0 0

#Transform 21
Transform: AffineTransform_float_3_3
Parameters: 1 0.000119571 0.000238218 -0.000119595 1 5.19715e-05 -0.000238206 -5.20285e-05 1 0.0108254 -0.0402422 0.0489768
FixedParameters: 0 0 0

#Transform 22
Transform: AffineTransform_float_3_3
Parameters: 1 0.000134851 0.000274097 -0.000134792 1 -0.000109037 -0.000274126 0.000108963 1 0.00994096 -0.0270068 0.0891625
FixedParameters: 0 0 0

#Transform 23
Transform: AffineTransform_float_3_3
Parameters: 1 0.000196274 0.00041858 -0.000196059 1 -0.000257082 -0.000418681 0.000256918 1 0.00632598 -0.0378382 0.0494207
FixedParameters: 0 0 0

#Transform 24
Transform: AffineTransform_float_3_3
Parameters: 1 0.000116085 0.000229918 -0.000116048 1 -7.90267e-05 -0.000229936 7.89733e-05 1 -0.00519739 -0.0143267 0.0183639
FixedParameters: 0 0 0

#Transform 25
Transform: AffineTransform_float_3_3
Parameters: 1 0.000386751 8.48169e-05 -0.00038685 1 0.000587967 -8.4362e-05 -0.000588032 1 -0.0063035 -0.0639317 0.0523799
FixedParameters: 0 0 0

#Transform 26
Transform: AffineTransform_float_3_3
Parameters: 1 0.000274317 -0.000257408 -0.000273969 0.999999 0.00067607 0.000257779 -0.000675929 0.999999 0.00338273 -0.077806 0.07464
FixedParameters: 0 0 0

#Transform 27
Transform: AffineTransform_float_3_3
Parameters: 1 0.000258701 -0.000250739 -0.000258288 0.999999 0.000822064 0.000251164 -0.000821934 0.999999 0.00208968 -0.0739329 0.0713582
FixedParameters: 0 0 0

#Transform 28
Transform: AffineTransform_float_3_3
Parameters: 1 0.000352495 -0.000290674 -0.000352277 1 0.000374102 0.000290938 -0.000373897 1 0.000179227 -0.0332325 0.0249594
FixedParameters: 0 0 0

#Transform 29
Transform: AffineTransform_float_3_3
Parameters: 1 0.000268769 -0.000255093 -0.000268471 1 0.000582068 0.000255406 -0.000581931 1 -0.00375534 -0.0286186 0.0215307
FixedParameters: 0 0 0

#Transform 30
Transform: AffineTransform_float_3_3
Parameters: 1 0.000346172 -0.000287795 -0.000346104 0.999999 0.000796099 0.000287426 -0.0007959 0.999999 -0.00840869 -0.0570714 0.00682047
FixedParameters: 0 0 0

#Transform 31
Transform: AffineTransform_float_3_3
Parameters: 1 0.000304925 -0.00038003 -0.000304741 0.999999 0.000756115 0.00037957 -0.000755884 0.999999 -0.00656564 -0.0664375 -0.000396248
FixedParameters: 0 0 0

#Transform 32
Transform: AffineTransform_float_3_3
Parameters: 1 0.00027792 -0.000259055 -0.000277731 1 0.000365072 0.000259258 -0.000364928 1 -0.00363706 -0.0755399 0.00508335
FixedParameters: 0 0 0

#Transform 33
Transform: AffineTransform_float_3_3
Parameters: 1 0.000158786 -9.8005e-06 -0.000159174 1 0.000141002 8.92483e-06 -0.000140999 1 -0.00897429 -0.0369268 -0.06013
FixedParameters: 0 0 0

#Transform 34
Transform: AffineTransform_float_3_3
Parameters: 1 -1.32204e-05 0.000314175 1.33807e-05 1 -0.000254996 -0.000314169 0.000255004 1 -0.00311125 0.0467599 -0.167856
FixedParameters: 0 0 0

#Transform 35
Transform: AffineTransform_float_3_3
Parameters: 0.999999 -0.000301124 0.000726392 0.000301097 1 1.92187e-05 -0.000726404 -1.87813e-05 0.999999 -0.00702706 0.0480808 -0.176976
FixedParameters: 0 0 0

#Transform 36
Transform: AffineTransform_float_3_3
Parameters: 0.999999 -2.64054e-07 0.000803863 -4.68257e-07 0.999999 0.000455152 -0.000803863 -0.000455847 1 -0.00586089 -0.0687574 -0.0816424
FixedParameters: 0 0 0

#Transform 37
Transform: AffineTransform_float_3_3
Parameters: 1 -9.52205e-05 0.000580119 9.44698e-05 1 0.000647055 -0.000580241 -0.000646944 0.999999 -0.00210869 -0.0976351 -0.082038
FixedParameters: 0 0 0

#Transform 38
Transform: AffineTransform_float_3_3
Parameters: 1 -7.10322e-05 0.000637206 7.02076e-05 1 0.000647044 -0.000637297 -0.000646954 0.999999 0.000609817 -0.0604852 -0.048004
FixedParameters: 0 0 0

#Transform 39
Transform: AffineTransform_float_3_3
Parameters: 1 8.59209e-05 0.000371954 -8.64021e-05 1 0.000646968 -0.000371842 -0.000647032 0.999999 0.00275125 -0.0652198 -0.0292449
FixedParameters: 0 0 0

#Transform 40
Transform: AffineTransform_float_3_3
Parameters: 1 2.27787e-05 0.000264025 -2.22667e-05 0.999999 0.000772994 -0.000264381 -0.000773006 0.999999 0.0103116 -0.0647803 -0.0372331
FixedParameters: 0 0 0

#Transform 41
Transform: AffineTransform_float_3_3
Parameters: 1 5.99958e-06 0.00022443 -6.36315e-06 0.999999 0.000809998 -0.00022442 -0.000810001 0.999999 0.00394344 -0.0559313 -0.043984
FixedParameters: 0 0 0

#Transform 42
Transform: AffineTransform_float_3_3
Parameters: 1 -4.5953e-05 0.000222482 4.54038e-05 0.999999 0.00123401 -0.000222595 -0.00123399 0.999999 0.00249041 -0.0742264 -0.0409977
FixedParameters: 0 0 0

#Transform 43
Transform: AffineTransform_float_3_3
Parameters: 1 0.000152342 0.000213488 -0.00015265 0.999999 0.000721967 -0.000213267 -0.000722032 0.999999 -0.00665947 -0.0586756 -0.0656399
FixedParameters: 0 0 0

#Transform 44
Transform: AffineTransform_float_3_3
Parameters: 1 7.5551e-05 0.000301405 -7.59892e-05 0.999999 0.000726977 -0.000301295 -0.000727022 0.999999 0.00147306 -0.0196614 -0.0857686
FixedParameters: 0 0 0

#Transform 45
Transform: AffineTransform_float_3_3
Parameters: 1 -2.88684e-05 0.000460621 2.76357e-05 0.999999 0.00133801 -0.000460696 -0.00133799 0.999999 -0.00492344 -0.055501 -0.0529335
FixedParameters: 0 0 0

#Transform 46
Transform: AffineTransform_float_3_3
Parameters: 1 0.000119082 0.000451242 -0.000119526 0.999999 0.00151195 -0.000451272 -0.00151205 0.999999 -0.00531113 -0.0611335 -0.0600618
FixedParameters: 0 0 0

#Transform 47
Transform: AffineTransform_float_3_3
Parameters: 1 -5.99172e-05 0.000461778 5.94922e-05 0.999999 0.00145603 -0.000462342 -0.00145597 0.999999 -0.00937702 -0.0504955 -0.0564321
FixedParameters: 0 0 0

#Transform 48
Transform: AffineTransform_float_3_3
Parameters: 1 0.000191948 0.00030752 -0.000191832 0.999999 0.00130794 -0.000307409 -0.00130806 0.999999 0.00139046 -0.0495838 -0.0544774
FixedParameters: 0 0 0

#Transform 49
Transform: AffineTransform_float_3_3
Parameters: 1 -6.46704e-05 0.000121802 6.43303e-05 0.999999 0.00139501 -0.000121982 -0.00139499 0.999999 0.00936529 -0.0488889 -0.0523741
FixedParameters: 0 0 0

#Transform 50
Transform: AffineTransform_float_3_3
Parameters: 1 5.79504e-05 -9.31425e-06 -5.79276e-05 1 0.001214 9.45493e-06 -0.001214 1 -0.000816892 -0.0399824 -0.0926126
FixedParameters: 0 0 0

#Transform 51
Transform: AffineTransform_float_3_3
Parameters: 1 -0.000108921 0.000499049 0.000108307 1 0.000615054 -0.000499183 -0.000614945 0.999999 -0.0179352 -0.0235389 -0.100069
FixedParameters: 0 0 0

#Transform 52
Transform: AffineTransform_float_3_3
Parameters: 1 -0.000204743 0.000539602 0.000204871 0.999999 0.00073411 -0.000540293 -0.000733889 0.999999 -0.0142175 -0.0338398 -0.086433
FixedParameters: 0 0 0

#Transform 53
Transform: AffineTransform_float_3_3
Parameters: 1 -0.000204743 0.000539602 0.000204871 0.999999 0.00073411 -0.000540293 -0.000733889 0.999999 -0.00644259 -0.0619886 -0.0786844
FixedParameters: 0 0 0

#Transform 54
Transform: AffineTransform_float_3_3
Parameters: 1 2.54551e-05 0.000442088 -2.51838e-05 0.999999 0.000733988 -0.000442442 -0.000734011 0.999999 0.00141354 -0.0749359 -0.0605502
FixedParameters: 0 0 0

#Transform 55
Transform: AffineTransform_float_3_3
Parameters: 1 -0.000204743 0.000539602 0.000204871 0.999999 0.00073411 -0.000540293 -0.000733889 0.999999 -0.00277598 -0.0770481 -0.023965
FixedParameters: 0 0 0

#Transform 56
Transform: AffineTransform_float_3_3
Parameters: 1 -0.000204665 0.000539632 0.000204949 0.999999 0.000589263 -0.000540264 -0.000589737 1 -0.00964432 -0.0519621 -0.057707
FixedParameters: 0 0 0

#Transform 57
Transform: AffineTransform_float_3_3
Parameters: 1 -0.000204667 0.00053963 0.000204946 1 0.00059411 -0.000540265 -0.000593889 0.999999 -0.00577485 -0.0421419 -0.0290284
FixedParameters: 0 0 0

#Transform 58
Transform: AffineTransform_float_3_3
Parameters: 0.999999 -0.000209561 0.00086499 0.000208741 0.999999 0.00123218 -0.000864976 -0.00123182 0.999999 -0.0130311 -0.127309 0.100258
FixedParameters: 0 0 0

#Transform 59
Transform: AffineTransform_float_3_3
Parameters: 0.999999 -0.000236179 0.00082066 0.000234863 0.999998 0.00160034 -0.000820885 -0.00160065 0.999998 -0.0148423 -0.181012 0.184355
FixedParameters: 0 0 0

#Transform 60
Transform: AffineTransform_float_3_3
Parameters: 1 -0.000204975 0.000539514 0.000204638 1 0.00116411 -0.000540382 -0.00116389 0.999999 -0.0208713 -0.130064 0.14072
FixedParameters: 0 0 0

#Transform 61
Transform: AffineTransform_float_3_3
Parameters: 0.999999 -6.99013e-05 0.000859075 6.98564e-05 0.999999 0.00132506 -0.000859121 -0.00132494 0.999999 -0.0292558 -0.0941714 0.0731253
FixedParameters: 0 0 0

#Transform 62
Transform: AffineTransform_float_3_3
Parameters: 0.999999 -9.947e-05 0.000789082 9.83673e-05 0.999999 0.00128123 -0.000789726 -0.00128177 0.999999 -0.011234 -0.0703398 -0.0405597
FixedParameters: 0 0 0

#Transform 63
Transform: AffineTransform_float_3_3
Parameters: 1 -0.000204688 0.000539623 0.000204926 1 0.00063211 -0.000540272 -0.000631889 0.999999 0.00297016 -0.0392278 -0.0427377
FixedParameters: 0 0 0

#Transform 64
Transform: AffineTransform_float_3_3
Parameters: 1 -0.000112831 0.000500559 0.000112681 1 0.00106806 -0.000501191 -0.00106794 1 0.0115121 -0.0848503 0.00674603
FixedParameters: 0 0 0

#Transform 65
Transform: AffineTransform_float_3_3
Parameters: 1 -0.0002805 0.000360901 0.000281109 1 0.000972742 -0.000360918 -0.000973258 0.999999 0.0167349 -0.0458555 -0.0146868
FixedParameters: 0 0 0

#Transform 66
Transform: AffineTransform_float_3_3
Parameters: 1 -0.000384241 0.000115796 0.000383924 0.999999 0.00136404 -0.000116844 -0.00136396 0.999999 0.0231443 -0.0606841 0.0139004
FixedParameters: 0 0 0

#Transform 67
Transform: AffineTransform_float_3_3
Parameters: 1 -0.000265401 6.56607e-05 0.000265274 1 0.000960658 -6.61707e-05 -0.000961342 0.999999 0.0152013 -0.0462508 -0.0124766
FixedParameters: 0 0 0

#Transform 68
Transform: AffineTransform_float_3_3
Parameters: 1 -0.00010793 -1.01019e-06 0.000107932 1 0.001027 7.88498e-07 -0.001027 1 0.00189696 -0.0134107 -0.0652169
FixedParameters: 0 0 0

#Transform 69
Transform: AffineTransform_float_3_3
Parameters: 1 8.54432e-06 -0.000269668 -8.95153e-06 0.999999 0.000951362 0.000270076 -0.000950638 1 -0.000703124 -0.0347102 -0.040653
FixedParameters: 0 0 0

#Transform 70
Transform: AffineTransform_float_3_3
Parameters: 1 8.72971e-05 -8.36493e-05 -8.7134e-05 0.999999 0.000974006 8.38192e-05 -0.000973992 0.999999 -0.0122105 -0.0471482 -0.0502909
FixedParameters: 0 0 0

#Transform 71
Transform: AffineTransform_float_3_3
Parameters: 1 8.73264e-05 -8.36188e-05 -8.71047e-05 0.999999 0.00132401 8.38497e-05 -0.00132399 0.999999 -0.015276 -0.0592651 -0.0578275
FixedParameters: 0 0 0

#Transform 72
Transform: AffineTransform_float_3_3
Parameters: 1 8.73059e-05 -8.36403e-05 -8.71253e-05 1 0.00107801 8.38283e-05 -0.00107799 1 -0.0101185 -0.0723107 -0.0408478
FixedParameters: 0 0 0

#Transform 73
Transform: AffineTransform_float_3_3
Parameters: 1 8.73113e-05 -8.36346e-05 -8.71199e-05 1 0.00114301 8.3834e-05 -0.00114299 1 -0.00741198 -0.0795221 -0.0428677
FixedParameters: 0 0 0

#Transform 74
Transform: AffineTransform_float_3_3
Parameters: 1 8.73004e-05 -8.3646e-05 -8.71308e-05 1 0.00101301 8.38227e-05 -0.00101299 1 -0.0138102 -0.0487791 -0.067902
FixedParameters: 0 0 0

#Transform 75
Transform: AffineTransform_float_3_3
Parameters: 1 -0.000139812 -0.000425133 0.000139682 0.999999 0.0009303 0.000425263 -0.0009297 1 -0.0157248 -0.0280124 -0.0853662
FixedParameters: 0 0 0

#Transform 76
Transform: AffineTransform_float_3_3
Parameters: 1 -0.000105612 -0.000539499 0.00010586 1 0.00108294 0.000539661 -0.00108306 1 -0.0265019 -0.0545877 -0.0679453
FixedParameters: 0 0 0

#Transform 77
Transform: AffineTransform_float_3_3
Parameters: 1 -0.000105485 -0.000539524 0.000105988 0.999999 0.00131894 0.000539636 -0.00131906 0.999999 -0.0264964 -0.0722473 -0.0691056
FixedParameters: 0 0 0

#Transform 78
Transform: AffineTransform_float_3_3
Parameters: 1 -0.000105448 -0.000539531 0.000106024 0.999999 0.00138694 0.000539628 -0.00138706 0.999999 -0.0264972 -0.0717585 -0.0639514
FixedParameters: 0 0 0

#Transform 79
Transform: AffineTransform_float_3_3
Parameters: 1 -0.000158281 -0.000664824 0.000159469 0.999998 0.00158589 0.000664711 -0.0015861 0.999998 -0.0233191 -0.0775563 -0.0660176
FixedParameters: 0 0 0

#Transform 80
Transform: AffineTransform_float_3_3
Parameters: 1 -0.000239998 -0.000482632 0.000241181 0.999999 0.00122588 0.000482042 -0.00122612 0.999999 -0.0344256 -0.0324485 -0.0849244
FixedParameters: 0 0 0

#Transform 81
Transform: AffineTransform_float_3_3
Parameters: 1 -6.93019e-05 -0.000453863 6.94945e-05 0.999999 0.00122597 0.000454083 -0.00122603 0.999999 -0.0286337 -0.02635 -0.0662151
FixedParameters: 0 0 0

#Transform 82
Transform: AffineTransform_float_3_3
Parameters: 1 -0.000104993 -0.00053962 0.00010556 0.999998 0.00223095 0.000539932 -0.00223106 0.999998 -0.0264995 -0.0607262 -0.0434215
FixedParameters: 0 0 0

#Transform 83
Transform: AffineTransform_float_3_3
Parameters: 1 -0.000105014 -0.000539616 0.000105539 0.999997 0.0021913 0.000539936 -0.0021907 0.999998 -0.0343592 -0.0750093 -0.0318068
FixedParameters: 0 0 0

#Transform 84
Transform: AffineTransform_float_3_3
Parameters: 0.999999 -0.000176809 -0.000710096 0.000178314 0.999997 0.00235587 0.000710041 -0.00235613 0.999997 -0.046978 -0.0939184 -0.0392383
FixedParameters: 0 0 0

#Transform 85
Transform: AffineTransform_float_3_3
Parameters: 0.999999 -0.000180571 -0.00087567 0.000182595 0.999997 0.0022072 0.00087565 -0.0022068 0.999997 -0.0583526 -0.0763808 -0.076522
FixedParameters: 0 0 0

#Transform 86
Transform: AffineTransform_float_3_3
Parameters: 1 -0.000149609 -0.000644585 0.00015095 0.999999 0.0017539 0.000644449 -0.0017541 0.999999 -0.0496554 -0.0510273 -0.0706868
FixedParameters: 0 0 0

#Transform 87
Transform: AffineTransform_float_3_3
Parameters: 1 -0.000161149 -0.000672253 0.000161933 0.999998 0.00195189 0.000672403 -0.00195211 0.999998 -0.0407389 -0.075845 -0.043895
FixedParameters: 0 0 0

#Transform 88
Transform: AffineTransform_float_3_3
Parameters: 0.999999 -0.000192653 -0.000746875 0.000193728 0.999998 0.00195186 0.000746902 -0.00195214 0.999998 -0.0383804 -0.102083 -0.0244074
FixedParameters: 0 0 0

#Transform 89
Transform: AffineTransform_float_3_3
Parameters: 0.999999 -0.000270669 -0.000932096 0.000272785 0.999998 0.00212311 0.000931724 -0.00212289 0.999997 -0.0413536 -0.0868291 -0.0323814
FixedParameters: 0 0 0

#Transform 90
Transform: AffineTransform_float_3_3
Parameters: 1 -0.000326394 -0.00058726 0.000327254 0.999999 0.00151681 0.000586659 -0.00151719 0.999998 -0.0487483 -0.0624123 -0.0520231
FixedParameters: 0 0 0

#Transform 91
Transform: AffineTransform_float_3_3
Parameters: 0.999999 -0.000178256 -0.00071279 0.000179211 0.999998 0.00196087 0.00071287 -0.00196113 0.999998 -0.0444596 -0.07158 -0.0417083
FixedParameters: 0 0 0

#Transform 92
Transform: AffineTransform_float_3_3
Parameters: 1 -0.000124416 -0.000585691 0.000125209 0.999998 0.00224793 0.000585911 -0.00224808 0.999998 -0.0494769 -0.0758489 -0.0449837
FixedParameters: 0 0 0

#Transform 93
Transform: AffineTransform_float_3_3
Parameters: 1 -0.000102674 -0.000534089 0.00010319 0.999997 0.0022063 0.000534416 -0.0022057 0.999998 -0.0488062 -0.0723869 -0.0292218
FixedParameters: 0 0 0

#Transform 94
Transform: AffineTransform_float_3_3
Parameters: 1 -5.94548e-05 -0.000431828 6.01937e-05 0.999997 0.00237597 0.000431014 -0.00237603 0.999997 -0.0399907 -0.0716747 -0.0175197
FixedParameters: 0 0 0

#Transform 95
Transform: AffineTransform_float_3_3
Parameters: 0.999999 -0.00017677 -0.000709088 0.000177179 0.999998 0.00186288 0.000708289 -0.00186313 0.999998 -0.0411968 -0.0541596 -0.0663277
FixedParameters: 0 0 0

#Transform 96
Transform: AffineTransform_float_3_3
Parameters: 1 -0.000160193 -0.000669439 0.000161073 0.999998 0.00163825 0.000668383 -0.00163775 0.999999 -0.0381916 -0.0393178 -0.0705953
FixedParameters: 0 0 0

#Transform 97
Transform: AffineTransform_float_3_3
Parameters: 1 -0.000104558 -0.00053771 0.000105352 0.999998 0.00159394 0.000537766 -0.00159406 0.999998 -0.0420332 -0.0631482 -0.0616575
FixedParameters: 0 0 0

#Transform 98
Transform: AffineTransform_float_3_3
Parameters: 0.999999 -0.000180233 -0.000717388 0.000181141 0.999998 0.00191587 0.000717477 -0.00191613 0.999998 -0.040878 -0.0741428 -0.0550822
FixedParameters: 0 0 0

#Transform 99
Transform: AffineTransform_float_3_3
Parameters: 0.999999 -0.000211143 -0.000791144 0.000212748 0.999997 0.00217819 0.000791002 -0.00217781 0.999997 -0.0430035 -0.0834872 -0.0332181
FixedParameters: 0 0 0

#Transform 100
Transform: AffineTransform_float_3_3
Parameters: 0.999999 -0.000211678 -0.000791 0.000212213 0.999999 0.00150183 0.000791145 -0.00150217 0.999998 -0.0417788 -0.0467753 -0.0642288
FixedParameters: 0 0 0

#Transform 101
Transform: AffineTransform_float_3_3
Parameters: 1 -0.000280196 -0.000511245 0.000280751 0.999999 0.00144386 0.000510825 -0.00144414 0.999999 -0.0338437 -0.0293117 -0.0876702
FixedParameters: 0 0 0

#Transform 102
Transform: AffineTransform_float_3_3
Parameters: 1 -0.000242702 -0.000184108 0.000243829 0.999998 0.00199996 0.000184055 -0.00200004 0.999998 -0.022131 -0.0600313 -0.0137414
FixedParameters: 0 0 0

#Transform 103
Transform: AffineTransform_float_3_3
Parameters: 1 8.60979e-05 -0.000307714 -8.52897e-05 0.999998 0.00195003 0.000307128 -0.00194997 0.999998 -0.0116333 -0.132704 0.0907384
FixedParameters: 0 0 0

#Transform 104
Transform: AffineTransform_float_3_3
Parameters: 1 0.000155628 -0.000274124 -0.000154976 0.999998 0.00190204 0.000273794 -0.00190196 0.999998 -0.00819792 -0.0829651 0.0496045
FixedParameters: 0 0 0

#Transform 105
Transform: AffineTransform_float_3_3
Parameters: 1 9.59532e-05 -6.32692e-05 -9.60626e-05 0.999998 0.00223201 6.27773e-05 -0.002232 0.999998 -0.0145931 -0.0835308 0.0505321
FixedParameters: 0 0 0

#Transform 106
Transform: AffineTransform_float_3_3
Parameters: 1 2.06174e-05 -0.00024201 -2.03218e-05 0.999997 0.00251 0.000242504 -0.00250999 0.999997 -0.0181125 -0.0993936 0.0528183
FixedParameters: 0 0 0

#Transform 107
Transform: AffineTransform_float_3_3
Parameters: 1 0.000248265 -0.000312003 -0.000247221 0.999998 0.00229808 0.000312221 -0.00229792 0.999998 -0.0230844 -0.0870299 0.0532093
FixedParameters: 0 0 0

#Transform 108
Transform: AffineTransform_float_3_3
Parameters: 1 0.000265681 -0.000484305 -0.000263827 0.999998 0.00231713 0.000484612 -0.00231687 0.999997 -0.0186826 -0.0583624 0.00949178
FixedParameters: 0 0 0

#Transform 109
Transform: AffineTransform_float_3_3
Parameters: 1 0.000311619 -0.000503817 -0.000310858 0.999998 0.00205516 0.000504566 -0.00205484 0.999998 -0.0180657 -0.0499662 0.0152343
FixedParameters: 0 0 0

#Transform 110
Transform: AffineTransform_float_3_3
Parameters: 1 0.00020124 -0.000457078 -0.000199397 0.999997 0.00244309 0.000457136 -0.00244291 0.999997 -0.0311891 -0.10013 0.032099
FixedParameters: 0 0 0

#Transform 111
Transform: AffineTransform_float_3_3
Parameters: 0.999999 8.93679e-06 -0.000815505 -7.09044e-06 0.999996 0.00250016 0.000815406 -0.00250084 0.999996 -0.0262513 -0.0961349 0.0204637
FixedParameters: 0 0 0

#Transform 112
Transform: AffineTransform_float_3_3
Parameters: 1 0.000149783 -0.000257391 -0.000149807 0.999997 0.00250004 0.00025761 -0.00249996 0.999997 -0.0345082 -0.109628 -0.00491408
FixedParameters: 0 0 0

#Transform 113
Transform: AffineTransform_float_3_3
Parameters: 1 9.10463e-05 -0.000394289 -8.98724e-05 0.999997 0.00265304 0.00039516 -0.00265297 0.999997 -0.0392558 -0.0828378 -0.0346781
FixedParameters: 0 0 0

#Transform 114
Transform: AffineTransform_float_3_3
Parameters: 1 -7.38412e-05 -0.000465919 7.47214e-05 0.999997 0.00235397 0.000465039 -0.00235404 0.999997 -0.0359359 -0.0359205 -0.0821266
FixedParameters: 0 0 0

#Transform 115
Transform: AffineTransform_float_3_3
Parameters: 1 -6.03785e-05 -0.00043365 6.12258e-05 0.999998 0.00203797 0.000433793 -0.00203803 0.999998 -0.0318063 -0.0459665 -0.052461
FixedParameters: 0 0 0

#Transform 116
Transform: AffineTransform_float_3_3
Parameters: 1 7.26658e-05 -0.000118531 -7.29889e-05 0.999997 0.00251201 0.000119288 -0.00251199 0.999997 -0.0379535 -0.0772163 -0.0514535
FixedParameters: 0 0 0

#Transform 117
Transform: AffineTransform_float_3_3
Parameters: 1 -6.084e-05 -0.000435537 6.10146e-05 0.999996 0.00276397 0.000435061 -0.00276403 0.999996 -0.0271682 -0.0822585 -0.0481515
FixedParameters: 0 0 0

#Transform 118
Transform: AffineTransform_float_3_3
Parameters: 1 0.000133561 -0.000442631 -0.000132648 0.999997 0.00251206 0.00044277 -0.00251194 0.999996 -0.019812 -0.0778947 -0.0478313
FixedParameters: 0 0 0

#Transform 119
Transform: AffineTransform_float_3_3
Parameters: 1 -6.78192e-05 -0.000452127 6.8495e-05 0.999996 0.00278197 0.000452529 -0.00278203 0.999996 -0.0318343 -0.0561776 -0.0842497
FixedParameters: 0 0 0

#Transform 120
Transform: AffineTransform_float_3_3
Parameters: 1 1.59569e-05 -0.000253068 -1.59978e-05 0.999997 0.002512 0.000252618 -0.002512 0.999997 -0.0301603 -0.0551209 -0.0841827
FixedParameters: 0 0 0

#Transform 121
Transform: AffineTransform_float_3_3
Parameters: 1 -5.28184e-05 -0.000416167 5.39379e-05 0.999997 0.00245013 0.000416296 -0.00245087 0.999997 -0.030101 -0.0713869 -0.0764875
FixedParameters: 0 0 0

#Transform 122
Transform: AffineTransform_float_3_3
Parameters: 1 -9.72262e-05 -0.000522185 9.80857e-05 0.999995 0.00296231 0.000521467 -0.00296169 0.999996 -0.0289384 -0.0924281 -0.0509039
FixedParameters: 0 0 0

#Transform 123
Transform: AffineTransform_float_3_3
Parameters: 1 7.27123e-05 -0.000118503 -7.29421e-05 0.999996 0.00290401 0.000119317 -0.00290399 0.999996 -0.0408245 -0.0735791 -0.0828971
FixedParameters: 0 0 0

#Transform 124
Transform: AffineTransform_float_3_3
Parameters: 1 7.27119e-05 -0.000118503 -7.29425e-05 0.999996 0.00290101 0.000119316 -0.00290099 0.999996 -0.0369857 -0.0443437 -0.0975928
FixedParameters: 0 0 0

#Transform 125
Transform: AffineTransform_float_3_3
Parameters: 1 -7.68699e-05 -0.000257334 7.74711e-05 0.999995 0.00295698 0.000257269 -0.00295702 0.999995 -0.0411604 -0.077854 -0.0749752
FixedParameters: 0 0 0

#Transform 126
Transform: AffineTransform_float_3_3
Parameters: 1 -6.8981e-05 -0.000454892 6.92843e-05 0.999996 0.00278797 0.000454367 -0.00278803 0.999996 -0.0400695 -0.0815998 -0.0759679
FixedParameters: 0 0 0

#Transform 127
Transform: AffineTransform_float_3_3
Parameters: 1 -0.000135199 -0.000256646 0.000135749 0.999996 0.00286696 0.00025626 -0.00286703 0.999996 -0.0390041 -0.0827508 -0.0782636
FixedParameters: 0 0 0

#Transform 128
Transform: AffineTransform_float_3_3
Parameters: 1 -0.000168081 -0.000221067 0.000168242 0.999997 0.00244781 0.000220635 -0.00244719 0.999997 -0.0411766 -0.0404193 -0.1095
FixedParameters: 0 0 0

#Transform 129
Transform: AffineTransform_float_3_3
Parameters: 1 7.26942e-05 -0.000118514 -7.29604e-05 0.999996 0.00275101 0.000119305 -0.00275099 0.999996 -0.038226 -0.0721949 -0.0869967
FixedParameters: 0 0 0

#Transform 130
Transform: AffineTransform_float_3_3
Parameters: 1 -3.05033e-05 -7.50437e-05 3.09539e-05 0.999996 0.003006 7.4859e-05 -0.00300601 0.999996 -0.0485853 -0.0920912 -0.0784351
FixedParameters: 0 0 0

#Transform 131
Transform: AffineTransform_float_3_3
Parameters: 1 -2.59157e-05 -7.69765e-05 2.63365e-05 0.999997 0.002736 7.68335e-05 -0.002736 0.999997 -0.0451862 0.00791882 -0.0948108
FixedParameters: 0 0 0

#Transform 132
Transform: AffineTransform_float_3_3
Parameters: 1 -0.000363211 6.51088e-05 0.000363242 0.999996 0.00273603 -6.61758e-05 -0.00273598 0.999997 -0.0333023 -0.0854254 -0.047305
FixedParameters: 0 0 0

#Transform 133
Transform: AffineTransform_float_3_3
Parameters: 1 -0.000372352 0.000913437 0.000370617 0.999997 0.00238434 -0.000914149 -0.00238366 0.999996 -0.0290402 0.00382183 -0.0798389
FixedParameters: 0 0 0

#Transform 134
Transform: AffineTransform_float_3_3
Parameters: 0.999999 -0.000158039 0.00079375 0.000155511 0.999997 0.00241812 -0.000793978 -0.00241787 0.999997 -0.0018211 -0.0735525 -0.0262779
FixedParameters: 0 0 0

#Transform 135
Transform: AffineTransform_float_3_3
Parameters: 0.999999 -0.000440497 0.000816242 0.000438226 0.999997 0.00243336 -0.00081693 -0.00243264 0.999996 -0.018781 -0.0177698 -0.0977438
FixedParameters: 0 0 0

#Transform 136
Transform: AffineTransform_float_3_3
Parameters: 1 -0.0004159 0.00110185 0.000413726 0.999996 0.00277061 -0.00110256 -0.00277039 0.999995 -0.028666 -0.0472188 -0.103972
FixedParameters: 0 0 0

#Transform 137
Transform: AffineTransform_float_3_3
Parameters: 0.999999 -0.000128121 0.000883064 0.000126172 0.999996 0.00258947 -0.000882663 -0.00258853 0.999996 -0.0257642 -0.0753268 -0.0958336
FixedParameters: 0 0 0

#Transform 138
Transform: AffineTransform_float_3_3
Parameters: 0.999999 -0.000119586 0.000707926 0.000116948 0.999996 0.00278908 -0.000708056 -0.00278892 0.999996 -0.023852 -0.0737588 -0.0891951
FixedParameters: 0 0 0

#Transform 139
Transform: AffineTransform_float_3_3
Parameters: 0.999999 -0.000190685 0.000827869 0.000188493 0.999996 0.00290815 -0.000827912 -0.00290784 0.999995 -0.0374236 -0.0378538 -0.129699
FixedParameters: 0 0 0

#Transform 140
Transform: AffineTransform_float_3_3
Parameters: 0.999999 -0.000395972 0.000920605 0.000392743 0.999994 0.00317551 -0.00092205 -0.00317548 0.999994 -0.0445137 -0.00774282 -0.153974
FixedParameters: 0 0 0

#Transform 141
Transform: AffineTransform_float_3_3
Parameters: 0.999999 -0.000256298 0.000814935 0.000253049 0.999994 0.00360121 -0.00081571 -0.00360079 0.999993 -0.0363582 -0.0647251 -0.104533
FixedParameters: 0 0 0

#Transform 142
Transform: AffineTransform_float_3_3
Parameters: 0.999999 2.27463e-06 0.000826612 -5.38896e-06 0.999993 0.00379036 -0.000826835 -0.00378964 0.999993 -0.0324473 -0.0916415 -0.0779948
FixedParameters: 0 0 0

#Transform 143
Transform: AffineTransform_float_3_3
Parameters: 0.999999 2.06033e-05 0.000869942 -2.37881e-05 0.999994 0.00364198 -0.000870032 -0.00364202 0.999993 -0.0333338 -0.0960412 -0.0748388
FixedParameters: 0 0 0

#Transform 144
Transform: AffineTransform_float_3_3
Parameters: 1 -5.41559e-05 0.000692012 5.13552e-05 0.999993 0.00363519 -0.000692256 -0.00363581 0.999994 -0.0370068 -0.0791607 -0.0979916
FixedParameters: 0 0 0

#Transform 145
Transform: AffineTransform_float_3_3
Parameters: 0.999999 1.53652e-05 0.000857032 -1.76919e-05 0.999994 0.00342599 -0.000856249 -0.00342601 0.999994 -0.0433405 -0.0313763 -0.133278
FixedParameters: 0 0 0

#Transform 146
Transform: AffineTransform_float_3_3
Parameters: 1 -5.4028e-05 0.000692021 5.14826e-05 0.999994 0.00345104 -0.000692246 -0.00345096 0.999994 -0.0391157 -0.085891 -0.105661
FixedParameters: 0 0 0

#Transform 147
Transform: AffineTransform_float_3_3
Parameters: 0.999999 -0.000431453 0.000850333 0.000428732 0.999992 0.00390852 -0.000852106 -0.00390848 0.999992 -0.0389253 -0.0899905 -0.0917063
FixedParameters: 0 0 0

#Transform 148
Transform: AffineTransform_float_3_3
Parameters: 0.999999 -0.000435195 0.000851854 0.000432354 0.999992 0.00397252 -0.000853711 -0.00397248 0.999992 -0.0375193 -0.0901837 -0.083794
FixedParameters: 0 0 0

#Transform 149
Transform: AffineTransform_float_3_3
Parameters: 0.999999 -0.000231826 0.000961697 0.000227723 0.999992 0.00397237 -0.000962854 -0.00397263 0.999992 -0.0433702 -0.059379 -0.107885
FixedParameters: 0 0 0

#Transform 150
Transform: AffineTransform_float_3_3
Parameters: 0.999999 -0.000449235 0.00127769 0.000444507 0.999993 0.00374708 -0.00127984 -0.00374592 0.999993 -0.0469124 -0.00808804 -0.129711
FixedParameters: 0 0 0

#Transform 151
Transform: AffineTransform_float_3_3
Parameters: 0.999999 -0.000427965 0.00132918 0.000423329 0.999992 0.00406072 -0.00133091 -0.00406028 0.999991 -0.0400707 -0.0520565 -0.10982
FixedParameters: 0 0 0

#Transform 152
Transform: AffineTransform_float_3_3
Parameters: 0.999999 -0.000385904 0.00142884 0.000380994 0.999992 0.00387385 -0.00143008 -0.00387415 0.999992 -0.0355247 -0.0653502 -0.105029
FixedParameters: 0 0 0

#Transform 153
Transform: AffineTransform_float_3_3
Parameters: 0.999999 -0.000373237 0.00146006 0.000367089 0.999991 0.00421505 -0.00146145 -0.00421395 0.99999 -0.0308657 -0.0747964 -0.109207
FixedParameters: 0 0 0

#Transform 154
Transform: AffineTransform_float_3_3
Parameters: 0.999999 -0.000405758 0.00138259 0.000399816 0.99999 0.00423322 -0.0013852 -0.00423278 0.999991 -0.0335714 -0.0531263 -0.117696
FixedParameters: 0 0 0

#Transform 155
Transform: AffineTransform_float_3_3
Parameters: 0.999999 -0.000424164 0.00133758 0.000419179 0.999993 0.00382272 -0.00133869 -0.00382228 0.999992 -0.0333737 -0.0209436 -0.145186
FixedParameters: 0 0 0

#Transform 156
Transform: AffineTransform_float_3_3
Parameters: 0.999999 -0.000398444 0.00139929 0.000393458 0.999992 0.00398307 -0.00140072 -0.00398193 0.999991 -0.0293565 -0.0202148 -0.12901
FixedParameters: 0 0 0

#Transform 157
Transform: AffineTransform_float_3_3
Parameters: 0.999999 -0.000364826 0.0014795 0.00035909 0.999992 0.00402069 -0.00148068 -0.00402031 0.999991 -0.0314021 -0.0583415 -0.127639
FixedParameters: 0 0 0

#Transform 158
Transform: AffineTransform_float_3_3
Parameters: 0.999999 -0.000378648 0.00144715 0.000372618 0.999991 0.00421206 -0.00144859 -0.00421094 0.99999 -0.0305553 -0.0633777 -0.113885
FixedParameters: 0 0 0

#Transform 159
Transform: AffineTransform_float_3_3
Parameters: 0.999999 -0.000412714 0.00136519 0.000407709 0.999992 0.00394471 -0.00136762 -0.00394428 0.999991 -0.0285159 -0.0374095 -0.120848
FixedParameters: 0 0 0

#Transform 160
Transform: AffineTransform_float_3_3
Parameters: 0.999999 -0.000436901 0.00130717 0.000431835 0.999993 0.00379172 -0.00130927 -0.00379128 0.999992 -0.0270724 -0.00178243 -0.133402
FixedParameters: 0 0 0

#Transform 161
Transform: AffineTransform_float_3_3
Parameters: 0.999999 -0.00039514 0.00140754 0.000389336 0.999992 0.00410971 -0.00140996 -0.00410929 0.99999 -0.0329843 -0.0799372 -0.10524
FixedParameters: 0 0 0

#Transform 162
Transform: AffineTransform_float_3_3
Parameters: 0.999999 -0.00045976 0.00125355 0.000454695 0.999992 0.00410973 -0.00125519 -0.00410927 0.999991 -0.0308143 -0.094658 -0.0795795
FixedParameters: 0 0 0

#Transform 163
Transform: AffineTransform_float_3_3
Parameters: 1 -0.000525843 0.00109444 0.000522491 0.999994 0.00332573 -0.00109634 -0.00332527 0.999994 -0.0216133 -0.0717737 -0.107792
FixedParameters: 0 0 0

#Transform 164
Transform: AffineTransform_float_3_3
Parameters: 0.999998 -0.000663623 0.00147353 0.000658228 0.999994 0.00329628 -0.00147538 -0.00329572 0.999994 -0.034342 -0.0236275 -0.155934
FixedParameters: 0 0 0

#Transform 165
Transform: AffineTransform_float_3_3
Parameters: 0.999998 -0.000764369 0.00148436 0.000759638 0.999993 0.00335744 -0.00148736 -0.00335656 0.999993 -0.0395816 -0.0289684 -0.155693
FixedParameters: 0 0 0

#Transform 166
Transform: AffineTransform_float_3_3
Parameters: 0.999998 -0.000509957 0.0015217 0.000504704 0.999994 0.00331892 -0.00152387 -0.00331807 0.999993 -0.050885 -0.0665064 -0.177075
FixedParameters: 0 0 0

#Transform 167
Transform: AffineTransform_float_3_3
Parameters: 0.999999 -0.000502189 0.00149434 0.000496526 0.999994 0.0035169 -0.00149666 -0.0035161 0.999993 -0.0574178 -0.0127313 -0.225836
FixedParameters: 0 0 0

#Transform 168
Transform: AffineTransform_float_3_3
Parameters: 0.999998 -0.000674023 0.00145097 0.000669206 0.999995 0.00314877 -0.00145269 -0.00314823 0.999993 -0.0595561 0.022436 -0.251623
FixedParameters: 0 0 0

#Transform 169
Transform: AffineTransform_float_3_3
Parameters: 0.999998 -0.000868321 0.00134803 0.000863652 0.999994 0.00333232 -0.00135129 -0.00333068 0.999993 -0.0680073 -0.0127559 -0.220762
FixedParameters: 0 0 0

#Transform 170
Transform: AffineTransform_float_3_3
Parameters: 0.999999 -0.000959486 0.00122274 0.000954928 0.999992 0.00394697 -0.00122594 -0.00394604 0.999991 -0.0766904 -0.0362983 -0.240276
FixedParameters: 0 0 0

#Transform 171
Transform: AffineTransform_float_3_3
Parameters: 0.999999 -0.000917102 0.00118131 0.000911937 0.999992 0.00378787 -0.00118441 -0.00378712 0.999992 -0.0736771 -0.0604605 -0.221044
FixedParameters: 0 0 0

#Transform 172
Transform: AffineTransform_float_3_3
Parameters: 0.999999 -0.000930263 0.00117356 0.000926035 0.999992 0.00397188 -0.00117658 -0.00397112 0.999991 -0.0748855 -0.0197346 -0.246085
FixedParameters: 0 0 0

#Transform 173
Transform: AffineTransform_float_3_3
Parameters: 0.999998 -0.00107311 0.00160728 0.00106759 0.999993 0.00358867 -0.001611 -0.00358733 0.999992 -0.0778012 -0.00498815 -0.246148
FixedParameters: 0 0 0

#Transform 174
Transform: AffineTransform_float_3_3
Parameters: 0.999997 -0.00111488 0.00192996 0.00110775 0.999991 0.0039836 -0.00193472 -0.00398139 0.99999 -0.101593 -0.0829209 -0.136893
FixedParameters: 0 0 0

#Transform 175
Transform: AffineTransform_float_3_3
Parameters: 0.999999 -0.000846673 0.00102429 0.00084183 0.999991 0.00420966 -0.00102757 -0.00420934 0.999991 -0.0778319 -0.134391 -0.112091
FixedParameters: 0 0 0

#Transform 176
Transform: AffineTransform_float_3_3
Parameters: 1 -0.000603735 0.00101297 0.000599766 0.999993 0.00363676 -0.00101444 -0.00363624 0.999993 -0.0745477 -0.0543779 -0.154883
FixedParameters: 0 0 0

#Transform 177
Transform: AffineTransform_float_3_3
Parameters: 1 -0.000636524 0.000936017 0.000631838 0.99999 0.00431539 -0.00093859 -0.00431561 0.99999 -0.0753049 -0.136428 -0.0757105
FixedParameters: 0 0 0

#Transform 178
Transform: AffineTransform_float_3_3
Parameters: 1 -0.000636274 0.000936187 0.000632089 0.999992 0.00404823 -0.000938421 -0.00404777 0.999991 -0.0753263 -0.111018 -0.0834754
FixedParameters: 0 0 0

#Transform 179
Transform: AffineTransform_float_3_3
Parameters: 1 -0.000636549 0.000936001 0.000631812 0.99999 0.00434275 -0.000938608 -0.00434225 0.999991 -0.090075 -0.041171 -0.2534
FixedParameters: 0 0 0

#Transform 180
Transform: AffineTransform_float_3_3
Parameters: 1 -0.000636382 0.000936114 0.000631979 0.999991 0.00416475 -0.000938495 -0.00416425 0.999991 -0.0902204 -0.0191642 -0.307214
FixedParameters: 0 0 0

#Transform 181
Transform: AffineTransform_float_3_3
Parameters: 0.999999 -0.0005239 0.000888901 0.000519859 0.999991 0.00418446 -0.000890368 -0.00418354 0.999991 -0.090815 -0.054502 -0.30257
FixedParameters: 0 0 0

#Transform 182
Transform: AffineTransform_float_3_3
Parameters: 0.999999 -0.00051406 0.000589551 0.000511736 0.999989 0.0045163 -0.000592204 -0.00451569 0.999989 -0.0881674 -0.0574777 -0.286481
FixedParameters: 0 0 0

#Transform 183
Transform: AffineTransform_float_3_3
Parameters: 0.999999 -0.000387425 0.000651294 0.000384325 0.999989 0.0046874 -0.000652932 -0.00468759 0.999989 -0.0786517 -0.0423405 -0.337558
FixedParameters: 0 0 0

#Transform 184
Transform: AffineTransform_float_3_3
Parameters: 1 -0.000482741 0.000436592 0.000480936 0.99999 0.00445421 -0.000438513 -0.00445379 0.99999 -0.0759717 -0.0237732 -0.314922
FixedParameters: 0 0 0

#Transform 185
Transform: AffineTransform_float_3_3
Parameters: 1 -0.000636728 0.000935879 0.000631633 0.99999 0.00453339 -0.000938728 -0.00453361 0.999989 -0.0852392 -0.0306863 -0.254085
FixedParameters: 0 0 0

#Transform 186
Transform: AffineTransform_float_3_3
Parameters: 1 -0.000726683 0.000721103 0.000722838 0.99999 0.00437868 -0.000724159 -0.00437832 0.999991 -0.0700514 -0.046797 -0.208082
FixedParameters: 0 0 0

#Transform 187
Transform: AffineTransform_float_3_3
Parameters: 1 -0.000636961 0.00093572 0.000632713 0.999988 0.00478275 -0.000938362 -0.00478226 0.999989 -0.0754725 -0.0693892 -0.213279
FixedParameters: 0 0 0

#Transform 188
Transform: AffineTransform_float_3_3
