# transform file /out/sourcedata/freesurfer/sub-v2s5x29569_ses-1/mri/transforms/cc_up.lta
# created by oesteban on Fri Mar 13 10:47:07 2026

type      = 0 # LINEAR_VOX_TO_VOX
nxforms   = 1
mean      = 160.0000 122.0000 131.0000
sigma     = 10000.0000
1 4 4
9.975895881652832e-01 -5.826593935489655e-02 3.768601641058922e-02 -2.768755722045898e+01 
5.822440981864929e-02 9.983011484146118e-01 2.199547830969095e-03 2.775842094421387e+01 
-3.775014728307724e-02 0.000000000000000e+00 9.992873072624207e-01 2.301289558410645e+01 
0.000000000000000e+00 0.000000000000000e+00 0.000000000000000e+00 1.000000000000000e+00 
src volume info
valid = 1  # volume info valid
filename = /out/sourcedata/freesurfer/sub-v2s5x29569_ses-1/mri/norm.mgz
volume = 320 320 320
voxelsize = 6.999999880790710e-01 6.999999880790710e-01 6.999999880790710e-01
xras   = -1.000000000000000e+00 0.000000000000000e+00 0.000000000000000e+00
yras   = 0.000000000000000e+00 0.000000000000000e+00 -1.000000000000000e+00
zras   = 0.000000000000000e+00 1.000000000000000e+00 0.000000000000000e+00
cras   = -1.585121154785156e+00 2.306961059570312e+01 -2.247517395019531e+01
dst volume info
valid = 1  # volume info valid
filename = /out/sourcedata/freesurfer/sub-v2s5x29569_ses-1/mri/norm.mgz
volume = 320 320 320
voxelsize = 6.999999880790710e-01 6.999999880790710e-01 6.999999880790710e-01
xras   = -1.000000000000000e+00 0.000000000000000e+00 0.000000000000000e+00
yras   = 0.000000000000000e+00 0.000000000000000e+00 -1.000000000000000e+00
zras   = 0.000000000000000e+00 1.000000000000000e+00 0.000000000000000e+00
cras   = -1.585121154785156e+00 2.306961059570312e+01 -2.247517395019531e+01
