# transform file transforms/talairach.lta
# created by oesteban on Fri Mar 13 08:31:06 2026

type      = 0 # LINEAR_VOX_TO_VOX
nxforms   = 1
mean      = 160.0000 121.0000 131.0000
sigma     = 10000.0000
1 4 4
7.094253301620483e-01 -3.030361235141754e-02 3.656199946999550e-02 1.170918846130371e+01 
1.298132911324501e-02 7.106571793556213e-01 2.823912203311920e-01 3.612011671066284e-01 
-4.610528796911240e-02 -2.720969915390015e-01 6.575946807861328e-01 6.267885971069336e+01 
0.000000000000000e+00 0.000000000000000e+00 0.000000000000000e+00 1.000000000000000e+00 
src volume info
valid = 1  # volume info valid
filename = nu.mgz
volume = 320 320 320
voxelsize = 6.999999880790710e-01 6.999999880790710e-01 6.999999880790710e-01
xras   = -1.000000000000000e+00 0.000000000000000e+00 0.000000000000000e+00
yras   = 0.000000000000000e+00 0.000000000000000e+00 -1.000000000000000e+00
zras   = 0.000000000000000e+00 1.000000000000000e+00 0.000000000000000e+00
cras   = -1.585121154785156e+00 2.306961059570312e+01 -2.247517395019531e+01
dst volume info
valid = 1  # volume info valid
filename = /opt/freesurfer/average/RB_all_2020-01-02.gca
volume = 256 256 256
voxelsize = 1.000000000000000e+00 1.000000000000000e+00 1.000000000000000e+00
xras   = -1.000000000000000e+00 0.000000000000000e+00 0.000000000000000e+00
yras   = 0.000000000000000e+00 0.000000000000000e+00 -1.000000000000000e+00
zras   = 0.000000000000000e+00 1.000000000000000e+00 0.000000000000000e+00
cras   = 0.000000000000000e+00 0.000000000000000e+00 0.000000000000000e+00
