# transform file /out/sourcedata/freesurfer/sub-v2s5x29576_ses-1/mri/transforms/cc_up.lta
# created by oesteban on Sat Mar 14 12:22:21 2026

type      = 0 # LINEAR_VOX_TO_VOX
nxforms   = 1
mean      = 156.0000 123.0000 149.0000
sigma     = 10000.0000
1 4 4
9.975800514221191e-01 -5.630048364400864e-02 -4.079549759626389e-02 -1.522961139678955e+01 
5.625346675515175e-02 9.984138607978821e-01 -2.300455002114177e-03 5.742187976837158e+00 
4.086030647158623e-02 -2.328306436538696e-10 9.991648197174072e-01 -2.314598262310028e-01 
0.000000000000000e+00 0.000000000000000e+00 0.000000000000000e+00 1.000000000000000e+00 
src volume info
valid = 1  # volume info valid
filename = /out/sourcedata/freesurfer/sub-v2s5x29576_ses-1/mri/norm.mgz
volume = 320 320 320
voxelsize = 6.999999880790710e-01 6.999999880790710e-01 6.999999880790710e-01
xras   = -1.000000000000000e+00 0.000000000000000e+00 0.000000000000000e+00
yras   = 0.000000000000000e+00 0.000000000000000e+00 -1.000000000000000e+00
zras   = 0.000000000000000e+00 1.000000000000000e+00 0.000000000000000e+00
cras   = -9.797973632812500e-01 1.822698974609375e+01 -4.608293151855469e+01
dst volume info
valid = 1  # volume info valid
filename = /out/sourcedata/freesurfer/sub-v2s5x29576_ses-1/mri/norm.mgz
volume = 320 320 320
voxelsize = 6.999999880790710e-01 6.999999880790710e-01 6.999999880790710e-01
xras   = -1.000000000000000e+00 0.000000000000000e+00 0.000000000000000e+00
yras   = 0.000000000000000e+00 0.000000000000000e+00 -1.000000000000000e+00
zras   = 0.000000000000000e+00 1.000000000000000e+00 0.000000000000000e+00
cras   = -9.797973632812500e-01 1.822698974609375e+01 -4.608293151855469e+01
