# transform file transforms/talairach.lta
# created by oesteban on Sat Mar 14 10:43:01 2026

type      = 0 # LINEAR_VOX_TO_VOX
nxforms   = 1
mean      = 156.0000 122.0000 149.0000
sigma     = 10000.0000
1 4 4
7.204455733299255e-01 -3.221837058663368e-02 -2.652974799275398e-02 2.135146903991699e+01 
4.017004743218422e-02 7.504084110260010e-01 2.879812419414520e-01 -2.574525451660156e+01 
5.205854307860136e-03 -2.614218294620514e-01 6.202251911163330e-01 5.165275192260742e+01 
0.000000000000000e+00 0.000000000000000e+00 0.000000000000000e+00 1.000000000000000e+00 
src volume info
valid = 1  # volume info valid
filename = nu.mgz
volume = 320 320 320
voxelsize = 6.999999880790710e-01 6.999999880790710e-01 6.999999880790710e-01
xras   = -1.000000000000000e+00 0.000000000000000e+00 0.000000000000000e+00
yras   = 0.000000000000000e+00 0.000000000000000e+00 -1.000000000000000e+00
zras   = 0.000000000000000e+00 1.000000000000000e+00 0.000000000000000e+00
cras   = -9.797973632812500e-01 1.822698974609375e+01 -4.608293151855469e+01
dst volume info
valid = 1  # volume info valid
filename = /opt/freesurfer/average/RB_all_2020-01-02.gca
volume = 256 256 256
voxelsize = 1.000000000000000e+00 1.000000000000000e+00 1.000000000000000e+00
xras   = -1.000000000000000e+00 0.000000000000000e+00 0.000000000000000e+00
yras   = 0.000000000000000e+00 0.000000000000000e+00 -1.000000000000000e+00
zras   = 0.000000000000000e+00 1.000000000000000e+00 0.000000000000000e+00
cras   = 0.000000000000000e+00 0.000000000000000e+00 0.000000000000000e+00
