# transform file /out/sourcedata/freesurfer/sub-v2s5x29555_ses-1/mri/transforms/cc_up.lta
# created by oesteban on Fri Mar 13 09:24:54 2026

type      = 0 # LINEAR_VOX_TO_VOX
nxforms   = 1
mean      = 163.0000 117.0000 151.0000
sigma     = 10000.0000
1 4 4
9.994562268257141e-01 2.746353857219219e-02 1.824951544404030e-02 -3.877400970458984e+01 
-2.745896205306053e-02 9.996228814125061e-01 -5.013853660784662e-04 4.157507324218750e+01 
-1.825640350580215e-02 -5.820766091346741e-11 9.998333454132080e-01 -3.003371715545654e+00 
0.000000000000000e+00 0.000000000000000e+00 0.000000000000000e+00 1.000000000000000e+00 
src volume info
valid = 1  # volume info valid
filename = /out/sourcedata/freesurfer/sub-v2s5x29555_ses-1/mri/norm.mgz
volume = 320 320 320
voxelsize = 6.999999880790710e-01 6.999999880790710e-01 6.999999880790710e-01
xras   = -1.000000000000000e+00 0.000000000000000e+00 0.000000000000000e+00
yras   = 0.000000000000000e+00 0.000000000000000e+00 -1.000000000000000e+00
zras   = 0.000000000000000e+00 1.000000000000000e+00 0.000000000000000e+00
cras   = 2.046798706054688e+00 1.338399505615234e+01 -2.126449584960938e+01
dst volume info
valid = 1  # volume info valid
filename = /out/sourcedata/freesurfer/sub-v2s5x29555_ses-1/mri/norm.mgz
volume = 320 320 320
voxelsize = 6.999999880790710e-01 6.999999880790710e-01 6.999999880790710e-01
xras   = -1.000000000000000e+00 0.000000000000000e+00 0.000000000000000e+00
yras   = 0.000000000000000e+00 0.000000000000000e+00 -1.000000000000000e+00
zras   = 0.000000000000000e+00 1.000000000000000e+00 0.000000000000000e+00
cras   = 2.046798706054688e+00 1.338399505615234e+01 -2.126449584960938e+01
