# transform file /out/sourcedata/freesurfer/sub-v2s5x29568_ses-1/mri/transforms/cc_up.lta
# created by oesteban on Fri Mar 13 10:16:18 2026

type      = 0 # LINEAR_VOX_TO_VOX
nxforms   = 1
mean      = 161.0000 119.0000 137.0000
sigma     = 10000.0000
1 4 4
9.969152212142944e-01 -2.294239960610867e-02 -7.505758851766586e-02 -1.595221710205078e+01 
2.287764847278595e-02 9.997367858886719e-01 -1.722454326227307e-03 2.364697837829590e+01 
7.507734745740891e-02 -2.328306436538696e-10 9.971777200698853e-01 1.583713293075562e+00 
0.000000000000000e+00 0.000000000000000e+00 0.000000000000000e+00 1.000000000000000e+00 
src volume info
valid = 1  # volume info valid
filename = /out/sourcedata/freesurfer/sub-v2s5x29568_ses-1/mri/norm.mgz
volume = 320 320 320
voxelsize = 6.999480128288269e-01 6.999480128288269e-01 6.999480128288269e-01
xras   = -1.000000119209290e+00 -5.322238649796418e-09 0.000000000000000e+00
yras   = 0.000000000000000e+00 0.000000000000000e+00 -1.000000000000000e+00
zras   = 0.000000000000000e+00 1.000000000000000e+00 0.000000000000000e+00
cras   = 2.599632263183594e+00 2.551165008544922e+01 -9.762992858886719e+00
dst volume info
valid = 1  # volume info valid
filename = /out/sourcedata/freesurfer/sub-v2s5x29568_ses-1/mri/norm.mgz
volume = 320 320 320
voxelsize = 6.999480128288269e-01 6.999480128288269e-01 6.999480128288269e-01
xras   = -1.000000119209290e+00 -5.322238649796418e-09 0.000000000000000e+00
yras   = 0.000000000000000e+00 0.000000000000000e+00 -1.000000000000000e+00
zras   = 0.000000000000000e+00 1.000000000000000e+00 0.000000000000000e+00
cras   = 2.599632263183594e+00 2.551165008544922e+01 -9.762992858886719e+00
