type      = 0 # LINEAR_VOX_TO_VOX
nxforms   = 1
mean      = 0.0000 0.0000 0.0000
sigma     = 1.0000
1 4 4
7.099755406379700e-01 -4.383214563131332e-02 -5.024716630578041e-02 2.656460571289062e+01 
6.043631955981255e-02 8.704140782356262e-01 1.672637760639191e-01 -1.451623535156250e+01 
5.765471607446671e-02 -8.718832582235336e-02 7.653679847717285e-01 1.100984954833984e+01 
0.000000000000000e+00 0.000000000000000e+00 0.000000000000000e+00 1.000000000000000e+00 
src volume info
valid = 1  # volume info valid
filename = /out/sourcedata/freesurfer/sub-v2s5x29568_ses-1/mri/orig.mgz
volume = 320 320 320
voxelsize = 6.999480128288269e-01 6.999480128288269e-01 6.999480128288269e-01
xras   = -1.000000119209290e+00 -5.322238649796418e-09 0.000000000000000e+00
yras   = 0.000000000000000e+00 0.000000000000000e+00 -1.000000000000000e+00
zras   = 0.000000000000000e+00 1.000000000000000e+00 0.000000000000000e+00
cras   = 2.599632263183594e+00 2.551165008544922e+01 -9.762992858886719e+00
dst volume info
valid = 1  # volume info valid
filename = /opt/freesurfer/average/mni305.cor.mgz
volume = 256 256 256
voxelsize = 1.000000000000000e+00 1.000000000000000e+00 1.000000000000000e+00
xras   = -1.000000000000000e+00 0.000000000000000e+00 0.000000000000000e+00
yras   = 0.000000000000000e+00 0.000000000000000e+00 -1.000000000000000e+00
zras   = 0.000000000000000e+00 1.000000000000000e+00 0.000000000000000e+00
cras   = 0.000000000000000e+00 0.000000000000000e+00 0.000000000000000e+00
subject fsaverage
fscale 0.100000
