type      = 1 # LINEAR_RAS_TO_RAS
nxforms   = 1
mean      = 0.0000 0.0000 0.0000
sigma     = 1.0000
1 4 4
1.014325976371765e+00 7.178699970245361e-02 -6.262200325727463e-02 -2.187653064727783e+00 
-8.236999809741974e-02 1.093464016914368e+00 1.245639994740486e-01 -2.572247314453125e+01 
8.634400367736816e-02 -2.389660030603409e-01 1.243541002273560e+00 -1.516940307617188e+01 
0.000000000000000e+00 0.000000000000000e+00 0.000000000000000e+00 1.000000000000000e+00 
src volume info
valid = 1  # volume info valid
filename = /out/sourcedata/freesurfer/sub-v2s5x29568_ses-1/mri/orig_nu.mgz
volume = 320 320 320
voxelsize = 6.999480128288269e-01 6.999480128288269e-01 6.999480128288269e-01
xras   = -1.000000119209290e+00 -5.322238649796418e-09 0.000000000000000e+00
yras   = 0.000000000000000e+00 0.000000000000000e+00 -1.000000000000000e+00
zras   = 0.000000000000000e+00 1.000000000000000e+00 0.000000000000000e+00
cras   = 2.599632263183594e+00 2.551165008544922e+01 -9.762992858886719e+00
dst volume info
valid = 1  # volume info valid
filename = /opt/freesurfer/average/mni305.cor.mgz
volume = 256 256 256
voxelsize = 1.000000000000000e+00 1.000000000000000e+00 1.000000000000000e+00
xras   = -1.000000000000000e+00 0.000000000000000e+00 0.000000000000000e+00
yras   = 0.000000000000000e+00 0.000000000000000e+00 -1.000000000000000e+00
zras   = 0.000000000000000e+00 1.000000000000000e+00 0.000000000000000e+00
cras   = 0.000000000000000e+00 0.000000000000000e+00 0.000000000000000e+00
subject fsaverage
fscale 0.100000
