# transform file transforms/talairach.lta
# created by oesteban on Fri Mar 13 08:19:29 2026

type      = 0 # LINEAR_VOX_TO_VOX
nxforms   = 1
mean      = 160.0000 123.0000 137.0000
sigma     = 10000.0000
1 4 4
6.709519624710083e-01 -1.209618151187897e-02 -5.680448189377785e-02 2.843991470336914e+01 
2.531936764717102e-02 7.913085818290710e-01 5.534368380904198e-02 1.234833145141602e+01 
5.849640071392059e-02 -3.998760506510735e-02 7.099702954292297e-01 8.344779968261719e+00 
0.000000000000000e+00 0.000000000000000e+00 0.000000000000000e+00 1.000000000000000e+00 
src volume info
valid = 1  # volume info valid
filename = nu.mgz
volume = 320 320 320
voxelsize = 6.999480128288269e-01 6.999480128288269e-01 6.999480128288269e-01
xras   = -1.000000119209290e+00 -5.322238649796418e-09 0.000000000000000e+00
yras   = 0.000000000000000e+00 0.000000000000000e+00 -1.000000000000000e+00
zras   = 0.000000000000000e+00 1.000000000000000e+00 0.000000000000000e+00
cras   = 2.599632263183594e+00 2.551165008544922e+01 -9.762992858886719e+00
dst volume info
valid = 1  # volume info valid
filename = /opt/freesurfer/average/RB_all_2020-01-02.gca
volume = 256 256 256
voxelsize = 1.000000000000000e+00 1.000000000000000e+00 1.000000000000000e+00
xras   = -1.000000000000000e+00 0.000000000000000e+00 0.000000000000000e+00
yras   = 0.000000000000000e+00 0.000000000000000e+00 -1.000000000000000e+00
zras   = 0.000000000000000e+00 1.000000000000000e+00 0.000000000000000e+00
cras   = 0.000000000000000e+00 0.000000000000000e+00 0.000000000000000e+00
