# transform file /out/sourcedata/freesurfer/sub-v2s5x29566_ses-1/mri/transforms/cc_up.lta
# created by oesteban on Fri Mar 13 10:58:55 2026

type      = 0 # LINEAR_VOX_TO_VOX
nxforms   = 1
mean      = 159.0000 121.0000 137.0000
sigma     = 10000.0000
1 4 4
9.988311529159546e-01 4.824285954236984e-02 -3.019877243787050e-03 -3.716567611694336e+01 
-4.824263975024223e-02 9.988356828689575e-01 1.458573242416605e-04 4.286894226074219e+01 
3.023397643119097e-03 0.000000000000000e+00 9.999955296516418e-01 7.513084888458252e+00 
0.000000000000000e+00 0.000000000000000e+00 0.000000000000000e+00 1.000000000000000e+00 
src volume info
valid = 1  # volume info valid
filename = /out/sourcedata/freesurfer/sub-v2s5x29566_ses-1/mri/norm.mgz
volume = 320 320 320
voxelsize = 6.999999880790710e-01 6.999999880790710e-01 6.999999880790710e-01
xras   = -1.000000000000000e+00 0.000000000000000e+00 0.000000000000000e+00
yras   = 0.000000000000000e+00 0.000000000000000e+00 -1.000000000000000e+00
zras   = 0.000000000000000e+00 1.000000000000000e+00 0.000000000000000e+00
cras   = -9.798049926757812e-01 2.791200256347656e+01 -1.339529418945312e+01
dst volume info
valid = 1  # volume info valid
filename = /out/sourcedata/freesurfer/sub-v2s5x29566_ses-1/mri/norm.mgz
volume = 320 320 320
voxelsize = 6.999999880790710e-01 6.999999880790710e-01 6.999999880790710e-01
xras   = -1.000000000000000e+00 0.000000000000000e+00 0.000000000000000e+00
yras   = 0.000000000000000e+00 0.000000000000000e+00 -1.000000000000000e+00
zras   = 0.000000000000000e+00 1.000000000000000e+00 0.000000000000000e+00
cras   = -9.798049926757812e-01 2.791200256347656e+01 -1.339529418945312e+01
