# transform file transforms/talairach.lta
# created by oesteban on Fri Mar 13 08:23:49 2026

type      = 0 # LINEAR_VOX_TO_VOX
nxforms   = 1
mean      = 159.0000 125.0000 137.0000
sigma     = 10000.0000
1 4 4
6.970551013946533e-01 1.898734644055367e-02 -2.828738885000348e-03 1.243131732940674e+01 
-1.716859266161919e-02 7.373183369636536e-01 1.282043606042862e-01 1.780545234680176e+01 
6.085239816457033e-03 -1.068267300724983e-01 6.765455603599548e-01 3.154951095581055e+01 
0.000000000000000e+00 0.000000000000000e+00 0.000000000000000e+00 1.000000000000000e+00 
src volume info
valid = 1  # volume info valid
filename = nu.mgz
volume = 320 320 320
voxelsize = 6.999999880790710e-01 6.999999880790710e-01 6.999999880790710e-01
xras   = -1.000000000000000e+00 0.000000000000000e+00 0.000000000000000e+00
yras   = 0.000000000000000e+00 0.000000000000000e+00 -1.000000000000000e+00
zras   = 0.000000000000000e+00 1.000000000000000e+00 0.000000000000000e+00
cras   = -9.798049926757812e-01 2.791200256347656e+01 -1.339529418945312e+01
dst volume info
valid = 1  # volume info valid
filename = /opt/freesurfer/average/RB_all_2020-01-02.gca
volume = 256 256 256
voxelsize = 1.000000000000000e+00 1.000000000000000e+00 1.000000000000000e+00
xras   = -1.000000000000000e+00 0.000000000000000e+00 0.000000000000000e+00
yras   = 0.000000000000000e+00 0.000000000000000e+00 -1.000000000000000e+00
zras   = 0.000000000000000e+00 1.000000000000000e+00 0.000000000000000e+00
cras   = 0.000000000000000e+00 0.000000000000000e+00 0.000000000000000e+00
