# transform file /out/sourcedata/freesurfer/sub-v2s5x29544_ses-1/mri/transforms/cc_up.lta
# created by oesteban on Fri Mar 13 09:38:46 2026

type      = 0 # LINEAR_VOX_TO_VOX
nxforms   = 1
mean      = 162.0000 127.0000 143.0000
sigma     = 10000.0000
1 4 4
9.965925812721252e-01 -1.136738993227482e-02 -8.169376850128174e-02 -1.908702087402344e+01 
1.132938917726278e-02 9.999353289604187e-01 -9.287049178965390e-04 2.432130241394043e+01 
8.169905096292496e-02 0.000000000000000e+00 9.966570138931274e-01 -9.572273254394531e+00 
0.000000000000000e+00 0.000000000000000e+00 0.000000000000000e+00 1.000000000000000e+00 
src volume info
valid = 1  # volume info valid
filename = /out/sourcedata/freesurfer/sub-v2s5x29544_ses-1/mri/norm.mgz
volume = 320 320 320
voxelsize = 6.999999880790710e-01 6.999999880790710e-01 6.999999880790710e-01
xras   = -1.000000000000000e+00 0.000000000000000e+00 0.000000000000000e+00
yras   = 0.000000000000000e+00 0.000000000000000e+00 -1.000000000000000e+00
zras   = 0.000000000000000e+00 1.000000000000000e+00 0.000000000000000e+00
cras   = 3.257499694824219e+00 1.701599884033203e+01 -3.276570129394531e+01
dst volume info
valid = 1  # volume info valid
filename = /out/sourcedata/freesurfer/sub-v2s5x29544_ses-1/mri/norm.mgz
volume = 320 320 320
voxelsize = 6.999999880790710e-01 6.999999880790710e-01 6.999999880790710e-01
xras   = -1.000000000000000e+00 0.000000000000000e+00 0.000000000000000e+00
yras   = 0.000000000000000e+00 0.000000000000000e+00 -1.000000000000000e+00
zras   = 0.000000000000000e+00 1.000000000000000e+00 0.000000000000000e+00
cras   = 3.257499694824219e+00 1.701599884033203e+01 -3.276570129394531e+01
