# transform file /out/sourcedata/freesurfer/sub-v2s5x29570_ses-1/mri/transforms/cc_up.lta
# created by oesteban on Fri Mar 13 10:47:44 2026

type      = 0 # LINEAR_VOX_TO_VOX
nxforms   = 1
mean      = 161.0000 113.0000 135.0000
sigma     = 10000.0000
1 4 4
9.991016983985901e-01 -3.182565048336983e-02 -2.798289433121681e-02 -2.378961372375488e+01 
3.181317821145058e-02 9.994934797286987e-01 -8.910251781344414e-04 3.312112808227539e+01 
2.799707651138306e-02 -5.820766785236131e-11 9.996080994606018e-01 -1.382772803306580e+00 
0.000000000000000e+00 0.000000000000000e+00 0.000000000000000e+00 1.000000000000000e+00 
src volume info
valid = 1  # volume info valid
filename = /out/sourcedata/freesurfer/sub-v2s5x29570_ses-1/mri/norm.mgz
volume = 320 320 320
voxelsize = 6.999999880790710e-01 6.999999880790710e-01 6.999999880790710e-01
xras   = -1.000000000000000e+00 0.000000000000000e+00 0.000000000000000e+00
yras   = 0.000000000000000e+00 0.000000000000000e+00 -1.000000000000000e+00
zras   = 0.000000000000000e+00 1.000000000000000e+00 0.000000000000000e+00
cras   = 4.468101501464844e+00 2.488600158691406e+01 -1.884320068359375e+01
dst volume info
valid = 1  # volume info valid
filename = /out/sourcedata/freesurfer/sub-v2s5x29570_ses-1/mri/norm.mgz
volume = 320 320 320
voxelsize = 6.999999880790710e-01 6.999999880790710e-01 6.999999880790710e-01
xras   = -1.000000000000000e+00 0.000000000000000e+00 0.000000000000000e+00
yras   = 0.000000000000000e+00 0.000000000000000e+00 -1.000000000000000e+00
zras   = 0.000000000000000e+00 1.000000000000000e+00 0.000000000000000e+00
cras   = 4.468101501464844e+00 2.488600158691406e+01 -1.884320068359375e+01
