#Insight Transform File V1.0
#Transform 0
Transform: AffineTransform_float_3_3
Parameters: 0.999999 -2.94435e-05 -0.000715383 2.81912e-05 0.999997 -0.00222076 0.000714967 0.00222124 0.999997 -0.0513649 -0.0749279 0.232294
FixedParameters: 0 0 0

#Transform 1
Transform: AffineTransform_float_3_3
Parameters: 0.999999 4.58815e-05 -0.000881753 -4.95277e-05 0.999995 -0.00331296 0.000881855 0.00331304 0.999994 -0.0537756 -0.148423 -0.0135601
FixedParameters: 0 0 0

#Transform 2
Transform: AffineTransform_float_3_3
Parameters: 0.999999 -4.16946e-05 -0.000800614 3.84419e-05 0.999992 -0.00400303 0.00080108 0.00400297 0.999991 -0.0529374 0.00500386 -0.20253
FixedParameters: 0 0 0

#Transform 3
Transform: AffineTransform_float_3_3
Parameters: 1 -0.000282671 -0.000990453 0.000280151 0.999997 -0.00224302 0.000991171 0.00224298 0.999997 -0.0595967 -0.168018 0.131022
FixedParameters: 0 0 0

#Transform 4
Transform: AffineTransform_float_3_3
Parameters: 0.999999 -0.000407452 -0.000752199 0.000407125 0.999999 -0.00149631 0.000752873 0.00149569 0.999998 -0.0532985 -0.190778 0.314607
FixedParameters: 0 0 0

#Transform 5
Transform: AffineTransform_float_3_3
Parameters: 0.999999 -0.000449001 -0.000740313 0.000448327 0.999999 -0.00175341 0.000741342 0.00175359 0.999998 -0.050913 -0.095001 0.260725
FixedParameters: 0 0 0

#Transform 6
Transform: AffineTransform_float_3_3
Parameters: 0.999999 -0.000195117 -0.000684743 0.000193572 0.999999 -0.00183013 0.000685182 0.00182987 0.999998 -0.0456241 -0.046374 0.166668
FixedParameters: 0 0 0

#Transform 7
Transform: AffineTransform_float_3_3
Parameters: 1 8.21088e-05 -0.00047919 -8.32333e-05 0.999994 -0.00346596 0.000479035 0.00346604 0.999994 -0.0450439 0.0232619 -0.215736
FixedParameters: 0 0 0

#Transform 8
Transform: AffineTransform_float_3_3
Parameters: 1 0.000213264 -0.000418634 -0.000214262 0.999997 -0.00234491 0.000417359 0.00234509 0.999997 -0.0322778 0.0253266 -0.159753
FixedParameters: 0 0 0

#Transform 9
Transform: AffineTransform_float_3_3
Parameters: 1 -0.000126806 -0.000544071 0.000125099 0.999999 -0.00156807 0.000544466 0.00156793 0.999998 -0.0671382 -0.232186 0.291877
FixedParameters: 0 0 0

#Transform 10
Transform: AffineTransform_float_3_3
Parameters: 1 -2.08834e-05 -0.000445336 2.01261e-05 0.999998 -0.00193101 0.000445143 0.00193099 0.999998 -0.0639768 -0.173583 0.323165
FixedParameters: 0 0 0

#Transform 11
Transform: AffineTransform_float_3_3
Parameters: 1 5.36164e-05 -0.000487686 -5.58651e-05 0.999993 -0.00356971 0.000487985 0.00357029 0.999994 -0.0467506 0.0483612 -0.039619
FixedParameters: 0 0 0

#Transform 12
Transform: AffineTransform_float_3_3
Parameters: 1 -0.000155006 -0.00026674 0.000154075 0.999998 -0.00174278 0.000267279 0.00174322 0.999999 -0.0367746 -0.0353844 0.190124
FixedParameters: 0 0 0

#Transform 13
Transform: AffineTransform_float_3_3
Parameters: 1 -0.000117702 0.000164275 0.000117744 1 -0.000127907 -0.000164245 0.000127093 1 -0.0336165 -0.137648 0.462126
FixedParameters: 0 0 0

#Transform 14
Transform: AffineTransform_float_3_3
Parameters: 1 -0.00028442 -0.000454457 0.000283732 0.999999 -0.00181413 0.000455216 0.00181387 0.999999 -0.0421187 -0.0146079 0.207617
FixedParameters: 0 0 0

#Transform 15
Transform: AffineTransform_float_3_3
Parameters: 1 -0.000252604 -0.000251373 0.000251605 0.999998 -0.00198306 0.000252372 0.00198294 0.999998 -0.0207018 0.164496 0.0177465
FixedParameters: 0 0 0

#Transform 16
Transform: AffineTransform_float_3_3
Parameters: 1 -0.000135104 0.000150506 0.000135162 1 -0.00019598 -0.000150453 0.00019602 1 -0.0282143 -0.0573977 0.294278
FixedParameters: 0 0 0

#Transform 17
Transform: AffineTransform_float_3_3
Parameters: 1 -0.000217103 0.000360637 0.000216865 1 0.000330078 -0.00036078 -0.000329922 1 -0.0247924 -0.0776041 0.391005
FixedParameters: 0 0 0

#Transform 18
Transform: AffineTransform_float_3_3
Parameters: 1 6.07888e-05 -0.000136915 -6.13324e-05 0.999998 -0.00198699 0.000136672 0.00198701 0.999998 -0.0209554 0.00259366 0.0611715
FixedParameters: 0 0 0

#Transform 19
Transform: AffineTransform_float_3_3
Parameters: 1 0.000383951 8.04938e-05 -0.000384173 0.999995 -0.00289403 -8.14822e-05 0.00289397 0.999996 0.00858397 0.139287 -0.232422
FixedParameters: 0 0 0

#Transform 20
Transform: AffineTransform_float_3_3
Parameters: 1 -8.33595e-05 -0.000176986 8.33227e-05 1 -0.000104015 0.000177004 0.000103985 1 0.00353831 -0.0460137 -0.00153903
FixedParameters: 0 0 0

#Transform 21
Transform: AffineTransform_float_3_3
Parameters: 1 -0.000140082 -0.000160957 0.000140142 1 0.000186977 0.000160904 -0.000187023 1 0.0100779 -0.13734 0.11044
FixedParameters: 0 0 0

#Transform 22
Transform: AffineTransform_float_3_3
Parameters: 1 -9.17401e-05 0.000197415 9.16773e-05 1 0.000159018 -0.000197444 -0.000158982 1 0.0181387 -0.129756 0.182146
FixedParameters: 0 0 0

#Transform 23
Transform: AffineTransform_float_3_3
Parameters: 1 -0.000235853 -4.76397e-05 0.000235878 1 0.000269989 4.75123e-05 -0.000270011 1 -0.0105642 0.0261861 0.28135
FixedParameters: 0 0 0

#Transform 24
Transform: AffineTransform_float_3_3
Parameters: 1 -0.000247069 -0.000130423 0.000246767 1 -0.00115203 0.000130992 0.00115197 1 -0.0256716 0.0097279 0.123592
FixedParameters: 0 0 0

#Transform 25
Transform: AffineTransform_float_3_3
Parameters: 1 -0.000146119 -3.11966e-05 0.000145755 0.999999 -0.00149 3.06692e-05 0.00149 0.999999 -0.000449494 0.159791 -0.116089
FixedParameters: 0 0 0

#Transform 26
Transform: AffineTransform_float_3_3
Parameters: 1 -0.000242096 -0.00013209 0.000242119 1 8.6968e-05 0.000132048 -8.7032e-05 1 0.0120383 -0.144795 0.116173
FixedParameters: 0 0 0

#Transform 27
Transform: AffineTransform_float_3_3
Parameters: 1 -4.33524e-05 0.000476624 4.23075e-05 1 0.00109602 -0.000476718 -0.00109598 1 0.0244936 -0.0943662 0.185279
FixedParameters: 0 0 0

#Transform 28
Transform: AffineTransform_float_3_3
Parameters: 1 -5.43804e-05 0.000558168 5.49057e-05 0.999999 -0.00133297 -0.00055775 0.00133303 0.999999 0.0184897 0.00510359 -0.0986538
FixedParameters: 0 0 0

#Transform 29
Transform: AffineTransform_float_3_3
Parameters: 0.999999 -1.90859e-06 0.000798339 3.58009e-07 0.999998 0.00157334 -0.000798615 -0.00157366 0.999999 0.0310022 0.0455631 0.161112
FixedParameters: 0 0 0

#Transform 30
Transform: AffineTransform_float_3_3
Parameters: 1 -0.000187366 0.000635231 0.000185772 0.999998 0.00222612 -0.000635372 -0.00222588 0.999998 0.00767574 -0.0596333 0.376317
FixedParameters: 0 0 0

#Transform 31
Transform: AffineTransform_float_3_3
Parameters: 0.999999 -0.000542523 0.000472263 0.000542143 0.999997 0.00199633 -0.000472777 -0.00199667 0.999998 0.0249579 -0.0329903 0.0796612
FixedParameters: 0 0 0

#Transform 32
Transform: AffineTransform_float_3_3
Parameters: 1 -0.000333742 0.000186872 0.000333682 1 0.000160062 -0.000186979 -0.000159938 1 0.0218018 0.159124 -0.205209
FixedParameters: 0 0 0

#Transform 33
Transform: AffineTransform_float_3_3
Parameters: 0.999999 -0.000342727 0.000933219 0.000340575 0.999997 0.00232839 -0.000934392 -0.00232861 0.999997 0.0479569 -0.0301095 0.14288
FixedParameters: 0 0 0

#Transform 34
Transform: AffineTransform_float_3_3
Parameters: 0.999999 -0.000319601 0.0014008 0.000315251 0.999995 0.00311978 -0.00140195 -0.00311922 0.999994 0.0378856 -0.0270309 0.387089
FixedParameters: 0 0 0

#Transform 35
Transform: AffineTransform_float_3_3
Parameters: 0.999999 -0.000319084 0.00138495 0.000314313 0.999995 0.00330744 -0.00138621 -0.00330656 0.999993 0.0393787 0.0725489 0.467093
FixedParameters: 0 0 0

#Transform 36
Transform: AffineTransform_float_3_3
Parameters: 0.999999 -0.000407049 0.00126783 0.000403912 0.999997 0.00258959 -0.00126882 -0.00258941 0.999996 0.0328669 0.07917 0.359981
FixedParameters: 0 0 0

#Transform 37
Transform: AffineTransform_float_3_3
Parameters: 0.999999 -0.00056069 0.000667508 0.000560265 0.999999 0.000522374 -0.000667131 -0.000521626 0.999999 0.0273065 0.186125 -0.1372
FixedParameters: 0 0 0

#Transform 38
Transform: AffineTransform_float_3_3
Parameters: 1 -0.000529835 0.000780243 0.000528098 0.999997 0.00207841 -0.000780789 -0.00207759 0.999997 0.0179302 0.0219155 0.0923975
FixedParameters: 0 0 0

#Transform 39
Transform: AffineTransform_float_3_3
Parameters: 0.999999 -0.000407869 0.0012171 0.000404757 0.999997 0.00268749 -0.00121817 -0.00268651 0.999995 0.0116874 -0.00681561 0.471672
FixedParameters: 0 0 0

#Transform 40
Transform: AffineTransform_float_3_3
Parameters: 0.999999 -0.00024366 0.00179982 0.000239509 0.999998 0.00210677 -0.00179973 -0.00210623 0.999997 0.0103531 0.0477907 0.487015
FixedParameters: 0 0 0

#Transform 41
Transform: AffineTransform_float_3_3
Parameters: 0.999999 -0.000391826 0.00126253 0.000392319 1 -0.000195169 -0.00126238 0.000195831 1 0.029043 0.0972579 -4.21222e-05
FixedParameters: 0 0 0

#Transform 42
Transform: AffineTransform_float_3_3
Parameters: 0.999999 -0.000272079 0.00123474 0.000272093 1 -5.32791e-06 -0.00123473 5.67208e-06 1 0.0399547 0.167232 -0.183752
FixedParameters: 0 0 0

#Transform 43
Transform: AffineTransform_float_3_3
Parameters: 0.999998 -0.000272707 0.00169862 0.000268602 0.999996 0.00250087 -0.00169914 -0.00250113 0.999995 0.0525737 -0.0362979 0.151422
FixedParameters: 0 0 0

#Transform 44
Transform: AffineTransform_float_3_3
Parameters: 0.999998 -0.000273898 0.00169843 0.000268371 0.999994 0.00320279 -0.0016996 -0.0032022 0.999993 0.0507153 -0.0632344 0.325272
FixedParameters: 0 0 0

#Transform 45
Transform: AffineTransform_float_3_3
Parameters: 0.999996 3.59956e-05 0.00281274 -4.67067e-05 0.999993 0.00376008 -0.00281227 -0.00375992 0.999989 0.036489 0.0471992 0.449384
FixedParameters: 0 0 0

#Transform 46
Transform: AffineTransform_float_3_3
Parameters: 0.999996 -0.000148617 0.00277443 0.000139363 0.999995 0.00320234 -0.00277464 -0.00320167 0.999991 0.0164512 0.0849126 0.39449
FixedParameters: 0 0 0

#Transform 47
Transform: AffineTransform_float_3_3
Parameters: 0.999998 -0.000377352 0.0020123 0.000371729 0.999996 0.00272716 -0.00201378 -0.00272683 0.999994 0.0117746 0.114701 0.315894
FixedParameters: 0 0 0

#Transform 48
Transform: AffineTransform_float_3_3
Parameters: 0.999998 -0.000565304 0.00153139 0.000563062 0.999999 0.00144894 -0.00153261 -0.00144806 0.999998 -0.000211787 0.1813 0.0854066
FixedParameters: 0 0 0

#Transform 49
Transform: AffineTransform_float_3_3
Parameters: 0.999998 -0.000285093 0.0016525 0.000281119 0.999998 0.00215754 -0.00165358 -0.00215746 0.999996 0.000778585 0.0407473 0.205991
FixedParameters: 0 0 0

#Transform 50
Transform: AffineTransform_float_3_3
Parameters: 0.999999 -0.000335454 0.0014761 0.000331647 0.999996 0.00277683 -0.00147712 -0.00277617 0.999995 -0.00652575 -0.0291985 0.321637
FixedParameters: 0 0 0

#Transform 51
Transform: AffineTransform_float_3_3
Parameters: 0.999999 -0.000414193 0.00149881 0.000411674 0.999998 0.00198496 -0.00149934 -0.00198404 0.999997 0.00895153 0.00662922 0.154629
FixedParameters: 0 0 0

#Transform 52
Transform: AffineTransform_float_3_3
Parameters: 0.999998 -0.000768213 0.00142085 0.000765631 0.999998 0.00177716 -0.0014222 -0.00177583 0.999997 -0.000755023 0.223017 0.103213
FixedParameters: 0 0 0

#Transform 53
Transform: AffineTransform_float_3_3
Parameters: 0.999998 -0.000482901 0.00161564 0.000477215 0.999995 0.00320285 -0.00161691 -0.00320215 0.999993 0.00926194 -0.00176996 0.362783
FixedParameters: 0 0 0

#Transform 54
Transform: AffineTransform_float_3_3
Parameters: 0.999999 -0.000303332 0.00139806 0.00029991 0.999998 0.00200968 -0.00139886 -0.00200832 0.999997 0.00995942 0.032124 0.312685
FixedParameters: 0 0 0

#Transform 55
Transform: AffineTransform_float_3_3
Parameters: 1 -0.000109249 0.0010754 0.000109393 1 -6.68824e-05 -0.00107539 6.71175e-05 0.999999 0.0260838 0.142445 -0.0488825
FixedParameters: 0 0 0

#Transform 56
Transform: AffineTransform_float_3_3
Parameters: 0.999999 0.0001538 0.000753505 -0.000155147 0.999999 0.00153288 -0.000753304 -0.00153312 0.999998 0.00286471 0.0501079 0.173122
FixedParameters: 0 0 0

#Transform 57
Transform: AffineTransform_float_3_3
Parameters: 0.999999 0.00011188 0.000765227 -0.000113355 0.999997 0.00222118 -0.000765272 -0.00222082 0.999997 -0.0133449 -0.0849696 0.363887
FixedParameters: 0 0 0

#Transform 58
Transform: AffineTransform_float_3_3
Parameters: 1 2.74399e-05 0.00114809 -3.08816e-05 0.999996 0.00287523 -0.00114778 -0.00287477 0.999995 0.00543294 0.109217 0.232323
FixedParameters: 0 0 0

#Transform 59
Transform: AffineTransform_float_3_3
Parameters: 1 -0.00044228 0.000539234 0.000441491 1 0.000984239 -0.000539142 -0.000983763 1 -0.00800988 -0.0748293 0.00635781
FixedParameters: 0 0 0

#Transform 60
Transform: AffineTransform_float_3_3
Parameters: 0.999999 -0.000791106 0.00064698 0.000791144 0.999999 0.00092425 -0.000647752 -0.00092375 0.999999 0.00605779 0.055805 -0.144091
FixedParameters: 0 0 0

#Transform 61
Transform: AffineTransform_float_3_3
Parameters: 0.999999 -0.000870709 0.00103927 0.000867108 0.999993 0.00363998 -0.00104256 -0.00363902 0.999993 0.0296626 -0.216984 0.0561822
FixedParameters: 0 0 0

#Transform 62
Transform: AffineTransform_float_3_3
Parameters: 0.999999 -0.00120813 0.000608714 0.00120498 0.999988 0.00469548 -0.000614542 -0.00469452 0.999989 0.0119512 -0.118247 0.196384
FixedParameters: 0 0 0

#Transform 63
Transform: AffineTransform_float_3_3
Parameters: 1 -0.000933994 0.000473288 0.000933092 0.999996 0.00282518 -0.000475948 -0.00282482 0.999996 0.0120514 -0.103749 0.00474482
FixedParameters: 0 0 0

#Transform 64
Transform: AffineTransform_float_3_3
Parameters: 1 -0.00116814 0.000156719 0.00116739 0.999998 0.00193992 -0.000158091 -0.00194008 0.999998 0.0189356 0.0955561 -0.146706
FixedParameters: 0 0 0

#Transform 65
Transform: AffineTransform_float_3_3
Parameters: 0.999999 -0.00120297 0.000545435 0.0012002 0.999986 0.0051464 -0.000551338 -0.0051456 0.999986 0.0350372 -0.142341 0.209274
FixedParameters: 0 0 0

#Transform 66
Transform: AffineTransform_float_3_3
Parameters: 0.999999 -0.00119306 0.000729348 0.00118852 0.999976 0.00673095 -0.000737534 -0.00673005 0.999977 0.0313007 -0.00920913 0.248888
FixedParameters: 0 0 0

#Transform 67
Transform: AffineTransform_float_3_3
Parameters: 0.999999 -0.00113322 0.000604662 0.00113096 0.999992 0.0037755 -0.000608672 -0.0037755 0.999993 0.0321933 0.0217296 -0.116516
FixedParameters: 0 0 0

#Transform 68
Transform: AffineTransform_float_3_3
Parameters: 0.999999 -0.00110801 0.000595928 0.00110572 0.999987 0.0051124 -0.000601054 -0.0051116 0.999987 0.0223809 -0.0455551 0.048441
FixedParameters: 0 0 0

#Transform 69
Transform: AffineTransform_float_3_3
Parameters: 0.999999 -0.00127324 0.000531931 0.00127024 0.999982 0.00572849 -0.000539076 -0.0057285 0.999983 0.0028628 -0.201386 0.16455
FixedParameters: 0 0 0

#Transform 70
Transform: AffineTransform_float_3_3
Parameters: 1 -0.00107296 -3.94045e-05 0.00107243 0.999991 0.00397388 3.52732e-05 -0.00397311 0.999992 -0.017546 -0.146573 -0.108415
FixedParameters: 0 0 0

#Transform 71
Transform: AffineTransform_float_3_3
Parameters: 1 -0.00104991 4.26776e-05 0.00104865 0.999989 0.00469879 -4.81454e-05 -0.00469922 0.999989 -0.00363714 0.0830681 -0.0286197
FixedParameters: 0 0 0

#Transform 72
Transform: AffineTransform_float_3_3
Parameters: 0.999999 -0.00136685 0.000142079 0.00136517 0.999988 0.00476586 -0.000148781 -0.00476513 0.999988 -0.0161527 -0.181093 0.202125
FixedParameters: 0 0 0

#Transform 73
Transform: AffineTransform_float_3_3
Parameters: 0.999999 -0.00122742 -0.00058853 0.00122795 0.999997 0.00244294 0.000585271 -0.00244406 0.999996 -0.0139606 -0.0052924 -0.223007
FixedParameters: 0 0 0

#Transform 74
Transform: AffineTransform_float_3_3
Parameters: 0.999999 -0.00146006 -0.000197745 0.00146104 0.999987 0.00504138 0.00019057 -0.00504162 0.999987 -0.0217815 -0.0157462 0.0916908
FixedParameters: 0 0 0

#Transform 75
Transform: AffineTransform_float_3_3
Parameters: 1 -0.00103676 8.80364e-05 0.00103566 0.999972 0.00741476 -9.51603e-05 -0.00741424 0.999972 -0.0314401 -0.031784 0.299497
FixedParameters: 0 0 0

#Transform 76
Transform: AffineTransform_float_3_3
Parameters: 1 -0.0011302 -0.000242142 0.00113037 0.999996 0.00266365 0.000239552 -0.00266335 0.999997 -0.0213554 -0.0401861 -0.211316
FixedParameters: 0 0 0

#Transform 77
Transform: AffineTransform_float_3_3
Parameters: 0.999999 -0.00132982 -6.91246e-07 0.00133047 0.999989 0.00448967 -5.20659e-06 -0.00448933 0.99999 -0.0191167 0.0270182 -0.0943851
FixedParameters: 0 0 0

#Transform 78
Transform: AffineTransform_float_3_3
Parameters: 0.999999 -0.00145223 0.000120655 0.00145112 0.999977 0.00650992 -0.000130352 -0.00651008 0.999979 -0.0263231 -0.164555 0.306262
FixedParameters: 0 0 0

#Transform 79
Transform: AffineTransform_float_3_3
Parameters: 1 -0.000943182 0.00062445 0.000938967 0.999972 0.00738933 -0.000631476 -0.00738867 0.999972 -0.0192055 0.0580338 0.300134
FixedParameters: 0 0 0

#Transform 80
Transform: AffineTransform_float_3_3
Parameters: 1 -0.00109696 0.000269464 0.00109615 0.999995 0.00301003 -0.000273179 -0.00300996 0.999995 -0.0643443 -0.0811482 -0.0346695
FixedParameters: 0 0 0

#Transform 81
Transform: AffineTransform_float_3_3
Parameters: 1 -0.000937166 -0.000536348 0.000938254 0.999998 0.0016595 0.00053447 -0.0016605 0.999999 -0.025874 -0.0071591 -0.470227
FixedParameters: 0 0 0

#Transform 82
Transform: AffineTransform_float_3_3
Parameters: 1 -0.00108771 -0.000249886 0.00108793 0.999996 0.00266173 0.000247526 -0.00266227 0.999997 -0.0304423 -0.280434 -0.222114
FixedParameters: 0 0 0

#Transform 83
Transform: AffineTransform_float_3_3
Parameters: 0.999999 -0.00131034 0.00031215 0.00130867 0.999993 0.00328615 -0.000315673 -0.00328585 0.999994 -0.0213591 -0.319221 0.0453512
FixedParameters: 0 0 0

#Transform 84
Transform: AffineTransform_float_3_3
Parameters: 0.999999 -0.00136722 0.000112761 0.00136671 0.999995 0.0027969 -0.000116287 -0.00279711 0.999996 -0.0260675 -0.257349 0.0456634
FixedParameters: 0 0 0

#Transform 85
Transform: AffineTransform_float_3_3
Parameters: 0.999999 -0.00137473 -0.000626457 0.00137659 0.999997 0.00182206 0.00062364 -0.00182293 0.999998 -0.0252788 -0.0576847 -0.228927
FixedParameters: 0 0 0

#Transform 86
Transform: AffineTransform_float_3_3
Parameters: 0.999999 -0.00139487 -0.000635669 0.00139653 0.999995 0.00294404 0.000631153 -0.00294496 0.999996 -0.028383 -0.0838504 -0.0330235
FixedParameters: 0 0 0

#Transform 87
Transform: AffineTransform_float_3_3
Parameters: 0.999999 -0.00126907 -0.000397896 0.00126969 0.999994 0.0030555 0.000394803 -0.0030565 0.999996 -0.0270526 -0.198462 0.149229
FixedParameters: 0 0 0

#Transform 88
Transform: AffineTransform_float_3_3
Parameters: 0.999999 -0.00135518 -0.000706212 0.0013566 0.999994 0.00315997 0.000701617 -0.00316103 0.999995 -0.0245999 -0.122368 0.0287378
FixedParameters: 0 0 0

#Transform 89
Transform: AffineTransform_float_3_3
Parameters: 0.999999 -0.00117398 -0.000599844 0.00117583 0.999997 0.00189522 0.000597587 -0.00189578 0.999998 -0.0052651 0.0178877 -0.15118
FixedParameters: 0 0 0

#Transform 90
Transform: AffineTransform_float_3_3
Parameters: 1 -0.0011624 -1.6992e-05 0.00116236 0.999994 0.00345372 1.21211e-05 -0.00345428 0.999994 -0.00692474 -0.15995 0.120113
FixedParameters: 0 0 0

#Transform 91
Transform: AffineTransform_float_3_3
Parameters: 0.999998 -0.00143668 -0.000684089 0.00143991 0.999992 0.00369068 0.000678136 -0.00369232 0.999993 -0.0334481 -0.137683 0.213396
FixedParameters: 0 0 0

#Transform 92
Transform: AffineTransform_float_3_3
Parameters: 0.999999 -0.00169306 -0.000287512 0.0016942 0.999994 0.00298618 0.000282752 -0.00298682 0.999996 -0.0107198 -0.0772675 0.0624128
FixedParameters: 0 0 0

#Transform 93
Transform: AffineTransform_float_3_3
Parameters: 0.999999 -0.0013634 -0.000703051 0.00136473 0.999996 0.00242171 0.000700146 -0.00242329 0.999996 -0.0147464 0.0234687 -0.223368
FixedParameters: 0 0 0

#Transform 94
Transform: AffineTransform_float_3_3
Parameters: 0.999998 -0.00148389 -0.000670903 0.00148604 0.999993 0.0036786 0.000664915 -0.0036794 0.999993 -0.0235723 -0.142567 0.0363847
FixedParameters: 0 0 0

#Transform 95
Transform: AffineTransform_float_3_3
Parameters: 0.999999 -0.00142137 -0.00068817 0.00142346 0.999993 0.00353688 0.000683046 -0.00353712 0.999993 -0.0262983 -0.157082 0.0894799
FixedParameters: 0 0 0

#Transform 96
Transform: AffineTransform_float_3_3
Parameters: 0.999998 -0.00128122 -0.00117907 0.0012831 0.999999 0.00150134 0.00117672 -0.00150266 0.999998 -0.0392685 -0.136023 -0.360863
FixedParameters: 0 0 0

#Transform 97
Transform: AffineTransform_float_3_3
Parameters: 0.999999 -0.00122725 -0.000880358 0.00122911 0.999996 0.00238911 0.00087723 -0.00238989 0.999997 -0.032915 -0.0538253 -0.331973
FixedParameters: 0 0 0

#Transform 98
Transform: AffineTransform_float_3_3
Parameters: 0.999999 -0.00124853 -0.000735668 0.0012506 0.999995 0.00281627 0.000732333 -0.00281673 0.999996 -0.0329143 -0.269324 -0.0263167
FixedParameters: 0 0 0

#Transform 99
Transform: AffineTransform_float_3_3
Parameters: 0.999999 -0.00118354 -0.000753223 0.00118445 0.999997 0.00216011 0.000750847 -0.00216189 0.999998 -0.0420846 -0.222957 0.190081
FixedParameters: 0 0 0

#Transform 100
Transform: AffineTransform_float_3_3
Parameters: 1 -0.000990607 -0.000461392 0.00099206 0.999997 0.00203147 0.000459561 -0.00203153 0.999997 -0.0215489 -0.0948886 0.153119
FixedParameters: 0 0 0

#Transform 101
Transform: AffineTransform_float_3_3
Parameters: 0.999999 -0.00121552 -0.000647121 0.00121565 0.999999 0.00063614 0.000646808 -0.000636861 1 -0.0223279 -0.0716309 -0.0555019
FixedParameters: 0 0 0

#Transform 102
Transform: AffineTransform_float_3_3
Parameters: 0.999996 -0.00205623 -0.00194256 0.00205432 0.999997 -0.000669691 0.00194406 0.000665307 0.999998 -0.117769 0.0827254 0.765885
FixedParameters: 0 0 0

#Transform 103
Transform: AffineTransform_float_3_3
Parameters: 0.999995 -0.00253927 -0.00217295 0.00253273 0.999992 -0.00311737 0.00218053 0.00311164 0.999993 -0.176184 0.128094 1.35179
FixedParameters: 0 0 0

#Transform 104
Transform: AffineTransform_float_3_3
Parameters: 0.999996 -0.00234034 -0.00107939 0.00233583 0.999989 -0.00417802 0.00108932 0.00417498 0.999991 -0.153351 0.121776 1.06536
FixedParameters: 0 0 0

#Transform 105
Transform: AffineTransform_float_3_3
Parameters: 0.999996 -0.00272124 -0.00121671 0.00271728 0.999992 -0.00320695 0.00122577 0.00320405 0.999994 -0.169774 0.135665 0.899464
FixedParameters: 0 0 0

#Transform 106
Transform: AffineTransform_float_3_3
Parameters: 0.999998 -0.002188 -0.000820631 0.0021851 0.999992 -0.00352529 0.000827947 0.00352371 0.999993 -0.159855 0.0282071 0.531011
FixedParameters: 0 0 0

#Transform 107
Transform: AffineTransform_float_3_3
Parameters: 0.999999 -0.00176673 -0.000303638 0.00176671 0.999995 -0.00296395 0.000309446 0.00296405 0.999996 -0.114405 0.152516 0.214687
FixedParameters: 0 0 0

#Transform 108
Transform: AffineTransform_float_3_3
Parameters: 0.999998 -0.00176559 -0.000723008 0.00176421 0.999997 -0.00171569 0.00072563 0.00171431 0.999998 -0.13005 -0.0264941 0.294907
FixedParameters: 0 0 0

#Transform 109
Transform: AffineTransform_float_3_3
Parameters: 0.999998 -0.00195369 -0.000253939 0.0019539 0.999998 -0.000941908 0.000256385 0.000942091 1 -0.121143 -0.129636 0.455558
FixedParameters: 0 0 0

#Transform 110
Transform: AffineTransform_float_3_3
Parameters: 0.999998 -0.00203546 -0.000518946 0.00203493 0.999998 -0.000245467 0.000518981 0.000244534 1 -0.121291 -0.125482 0.450567
FixedParameters: 0 0 0

#Transform 111
Transform: AffineTransform_float_3_3
Parameters: 0.999998 -0.00207309 -0.000218952 0.00207285 0.999997 -0.00147813 0.000222883 0.00147787 0.999998 -0.0897545 -0.0122751 0.234272
FixedParameters: 0 0 0

#Transform 112
Transform: AffineTransform_float_3_3
Parameters: 0.999998 -0.00194483 -0.000257893 0.00194571 0.999998 -0.0001731 0.000258291 0.0001719 1 -0.0916075 0.0313029 0.279049
FixedParameters: 0 0 0

#Transform 113
Transform: AffineTransform_float_3_3
Parameters: 0.999998 -0.00202805 -0.000173539 0.00202803 0.999998 0.00114505 0.00017109 -0.00114595 1 -0.0952428 -0.144467 0.466255
FixedParameters: 0 0 0

#Transform 114
Transform: AffineTransform_float_3_3
Parameters: 0.999998 -0.0019446 -0.000259634 0.00194552 0.999998 0.000722086 0.000258749 -0.000721915 1 -0.0877877 -0.0340947 0.431599
FixedParameters: 0 0 0

#Transform 115
Transform: AffineTransform_float_3_3
Parameters: 0.999999 -0.00177555 -0.00030551 0.00177533 0.999998 -0.000360953 0.000306792 0.000361045 0.999999 -0.0656143 0.0119569 0.22901
FixedParameters: 0 0 0

#Transform 116
Transform: AffineTransform_float_3_3
Parameters: 0.999997 -0.00204277 -0.000610397 0.00204407 0.999997 0.00141035 0.000606827 -0.00141165 0.999999 -0.0952814 0.0907461 0.328761
FixedParameters: 0 0 0

#Transform 117
Transform: AffineTransform_float_3_3
Parameters: 0.999998 -0.00191117 -0.000351383 0.0019127 0.999997 0.00199566 0.000347871 -0.00199634 0.999998 -0.089049 -0.0364606 0.392244
FixedParameters: 0 0 0

#Transform 118
Transform: AffineTransform_float_3_3
Parameters: 0.999998 -0.00166249 -0.000450809 0.00166196 0.999998 -0.00105609 0.000452121 0.00105491 0.999999 -0.0632979 -0.0189446 -0.0663886
FixedParameters: 0 0 0

#Transform 119
Transform: AffineTransform_float_3_3
Parameters: 0.999999 -0.00170129 -0.000686659 0.00170123 0.999999 -4.03165e-05 0.000686796 3.96834e-05 1 -0.0617997 -0.00497891 -0.189041
FixedParameters: 0 0 0

#Transform 120
Transform: AffineTransform_float_3_3
Parameters: 0.999998 -0.00185253 -0.000476834 0.00185367 0.999997 0.00134571 0.000475004 -0.00134629 0.999999 -0.0477186 -0.260879 0.0571028
FixedParameters: 0 0 0

#Transform 121
Transform: AffineTransform_float_3_3
Parameters: 1 -0.00105257 -7.71229e-06 0.00105286 0.999999 0.00100492 6.55958e-06 -0.00100408 1 -0.117701 -0.251475 0.163647
FixedParameters: 0 0 0

#Transform 122
Transform: AffineTransform_float_3_3
Parameters: 0.999999 -0.00113056 -0.000902466 0.00112953 0.999999 -0.000953095 0.000903384 0.000951906 0.999999 -0.103597 -0.0537848 -0.166994
FixedParameters: 0 0 0

#Transform 123
Transform: AffineTransform_float_3_3
Parameters: 1 -0.000976766 -0.000514831 0.000977194 0.999999 0.000416423 0.000514017 -0.000416576 0.999999 -0.124482 -0.141912 0.0901737
FixedParameters: 0 0 0

#Transform 124
Transform: AffineTransform_float_3_3
Parameters: 0.999999 -0.00088359 -7.28595e-05 0.000884154 0.999997 0.00203594 7.02226e-05 -0.00203606 0.999998 -0.135234 -0.165596 0.322777
FixedParameters: 0 0 0

#Transform 125
Transform: AffineTransform_float_3_3
Parameters: 0.999999 -0.0013103 -0.000332189 0.00130969 0.999999 -0.000507697 0.000332555 0.000506303 1 -0.0156794 -0.115193 -0.0192408
FixedParameters: 0 0 0

#Transform 126
Transform: AffineTransform_float_3_3
Parameters: 1 -0.0010059 -0.000422097 0.00100594 0.999999 4.35013e-05 0.00042201 -4.34986e-05 1 -0.110895 -0.0169656 0.00964297
FixedParameters: 0 0 0

#Transform 127
Transform: AffineTransform_float_3_3
Parameters: 0.999999 -0.000794958 -0.000185747 0.000795842 0.999999 0.00165259 0.00018408 -0.00165341 0.999998 -0.137314 -0.224059 0.329844
FixedParameters: 0 0 0

#Transform 128
Transform: AffineTransform_float_3_3
Parameters: 0.999999 -0.000605964 -0.000476856 0.000605611 1 -0.000370363 0.000477305 0.000370637 0.999999 -0.165603 -0.159456 0.0925611
FixedParameters: 0 0 0

#Transform 129
Transform: AffineTransform_float_3_3
Parameters: 0.999998 -0.00130081 -0.000993149 0.00130043 0.999999 -0.000192104 0.000993648 0.000190895 1 -0.143436 0.00278433 0.0494114
FixedParameters: 0 0 0

#Transform 130
Transform: AffineTransform_float_3_3
Parameters: 1 -0.000958806 -0.000377449 0.000958076 0.999999 0.000307564 0.000377132 -0.000307436 1 -0.140189 -0.163274 0.428919
FixedParameters: 0 0 0

#Transform 131
Transform: AffineTransform_float_3_3
Parameters: 1 -0.00109677 -0.000337407 0.001096 0.999999 -0.000739632 0.000338065 0.000738368 0.999999 -0.103425 -0.12986 0.0872637
FixedParameters: 0 0 0

#Transform 132
Transform: AffineTransform_float_3_3
Parameters: 1 -0.000926407 0.000262962 0.000925736 0.999997 0.00230125 -0.000265299 -0.00230076 0.999998 -0.0677241 0.036754 0.205826
FixedParameters: 0 0 0

#Transform 133
Transform: AffineTransform_float_3_3
Parameters: 0.999999 -0.00111749 0.000526468 0.00111511 0.999995 0.00303259 -0.000530351 -0.00303141 0.999996 -0.0646258 -0.146402 0.405931
FixedParameters: 0 0 0

#Transform 134
Transform: AffineTransform_float_3_3
Parameters: 0.999998 -0.00126622 0.000983839 0.00126485 0.999997 0.00208606 -0.000986775 -0.00208494 0.999997 -0.0488635 -0.10611 0.343551
FixedParameters: 0 0 0

#Transform 135
Transform: AffineTransform_float_3_3
Parameters: 0.999999 -0.00141186 0.00120797 0.00140921 0.999997 0.00183352 -0.00121053 -0.00183148 0.999998 0.0115743 -0.0749859 0.173368
FixedParameters: 0 0 0

#Transform 136
Transform: AffineTransform_float_3_3
Parameters: 0.999999 -0.000850671 0.0010943 0.000850606 1 0.000593743 -0.00109462 -0.000593257 0.999999 0.0355749 -0.0946447 -0.242225
FixedParameters: 0 0 0

#Transform 137
Transform: AffineTransform_float_3_3
Parameters: 0.999999 -0.00100884 0.000936618 0.00100716 0.999999 0.00118868 -0.000937089 -0.00118732 0.999999 0.0173525 -0.185524 -0.174862
FixedParameters: 0 0 0

#Transform 138
Transform: AffineTransform_float_3_3
Parameters: 0.999999 -0.00113997 0.001061 0.00113641 0.999996 0.00251002 -0.0010641 -0.00250898 0.999996 -0.00613533 -0.323388 0.189987
FixedParameters: 0 0 0

#Transform 139
Transform: AffineTransform_float_3_3
Parameters: 0.999999 -0.00110957 0.000970109 0.00110866 0.999999 0.00124489 -0.000971218 -0.00124411 0.999999 -0.0482597 -0.241143 0.315047
FixedParameters: 0 0 0

#Transform 140
Transform: AffineTransform_float_3_3
Parameters: 0.999999 -0.00131699 0.000270621 0.00131581 0.999998 0.000890094 -0.000271729 -0.000889904 0.999999 -0.0569278 -0.079001 -0.093349
FixedParameters: 0 0 0

#Transform 141
Transform: AffineTransform_float_3_3
Parameters: 1 -0.00103748 0.000519857 0.00103589 0.999993 0.00374628 -0.000523085 -0.00374572 0.999993 -0.038856 -0.0957016 0.209126
FixedParameters: 0 0 0

#Transform 142
Transform: AffineTransform_float_3_3
Parameters: 0.999999 -0.00120299 0.000654735 0.00120127 0.999995 0.00266079 -0.000658516 -0.00265921 0.999996 -0.0709484 -0.19725 0.449455
FixedParameters: 0 0 0

#Transform 143
Transform: AffineTransform_float_3_3
Parameters: 0.999999 -0.00121362 0.000544625 0.00121329 0.999999 0.000302399 -0.000545357 -0.0003016 1 -0.0606827 -0.184958 0.0121014
FixedParameters: 0 0 0

#Transform 144
Transform: AffineTransform_float_3_3
Parameters: 0.999999 -0.00135079 0.000357067 0.00135071 0.999998 0.000872221 -0.000357498 -0.000871779 0.999999 -0.0588581 -0.0667522 0.0105115
FixedParameters: 0 0 0

#Transform 145
Transform: AffineTransform_float_3_3
Parameters: 0.999999 -0.00109773 0.000860329 0.00109413 0.999988 0.00470476 -0.000865684 -0.00470424 0.999988 -0.0970311 -0.175397 0.514149
FixedParameters: 0 0 0

#Transform 146
Transform: AffineTransform_float_3_3
Parameters: 0.999999 -0.00137427 0.000163472 0.00137406 0.999999 0.000651963 -0.000165264 -0.000652035 1 -0.107977 -0.268153 0.094016
FixedParameters: 0 0 0

#Transform 147
Transform: AffineTransform_float_3_3
Parameters: 1 -0.00112795 -0.000242199 0.00112904 0.999999 0.00114265 0.000241545 -0.00114235 0.999999 -0.0804869 -0.0136818 -0.217756
FixedParameters: 0 0 0

#Transform 148
Transform: AffineTransform_float_3_3
Parameters: 0.999999 -0.00133905 0.000661932 0.00133778 0.999996 0.0025017 -0.000665052 -0.0025013 0.999997 -0.0541964 -0.365794 0.145232
FixedParameters: 0 0 0

#Transform 149
Transform: AffineTransform_float_3_3
Parameters: 0.999999 -0.0012116 0.00058718 0.00121018 0.999995 0.00294145 -0.000590726 -0.00294055 0.999995 -0.0375758 -0.334632 0.11672
FixedParameters: 0 0 0

#Transform 150
Transform: AffineTransform_float_3_3
Parameters: 0.999999 -0.00145782 -0.000114763 0.00145832 0.999998 0.000993834 0.000112826 -0.000994165 1 -0.0426269 -0.321236 0.02284
FixedParameters: 0 0 0

#Transform 151
Transform: AffineTransform_float_3_3
Parameters: 0.999998 -0.00171602 -0.000832905 0.00171584 0.999998 0.000472423 0.000831554 -0.000473576 1 -0.0513641 -0.360578 -0.276387
FixedParameters: 0 0 0

#Transform 152
Transform: AffineTransform_float_3_3
Parameters: 0.999999 -0.00127327 -0.000923689 0.00127201 0.999999 -0.00053725 0.000924093 0.00053575 1 -0.0780306 -0.328865 -0.48406
FixedParameters: 0 0 0

#Transform 153
Transform: AffineTransform_float_3_3
Parameters: 0.999999 -0.000786663 -0.00105692 0.000785562 0.999998 -0.00175783 0.0010579 0.00175617 0.999998 -0.080969 -0.310349 -0.618462
FixedParameters: 0 0 0

#Transform 154
Transform: AffineTransform_float_3_3
Parameters: 0.999999 -0.000923468 -0.000839697 0.000922933 1 -0.00089085 0.000841069 0.00089015 0.999999 -0.07034 -0.348281 -0.537675
FixedParameters: 0 0 0

#Transform 155
Transform: AffineTransform_float_3_3
Parameters: 1 -0.00107825 -0.000311842 0.00107867 0.999999 0.000676402 0.000310382 -0.000677597 1 -0.0689285 -0.51903 -0.153515
FixedParameters: 0 0 0

#Transform 156
Transform: AffineTransform_float_3_3
Parameters: 0.999999 -0.000939923 -8.733e-05 0.000939421 0.999999 0.00108192 8.6531e-05 -0.00108208 1 -0.0706018 -0.426928 0.0579016
FixedParameters: 0 0 0

#Transform 157
Transform: AffineTransform_float_3_3
Parameters: 0.999999 -0.000724117 -0.000352351 0.000723391 1 0.000334671 0.000352139 -0.000334329 1 -0.0635564 -0.246937 -0.268031
FixedParameters: 0 0 0

#Transform 158
Transform: AffineTransform_float_3_3
Parameters: 1 -0.00102086 -0.000102425 0.00102077 0.999998 0.00158763 0.00010138 -0.00158837 0.999999 -0.0771145 -0.223413 0.0127896
FixedParameters: 0 0 0

#Transform 159
Transform: AffineTransform_float_3_3
Parameters: 0.999999 -0.000880205 0.000139596 0.000880098 0.999999 0.000385123 -0.000140274 -0.000384876 1 -0.0950725 -0.367712 0.0672093
FixedParameters: 0 0 0

#Transform 160
Transform: AffineTransform_float_3_3
Parameters: 1 -0.000957231 0.000161125 0.000957303 1 0.000618893 -0.000161348 -0.000619108 1 -0.0764647 -0.121733 -0.108829
FixedParameters: 0 0 0

#Transform 161
Transform: AffineTransform_float_3_3
Parameters: 1 -0.00108543 0.000196116 0.00108436 0.999998 0.00167195 -0.000197548 -0.00167205 0.999998 -0.0822211 -0.340815 0.172448
FixedParameters: 0 0 0

#Transform 162
Transform: AffineTransform_float_3_3
Parameters: 0.999999 -0.000965472 -0.000127844 0.000965591 0.999998 0.00211562 0.000125954 -0.00211638 0.999998 -0.0857222 -0.233197 0.146601
FixedParameters: 0 0 0

#Transform 163
Transform: AffineTransform_float_3_3
Parameters: 1 -0.00110059 9.36357e-05 0.00110069 0.999996 0.0023711 -9.69305e-05 -0.00237089 0.999997 -0.0760917 -0.17363 0.110769
FixedParameters: 0 0 0

#Transform 164
Transform: AffineTransform_float_3_3
Parameters: 0.999999 -0.000766152 -0.000345168 0.000765867 1 -0.000411338 0.000345799 0.000411661 0.999999 -0.073961 -0.235007 -0.154444
FixedParameters: 0 0 0

#Transform 165
Transform: AffineTransform_float_3_3
Parameters: 0.999999 -0.000263461 -0.000743274 0.000262292 0.999999 -0.00143319 0.000743755 0.0014328 0.999998 -0.077754 -0.194315 -0.530596
FixedParameters: 0 0 0

#Transform 166
Transform: AffineTransform_float_3_3
Parameters: 1 -0.000225669 -0.00100358 0.000223902 0.999999 -0.00183923 0.00100386 0.00183877 0.999998 -0.0675937 -0.366583 -1.05849
FixedParameters: 0 0 0

#Transform 167
Transform: AffineTransform_float_3_3
Parameters: 0.999999 -0.000295858 -0.00126003 0.000296642 1 0.000310888 0.00125985 -0.000311111 0.999999 -0.0741583 -0.287049 -1.15506
FixedParameters: 0 0 0

#Transform 168
Transform: AffineTransform_float_3_3
Parameters: 1 -0.000493823 -0.000427943 0.000494379 0.999999 0.000649788 0.000427301 -0.000650211 0.999999 -0.0674495 -0.736496 -1.10705
FixedParameters: 0 0 0

#Transform 169
Transform: AffineTransform_float_3_3
Parameters: 0.999999 -0.000427701 -0.00130076 0.000429837 0.999999 0.0011907 0.00130001 -0.0011913 0.999999 -0.0964609 -0.651105 -1.05863
FixedParameters: 0 0 0

#Transform 170
Transform: AffineTransform_float_3_3
Parameters: 0.999999 -0.000508551 -0.000828145 0.000509625 0.999999 0.00122958 0.000827165 -0.00123042 0.999999 -0.106443 -0.643188 -0.906924
FixedParameters: 0 0 0

#Transform 171
Transform: AffineTransform_float_3_3
Parameters: 0.999999 -0.000886486 -0.00109373 0.00088789 0.999999 0.00139722 0.00109276 -0.00139778 0.999999 -0.180695 -0.517102 -0.523057
FixedParameters: 0 0 0

#Transform 172
Transform: AffineTransform_float_3_3
Parameters: 0.999999 -0.00108307 -0.00103999 0.00108374 0.999999 0.0007858 0.00103856 -0.0007872 0.999999 -0.16519 -0.431056 -0.433026
FixedParameters: 0 0 0

#Transform 173
Transform: AffineTransform_float_3_3
Parameters: 0.999999 -0.00126001 -0.000497977 0.00126023 1 0.000222037 0.000497417 -0.000222963 1 -0.148918 -0.355669 -0.400159
FixedParameters: 0 0 0

#Transform 174
Transform: AffineTransform_float_3_3
Parameters: 0.999999 -0.00134242 -0.000313567 0.00134237 0.999998 0.00102151 0.000312059 -0.00102149 1 -0.136159 -0.365752 -0.372813
FixedParameters: 0 0 0

#Transform 175
Transform: AffineTransform_float_3_3
Parameters: 0.999999 -0.00124209 4.90978e-05 0.00124151 0.999998 0.00161673 -5.09159e-05 -0.00161627 0.999998 -0.144679 -0.335881 -0.359715
FixedParameters: 0 0 0

#Transform 176
Transform: AffineTransform_float_3_3
Parameters: 0.999999 -0.001296 6.42596e-05 0.00129633 0.999998 0.00161582 -6.65244e-05 -0.00161618 0.999998 -0.142352 -0.303975 -0.31444
FixedParameters: 0 0 0

#Transform 177
Transform: AffineTransform_float_3_3
Parameters: 0.999999 -0.00111729 -0.000685201 0.00111629 1 -0.00053084 0.000685424 0.000530161 1 -0.140032 -0.286986 -0.606817
FixedParameters: 0 0 0

#Transform 178
Transform: AffineTransform_float_3_3
Parameters: 0.999998 -0.00133886 -0.000892908 0.0013394 0.999999 0.000686731 0.000892301 -0.00068827 0.999999 -0.148783 -0.220638 -0.508857
FixedParameters: 0 0 0

#Transform 179
Transform: AffineTransform_float_3_3
Parameters: 1 -0.00109951 -4.64711e-05 0.00109927 0.999998 0.00199869 4.42724e-05 -0.00199931 0.999998 -0.121675 -0.375887 -0.284738
FixedParameters: 0 0 0

#Transform 180
Transform: AffineTransform_float_3_3
Parameters: 0.999999 -0.000953408 0.000203623 0.000953103 0.999996 0.0027392 -0.000205958 -0.00273881 0.999996 -0.102864 -0.320508 -0.286112
FixedParameters: 0 0 0

#Transform 181
Transform: AffineTransform_float_3_3
Parameters: 0.999999 -0.000833171 -0.000422472 0.000833894 0.999999 0.000533648 0.000422544 -0.000534352 1 -0.104294 -0.322304 -0.74472
FixedParameters: 0 0 0

#Transform 182
Transform: AffineTransform_float_3_3
Parameters: 0.999999 -0.00104278 0.00015542 0.00104192 0.999997 0.00227516 -0.000157004 -0.00227484 0.999998 -0.0985561 -0.196974 -0.429562
FixedParameters: 0 0 0

#Transform 183
Transform: AffineTransform_float_3_3
Parameters: 0.999999 -0.001093 0.000554751 0.00109153 0.999995 0.00317035 -0.0005581 -0.00316966 0.999995 -0.091331 -0.378956 -0.110213
FixedParameters: 0 0 0

#Transform 184
Transform: AffineTransform_float_3_3
Parameters: 0.999999 -0.000867086 0.000363145 0.000866058 0.999998 0.00178532 -0.000365277 -0.00178468 0.999999 -0.0779511 -0.308193 -0.473628
FixedParameters: 0 0 0

#Transform 185
Transform: AffineTransform_float_3_3
Parameters: 0.999999 -0.000793564 -0.00019541 0.000793477 0.999998 0.00154684 0.00019419 -0.00154715 0.999999 -0.0853306 -0.150344 -0.779373
FixedParameters: 0 0 0

#Transform 186
Transform: AffineTransform_float_3_3
Parameters: 1 -0.00107038 5.62418e-05 0.00106986 0.999995 0.0031808 -5.9891e-05 -0.0031812 0.999995 -0.0944501 -0.393227 -0.358644
FixedParameters: 0 0 0

#Transform 187
Transform: AffineTransform_float_3_3
Parameters: 1 -0.00104414 0.000150502 0.001043 0.999996 0.00237516 -0.000153262 -0.00237484 0.999997 -0.0776349 -0.435965 -0.424591
FixedParameters: 0 0 0

#Transform 188
Transform: AffineTransform_float_3_3
Parameters: 0.999999 -0.000735471 -0.00015878 0.000736235 0.999998 0.00155688 0.00015745 -0.00155712 0.999999 -0.0634098 -0.226966 -0.740566
